1.96525516611541
2.581026441010181
3.191261397994822
2.8243227700004354
3.5837220629910007
3.235285169997951
2.982610871986253
3.7847382620093413
3.614121210994199
3.6706209820113145
3.658436528989114
3.7281873910105787
3.8919734669907484
4.263670860003913
3.739613098994596
4.239718444994651
3.8051754499902017
4.30586082598893
3.949127720989054
4.8505377680121455
4.816725451993989
4.800317732995609
4.876984227012144
5.0828479820047505
4.384567269997206
4.905760560999624
5.43310992300394
5.147090804995969
5.037930258986307
4.924105510988738
6.041283492988441
5.213512106012786
5.599500304990215
6.234702298010234
6.107489683985477
5.966811360005522
7.235428168991348
6.657845982990693
7.490641215001233
7.674765692994697
7.93845644700923
8.521386815002188
8.367427819001023
8.563789456995437
9.06363716701162
8.921205874998122
10.337571585987462
9.696952989994315
10.626038793008775
10.70276806098991
10.935418881999794
11.570438539987663
11.265644456987502
11.340555954986485
12.229038643999957
12.19373922899831
12.966914016986266
13.774239540012786
13.764547914994182
16.102062968013342
13.917642701009754
15.288605031004408
15.126050532999216
17.587675933988066
18.612671022012364
17.88574015800259
20.843468478007708
21.271659226011252
20.82883376799873
21.845651517010992
22.42601202201331
22.436348822986474
22.55319325599703
23.333607315988047
23.650955699005863
24.567437391990097
24.47483799001202
24.998203916009516
19.18322220200207
19.319432510004845
20.95240940101212
20.66506457500509
23.072779596986948
22.406769235007232
24.750819578999653
25.754401317011798
27.199311100994237
27.169199756986927
27.147581786004594
27.740383967000525
29.095855618012138
28.93355422001332
30.043405806005467
28.991527036007028
31.021580542990705
30.312854946008883
30.915206811012467
31.99583591800183
32.29631054899073
29.31919776299037