8.467074512E8
2.4078824192E9
4.1963435924E9
4.000243704E9
5.1977935644E9
5.2593171812E9
4.7948382404E9
5.416751868E9
6.4207277104E9
4.647886302E9
4.5360641848E9
5.6900931312E9
5.4772620884E9
5.3205338292E9
4.6825500828E9
4.6858969608E9
5.0874976596E9
3.9407967524E9
5.587367162E9
5.640492024E9
5.6110919644E9
5.2091480792E9
5.1652293436E9
5.0043448448E9
4.5730475016E9
5.27025193E9
4.94659949E9
6.2875364596E9
4.919298624E9
5.2052537764E9
5.4587001248E9
6.545010446E9
4.9882160752E9
3.5577747928E9
5.0818454008E9
4.9255384808E9
4.9374536712E9
4.743584868E9
4.5848384328E9
4.6077289892E9
