1.2241720536E9
6.573963492E8
4.688472656E8
1.1579669072E9
2.965099588E8
2.848063304E8
2.27052634E8
1.97092142E8
1.870543224E8
1.780943316E8
1.777930656E8
1.657840052E8
1.513936596E8
1.425248876E8
1.448016808E8
1.280762396E8
1.280820544E8
1.193904016E8
1.248622224E8
1.216684348E8
1.237273696E8
1.255559052E8
1.195157324E8
1.132659416E8
1.06110776E8
1.040840892E8
1.028533976E8
1.006722424E8
9.60783508E7
9.34038908E7
9.01477908E7
9.12486928E7
9.202552E7
8.6453026E7
8.46784172E7
8.62374804E7
8.43549108E7
8.24805116E7
8.16145656E7
7.85859432E7
