1 4160635.7784799966 4160635.7784799966 4160635.7784799966 4160635.7784799966 4160635.7784799966
16 53552746.14622608 53552746.14622608 53552746.14622608 53552746.14622608 53552746.14622608
48 89176917.41500486 89176917.41500486 89176917.41500486 89176917.41500486 89176917.41500486
1 241016.43327960884
1 4880321.318321477
1 4763287.830380482
2 9972987.376388034
2 928251.3940753924
2 1.145796270545896E7
4 1.7762543617548257E7
4 2255436.919624267
4 1.6859437058458112E7
8 2.7582085996846408E7
8 896224.1097982373
8 1976726.0866721282
16 6346349.945616904
16 1916854.2294270145
16 2437787.062053636
32 1.3451940902706834E7
32 1.239205421128786E7
32 2944435.5955398534
48 5824621.199540428
48 5891079.601128662
48 3119660.203969532
