1 642138.9639324312
1 3226667.5605572104
1 1339439.6199346443
1 1908644.7921561913
1 3274057.7558905417
2 1286371.8490782625
2 2068703.5198653438
2 1670725.4727644182
2 1601813.2898119034
2 1874922.3229140555
4 1380704.0205912401
4 1656232.0312402144
4 1455511.6305886165
4 1158522.2019328657
4 1408372.7773693327
8 1267215.328638476
8 1172983.1221512316
8 1437669.446080828
8 1447533.9670362459
8 1111737.877316464
16 1028063.8875064827
16 722264.1289598623
16 1181787.8435246383
16 1065073.874228767
16 1028346.369307557
32 893654.6146226022
32 457860.6980595047
32 766043.3255241562
32 498176.02841737436
32 807380.4319618312
48 581737.5427195278
48 1129717.5814111498
48 320621.2354876129
48 692842.2980723102
48 388641.5692595737
