1 955990.3665773754
1 964385.246130564
1 953340.234313456
1 922623.7679258143
1 973701.6961077041
1 978351.7391398957
1 990860.7644695042
1 980728.2361989853
1 795351.4796770489
1 978204.9358246446
2 889160.5537303651
2 902374.1918674246
2 894970.8444633659
2 864311.1284408992
2 792729.2067582138
2 869322.241983412
2 881644.7282544341
2 875114.531939364
2 863062.5608728045
2 887877.7956185677
4 746638.386339344
4 711802.1510029273
4 748445.1226288441
4 750105.2598413571
4 736581.0101556273
4 715056.52142266
4 732360.1226126571
4 746910.1834623906
4 705182.5496887601
4 754533.3389108039
8 563814.8279773443
8 429931.80979488627
8 449286.7712073018
8 490776.0991041918
8 431745.9164003004
8 446490.3143780567
8 381843.42768775614
8 461562.26524923363
8 471546.54479770566
8 371178.02354957076
16 393902.71960295056
16 418841.55838143337
16 399019.53040309134
16 420062.740545899
16 420701.63858876476
16 465935.94570178445
16 406254.4729911219
16 397679.8507719947
16 422236.82186891907
16 455786.83160213206
32 298503.161344781
32 301154.5815624426
32 299757.0192339745
32 325045.2851492234
32 310065.58170316694
32 299967.35467551486
32 297519.04774355196
32 374169.40222626703
32 297470.078422831
32 325335.57237132057
48 158564.42689982755
48 306761.8229054092
48 168491.49067348416
48 187642.09831110795
48 184168.5446133643
48 156452.72707963234
48 203348.01363446435
48 172938.67225917807
48 162639.60024987636
48 159437.60035238336
