1 2305350.142552722 2724250.2275724392 1886450.0575330043 4124262.933556282 550053.5821719345
2 1571025.6645856528 1909313.5026724765 1232737.826498829 4125540.736163724 452619.32500739506
4 2409525.175753145 3132583.5896755047 1686466.7618307853 6874859.362574802 262340.33120327344
8 3101422.3681293903 4266706.942374852 1936137.7938839295 9277568.591137243 442612.1397373991
16 8881927.867002474 11417724.21690008 6346131.517104869 16399229.39239363 455163.2581420152
32 20268863.592742912 25292979.974216845 15244747.21126898 33196512.3581001 570202.5777123228
48 32001307.259954356 37511360.75225137 26491253.767657336 64534536.20386321 1797659.452363461
64 26345404.789638985 34211376.605641946 18479432.973636024 51166849.439208284 996446.2442088542
70 30338645.699337482 38312556.58963803 22364734.80903693 53030962.70931882 1060109.2661519516
86 27869039.08113919 37164604.24185126 18573473.920427114 61871687.901290216 776719.3282219156
96 21999811.820819315 31710533.242870674 12289090.398767957 70634767.61107056 808550.782714351
