1 4934941.664481902 5057300.846737772 4812582.482226031 5161921.287269032 4255102.725552405
2 2621256.934188363 2780536.6126760743 2461977.255700652 3367079.8799693626 1795888.423902396
4 3612930.7279132674 3775863.8014896726 3449997.6543368623 4760263.239920429 2749858.094137116
8 6293230.064633833 6576073.925556373 6010386.203711294 7514120.918084512 4752844.137402295
16 8088107.430668152 8814736.811774934 7361478.049561371 12910477.807529083 4804005.9590177825
32 17084901.520387493 19231150.423241436 14938652.617533552 27987167.151454117 10431653.749640476
48 22116312.289020162 26001945.334517352 18230679.243522972 42130607.10275488 8529732.439890897
64 23056528.816157456 26178428.690719754 19934628.94159516 45069165.97006507 11798106.606716132
70 22277196.352234356 25507547.906435043 19046844.79803367 46190867.629719034 10085993.57810863
86 24356433.239783373 27830756.335021317 20882110.14454543 53038271.27343027 9427783.331931718
96 34169240.52461896 39471357.36765887 28867123.68157905 62875944.76227218 16272596.996604213
