1 453367.208813949
1 450114.21735316823
1 435710.41575377504
1 461383.16530316387
1 375221.1613779655
1 440545.0769145077
1 384447.9281625856
1 377952.27154835634
1 448247.4184606659
1 453350.5869131161
2 17120.756293817944
2 16220.490836597794
2 12292.220350015592
2 18574.241923395206
2 16567.371127262253
2 15803.194968253481
2 17077.061462812326
2 15981.2143031002
2 11672.815073759812
2 15943.328151301195
4 32884.60113768239
4 16712.156524659335
4 30780.91328385713
4 32864.02780531045
4 30743.545841104908
4 30003.51707268405
4 28140.25216980801
4 32097.909226694195
4 19311.154830210107
4 31620.13098286291
8 55268.21611190127
8 54945.70183213339
8 54892.26468356651
8 59468.04492861803
8 56583.60999503161
8 57408.044430467395
8 56265.88777675928
8 48495.95234912173
8 55527.04251968622
8 56893.543534021155
16 38579.11750943084
16 80692.84567018501
16 86250.4095965653
16 78430.91741999934
16 93120.58622168117
16 77921.26201870249
16 81207.65669556057
16 86554.64411146716
16 85251.03033788121
16 87572.86830290551
32 96432.58317931664
32 69213.481660623
32 106796.77528479329
32 105479.63133216383
32 103926.550738401
32 334169.759066297
32 104541.6135098779
32 104672.3705557525
32 90556.09669030795
32 102829.54263559054
48 111058.99632075861
48 112239.97864671503
48 171108.73136933608
48 115141.00175526923
48 115074.24393524826
48 264330.69804291165
48 111117.916590036
48 275130.78272627504
48 107456.9575935538
48 145762.3742593894
