1 3934808.3486389867 4802612.601245282 3067004.0960326917 4980469.156952515 3268329.455279327
2 5380369.035896626 6648537.090416485 4112200.981376767 7177529.1344934525 4756444.42777535
4 13311872.019402321 14732914.100625308 11890829.938179335 14545217.82246473 11471053.971665245
8 23020232.654858448 28054546.09302029 17985919.216696605 27633743.029817235 17465370.542847417
16 42783733.89053781 52299479.181572594 33267988.599503033 48696561.727027565 29872079.705323827
32 69709045.04736291 75708818.6060535 63709271.48867231 75065286.40071301 62218318.505690604
48 124301854.8843199 134816736.3617786 113786973.40686123 132946414.34613588 111718316.77086622
64 120632494.70726594 152841148.1402141 88423841.27431779 140004666.77436185 75405705.22748657
70 151583712.02018777 159879424.1226684 143287999.91770715 159674558.46394676 141808923.73709905
86 163651165.57778007 169254787.91703796 158047543.23852217 170182907.28891045 157452942.54694128
96 151132497.22266123 183637580.20832312 118627414.23699935 168751618.4050438 105473296.60834014
