1 838648.3159388035
2 896021.2772836564
2 899527.3802460558
2 876982.7623312026
2 905071.4319854404
2 875073.212072326
2 901668.790355507
2 894735.0813141081
2 902417.9223742834
2 867305.9373701167
2 869427.5903705556
4 921432.8537528277
4 898874.8922860486
4 924723.9627414956
4 937440.0485825813
4 934570.0701981816
4 917796.198172611
4 920012.5086289935
4 927198.5808924084
4 884602.4009941552
4 940252.0612056439
8 894769.2529254339
8 901108.6628785915
8 921327.4698904
8 799875.6873809434
8 866836.0138125385
8 797036.4769290559
8 907606.833233306
8 846236.4597057496
8 885815.5047441762
8 894593.8276309844
16 836064.443536508
16 823856.2742987557
16 856611.6094347734
16 836600.3587108009
16 835544.6294646504
16 832745.1332164428
16 780324.6277723879
16 842503.6475308592
16 816109.6241671226
16 853591.1354022571
32 647857.6630230363
32 687267.0673160867
32 699159.0643992312
32 680349.1771856021
32 727274.266741256
32 686203.0844486683
32 699619.5686339758
32 698184.4037134144
32 707437.9713452128
32 710827.7035702077
48 589900.285210979
48 551643.020436632
48 552013.3096368599
48 567739.3737918776
48 541703.1990615757
48 592566.9926940859
48 548292.7117103685
48 578641.8071477191
48 558696.4470740797
48 538084.0974864257
