1 2411110.6108235484
2 1826655.5570384879
2 2041698.8204710924
2 1678427.8197072216
2 1802240.7258544022
2 1911876.7841428271
2 2042320.3533433275
2 1978856.3128275934
2 1838150.7876500068
2 1742811.125302637
2 1101511.6254931716
4 1537560.8703515688
4 1509847.3102482792
4 1770546.9811545773
4 1497556.8470258296
4 1619782.2230266263
4 1452716.5342684926
4 1609911.766071437
4 1657119.723406139
4 1438075.9483463443
4 1514901.9879313742
8 1395553.099171641
8 1645757.8456147702
8 1640208.1232050813
8 1557601.5805493928
8 1573143.0307345449
8 1628328.7814046443
8 1810221.6549977334
8 1796426.267011097
8 1653713.8233043905
8 1664181.140551304
16 1302561.1133170098
16 1324545.344304748
16 1641313.1299831753
16 1459089.7395054419
16 1499725.6051866692
16 1240963.8676814775
16 1275988.8186146605
16 1452710.3249903582
16 1299997.0860404468
16 1410130.7153260855
32 1219217.3185096714
32 1158955.5612680684
32 1141370.6627019502
32 1108384.785171493
32 1172336.9886065023
32 1050215.8032476597
32 1027746.6674859961
32 1115950.9334027753
32 1194470.5912697099
32 1180300.344256435
48 989802.9784155447
48 663341.1709430116
48 802885.0726001691
48 650071.2621974043
48 571630.7924101662
48 670336.5494371966
48 662919.4548168986
48 1001248.0254127615
48 574175.8102144287
48 747674.3271560968
