1 3471899.444186249
1 2379973.422710676
1 1919153.5965965544
1 2279902.871482065
1 1364266.6195621158
1 2349980.6630333993
1 3017767.8069285275
1 1726300.1245133225
1 850475.192479131
1 1963553.4482884132
1 2703610.680574504
1 1126197.8419479488
1 3998734.8134476575
1 1741164.7766878912
1 1164200.3252784512
1 2976992.4843194713
1 2202897.306225049
1 1540896.308684669
1 2335450.418520092
1 1055797.510604688
1 1982629.8706260426
1 1330907.8030501218
1 1857087.478760665
1 1943080.6196579502
1 2851150.9159180704
1 1424267.7407623339
1 1564743.7942007575
1 1517165.0464156475
1 2548303.6829216336
1 2923205.63040757
2 2444801.2534858626
2 3301683.174461573
2 5589239.93204931
2 2968698.4612126634
2 3355374.1449968377
2 2967726.036998394
2 3786777.0311189303
2 2158922.769211717
2 3930130.97299043
2 3308727.2416699347
2 2572504.8756157975
2 4798479.50233795
2 3306010.290586877
2 2310348.5516573135
2 2339910.8435963797
2 2908948.6453415654
2 3049614.0322407647
2 3475384.6727274545
2 2512933.9847340113
2 3630713.877825642
2 3942335.150332486
2 3017315.701570914
2 4229220.23496928
2 2634666.0292679155
2 2921659.1919826856
2 3375768.4170357645
2 3933208.9632072556
2 2788299.5776296007
2 4125201.997148803
2 2894538.92598649
4 4851693.235843106
4 3398046.7265682444
4 2308352.0542972074
4 3050038.4932184806
4 2814052.8603764116
4 3837381.6818073476
4 2312696.843103607
4 4439738.838270283
4 3579391.5463905665
4 7357927.112233041
4 2148476.427716278
4 2696062.774506803
4 2455299.453313531
4 3385995.903293045
4 4495695.78781472
4 3309748.3563359873
4 2568992.002939722
4 7993308.943667795
4 4604594.68994784
4 8421258.32383426
4 3793945.6260745437
4 2385422.2322793016
4 2573751.0425428576
4 2397777.2557319496
4 3963438.02849812
4 2098453.7667325144
4 3941815.463456607
4 1757485.847828812
4 2536502.180035862
4 3180425.3145599933
8 2449332.7796405097
8 2415467.4558609053
8 2184265.4519142266
8 3852920.5939948247
8 2805591.647225247
8 3285169.337183888
8 2512270.6824584547
8 3455653.635257319
8 5020294.5863064155
8 4318579.464409115
8 3277499.9188343887
8 5338924.356386916
8 2412348.65823756
8 3993993.7688617795
8 3665220.6622391334
8 4506107.701810503
8 2242851.5871819747
8 6034940.861328302
8 2540882.7197015723
8 3462919.8308833065
8 4407621.456320302
8 4498488.240199198
8 2993083.2886724737
8 5093120.686442325
8 4177341.6601393158
8 1908377.6568748925
8 2306281.6295810016
8 2617447.4195949743
8 2797049.4672945314
8 2150308.9278359036
16 8852451.64308603
16 8272152.852139376
16 3746267.230946251
16 7957408.732635873
16 8798852.78529966
16 9176069.405014446
16 8930197.0639025
16 2695280.690421428
16 3682166.8600227144
16 8077967.1925625475
16 3271462.5880083386
16 8384183.09456228
16 2916657.732934963
16 4651463.052593361
16 3893909.7959099184
16 7084028.9564852705
16 8805277.339298306
16 3129722.286396364
16 1858275.7265228578
16 3831750.324131513
16 2113316.8147520022
16 5505898.439306809
16 5245789.2575778905
16 5251897.916050051
16 2.6366152380531725E7
16 6484799.29875939
16 8458582.29776108
16 4924428.866394784
16 4641508.3082584925
16 2610142.2456803164
32 1.4670933085815126E7
32 1.8520447877836928E7
32 3673734.0737089342
32 4.872425383687621E7
32 4.6007248188619405E7
32 1.0767290612891905E7
32 5441684.9085382745
32 3219020.3902089987
32 6560129.079000993
32 4458591.912132448
32 8945028.581878424
32 7898931.493150161
32 8372072.039656139
32 1.56232698487673E7
32 4988458.678609018
32 5205109.4388816655
32 7716068.353893104
32 5088253.237867251
32 8556270.628291173
32 5351315.43868577
32 1.1981754566023517E7
32 1.3262696307550749E7
32 1.3257800155933194E7
32 1.1627721756082414E7
32 1.161844667298387E7
32 3563958.8205067506
32 7381942.302247419
32 6663290.84539613
32 7408929.664044797
32 1.1185313710444018E7
48 7304641.049303519
48 7046083.692386325
48 9289413.137571301
48 7206416.371753506
48 1.5266985581947286E7
48 6246253.375784603
48 1.0718120448579533E7
48 3.5150381569388576E7
48 8157253.1965688635
48 5.498107719721651E7
48 6854838.093926032
48 1.0528562747498374E7
48 7971898.162975843
48 7.533008778999026E7
48 1.8553344146509137E7
48 1.377158567291141E7
48 3.837021829643594E7
48 9450764.464185826
48 7.428419026019943E7
48 8403975.792372925
48 1.10353233367416E7
48 7.01853613206839E7
48 6185029.206430615
48 1.2745150495525613E7
48 1.926205560700941E7
48 9581362.08879196
48 1.901375104208202E7
48 9008328.57311131
48 6.859430373674735E7
48 7111431.236468227
