1 383693.05000278057
1 423221.8282662424
1 371844.0104759881
1 459360.78232659283
1 425255.9630138024
2 1174784.2881053742
2 1209312.309416044
2 938301.093033117
2 1067080.1147987305
2 1098064.1985822076
4 1835512.9961099979
4 1974462.2941101396
4 1907141.1060922062
4 1889491.0641139012
4 1981479.7343050153
8 3820180.5625987975
8 3870246.876693033
8 3732588.1436981773
8 3616404.9982986613
8 3364375.9485765677
16 363786.42983029026
16 814304.1336780192
16 359244.9651658998
16 5595793.655356761
16 828611.9009972439
32 59142.56918326233
32 184302.35407063918
32 177766.16476326337
32 128722.63337698355
32 271284.9812589388
48 320565.06705696695
48 88069.57845513966
48 425044.10245807
48 242590.5222285531
48 4996828.379755604
