1 4725560.197477403 4833691.632112165 4617428.762842641 4849206.293908822 4644698.405162787
2 3625722.774885869 4219485.182157066 3031960.367614673 4314605.755698262 3214716.27260566
4 8540142.974971928 10997056.227077875 6083229.722865979 11398447.953915097 6657585.572862617
8 19326272.299393095 24228217.22855893 14424327.370227259 24532387.14756676 15559430.507335749
16 29579987.753302515 32015725.346222114 27144250.160382915 32126371.57652535 27279622.272036344
32 27413043.797266033 33168129.166204378 21657958.428327687 31629855.569725666 23609345.957615227
48 31259055.20800212 44168600.00297685 18349510.41302739 49238014.47017273 22258558.628096502
64 48458722.772395596 66506423.68969248 30411021.855098706 64686214.3705207 25317471.815276004
70 58382325.56793076 76040983.22998625 40723667.90587526 70484439.56830569 35591258.25636433
86 71380496.84145775 73962364.64319892 68798629.03971659 73785923.05893779 68036385.35742903
96 62114673.656014085 76913229.93976055 47316117.372267626 74814017.42984769 47835394.990489095
