1 506074.03106154443
1 501016.3411278156
1 497061.2010727066
1 496569.82025651634
1 421358.38715569954
2 957316.1109936547
2 840668.3272914728
2 936556.346089142
2 904206.0561355688
2 974463.3154404348
4 1432983.271643528
4 1446405.6211202703
4 1325053.919555684
4 1403325.0519223975
4 1435993.9136989273
8 1803215.987708292
8 1963236.2949211306
8 1994402.065287167
8 2024768.7852483005
8 1948838.2097012526
16 2971642.8996092957
16 2869257.8430411476
16 2809533.903163533
16 1867613.6771634973
16 2875840.3028386747
32 2212231.4924865887
32 2165704.987199847
32 1870123.3616251315
32 2519588.9573133322
32 2171244.9734860514
48 430437.73305134376
48 1380154.2002389117
48 342934.08060759946
48 356601.3953763655
48 500622.0514530216
