1 3677327.676704639 4183892.822414716 3170762.5309945624 4056531.536836064 3194637.1960071125
2 5566665.690755107 7471398.700336504 3661932.681173711 7885435.618885538 3997186.2929310002
4 12858356.462804858 16532196.54506987 9184516.380539846 14882463.990002647 8059271.489238302
8 21340111.919212103 24968191.13050661 17712032.707917597 25546235.894784346 18754779.874556147
16 43612938.2349621 49593324.541939326 37632551.92798487 48011171.55907813 35665884.758540794
32 91084196.64117014 94695150.39108786 87473242.89125243 94358825.64203916 87102802.14159915
48 125181865.99007037 143593202.6729337 106770529.30720705 140407462.45542133 101244438.14338647
64 146326682.3746349 157323617.77433276 135329746.97493702 157223231.91750324 133582650.02694339
70 147819918.34076628 156854180.67804474 138785656.00348783 154440637.21454284 137229826.75018153
86 155926729.72960418 176365015.52197236 135488443.937236 183371657.07306337 139121377.61957425
96 181591446.92739764 194219424.91253215 168963468.94226313 192500413.45282763 166897155.55233672
