1 3287513.55964503 3402640.905960494 3172386.213329566 3399260.837703327 3160609.6942234016
2 5336395.303919039 5962715.85908295 4710074.748755127 5944007.620709183 4758504.5707262885
4 14359206.792902846 18220659.21157562 10497754.374230072 17653061.930010784 9424444.441567577
8 24056915.72604223 29058125.208517037 19055706.243567422 27040731.945964515 17268542.385621592
16 46386753.05918901 52736549.40250279 40036956.71587522 52670922.51261325 39921831.45994622
32 56894786.06769719 84388350.02558677 29401222.109807614 87096940.31531988 26152168.422554877
48 118104212.54903135 183560777.63358122 52647647.46448148 146974876.85711107 24231037.136759296
64 61136282.059351064 89895700.93700108 32376863.181701045 101808413.52426912 46753730.87880873
70 89990901.7219618 118294434.05680767 61687369.38711593 118882369.93726596 64872351.62145562
86 71213814.99332894 117675726.80187568 24751903.1847822 135065974.9580163 41116791.2025255
96 126508241.26187961 206868617.6301259 46147864.893633306 190940827.36433822 55172771.1186594
