1 3694790.865249995 4693458.3047913285 2696123.425708662 5131338.898206594 3262135.8527510585
2 7181767.508530562 7815399.6985100005 6548135.318551123 7465696.923733065 6591670.057936438
4 13859609.007604783 17967059.760714795 9752158.254494771 17424573.73202727 9761313.484721731
8 22881639.27122686 27942054.96986732 17821223.572586402 27858112.050575368 16580221.244128723
16 47080368.72368233 52231225.11500162 41929512.33236304 52560627.389117226 41460423.02341992
32 55927219.32088628 73032039.67675056 38822398.965022 76012501.58382441 38578927.86612035
48 50257034.8971754 66763914.89860542 33750154.89574538 66946829.59931078 36228582.85737719
64 51525002.47823127 66040581.245029345 37009423.7114332 61803235.072327375 34404505.37984851
70 38661890.7302926 54979937.00451439 22343844.456070818 51394233.87826226 22230608.2354002
86 81202226.86429523 114292347.59908321 48112106.12950724 118506857.6926967 54382593.829464376
96 95467360.46103206 152672260.25561118 38262460.66645295 163438291.79957905 53176150.9199406
