1 202692.42488408278
2 246629.09132427507
4 253627.38772868746
8 439607.9230073581
16 448594.71695381607
32 373198.6852459034
48 304416.9750334555
1 329277.0590766329
1 379519.60513064964
1 356826.76458316325
1 358283.7920344685
1 293006.79661769717
1 344070.87123486685
1 361822.7251871873
1 378088.89382758946
1 370803.15499020467
1 352510.09549026226
2 405386.39155800914
2 433744.901742495
2 433841.7093580813
2 441539.95688938553
2 430236.51889611076
2 436789.92495305336
2 432880.71939632425
2 416803.8908653057
2 434321.4671253269
2 411711.4972814305
4 445262.86016261333
4 455894.85712074843
4 466040.24868703354
4 454452.8262718062
4 418651.1979420648
4 450056.5659170469
4 420794.92376974877
4 451204.4575207152
4 445888.99710489827
4 459098.7998350675
8 449934.3276695816
8 435139.40133154683
8 445315.6761537492
8 446037.7625675071
8 445724.4467557365
8 437237.89390681795
8 471071.9230384519
8 256488.64250354725
8 458019.78835078154
8 459410.83606247074
16 472132.3318406011
16 456585.6276678301
16 438944.96415007237
16 450507.79025767226
16 411461.5601991009
16 469671.7718664449
16 429471.50348746346
16 444417.1491841465
16 456442.4776438694
16 477711.6695725655
32 429513.6485711866
32 395950.62508304924
32 415417.3594317284
32 419697.44944434514
32 394733.9805847176
32 404782.8447298965
32 382002.2611726567
32 410375.55713719473
32 397977.24845262134
32 436117.37734717305
48 282159.63831014093
48 312548.37620202394
48 304819.6885372272
48 313722.05354389636
48 326513.76467097236
48 319683.97648840933
48 320263.5236307316
48 328948.4107637555
48 337383.8613957707
48 311014.645819882
