1 3.072195089649515E7
1 3.166609388630129E7
1 3.129368553175626E7
1 3.1022060834502622E7
1 3.0885925388807602E7
1 3.090189033414375E7
1 3.078841211604257E7
1 3.0824149013404276E7
1 3.0940642393657736E7
1 3.1176197954929505E7
100 4.937053055574474E7
100 1.8243849439510044E7
100 1.7819361192392644E7
100 1.7829218912248947E7
100 2.0604700304640856E7
100 1.7740342360202562E7
100 5.409342165534516E7
100 1.2074201048881037E7
100 1.213739265981586E7
100 1.4198328448216395E7
500 5.839715285585804E7
500 9.860820458485578E7
500 5.548240184932079E7
500 1.4460349617469963E8
500 6.108823021087347E7
500 5.8218033812635556E7
500 4.261901635620682E7
500 5.662512173987339E7
500 6.3069956796716176E7
500 5.891394124652184E7
1000 3.2168958863071704E8
1000 1.2050540981121807E8
1000 1.1553415712345266E8
1000 1.260226913858104E8
1000 8.585633774464428E7
1000 1.453662738576469E8
1000 9.816657044925545E7
1000 1.0776556163326626E8
1000 1.1297289493123755E8
1000 1.1539262673796406E8
