1 2767184.075092154
2 3178035.105197119
2 3093994.3351236847
2 2999915.9861035473
2 3170340.050608314
2 3013990.5770787704
2 3106997.865985859
2 2854501.472567349
2 3185578.358681937
2 2999179.662515855
2 2857435.556887887
4 3115460.0460960953
4 2947481.8732022983
4 3181195.4396937815
4 3184517.964699707
4 3168506.59913795
4 3119001.895198167
4 3167386.7038046625
4 2958067.352644043
4 3098672.66668246
4 3179382.8557905066
8 3114562.860561304
8 3114441.772981555
8 3177290.865209665
8 2496857.7471007644
8 3128255.7812145576
8 2485821.016893487
8 3094406.7216213206
8 3134596.616457218
8 3151433.2205705037
8 3116946.1617337354
16 2875439.4827779173
16 2835637.608813883
16 2827768.234650086
16 2863859.4255965613
16 2857140.958285904
16 2841613.9132155534
16 2856544.9887495325
16 2886185.07330991
16 2782828.580470222
16 2940602.0261362875
32 2148714.778446089
32 2095437.4952308433
32 2133305.928375468
32 2163579.546732147
32 2163500.464781745
32 2140863.9897101135
32 2083406.991979445
32 2150816.5809441176
32 2255355.4618905205
32 2219696.596291994
48 1447615.132126003
48 1457670.8194687553
48 1474344.9023660503
48 1453747.3831350936
48 1392005.6129237763
48 1443456.2514474667
48 1423720.1013515275
48 1421795.227071882
48 1441252.1717949957
48 1454578.7899752706
1 2454895.940404283
1 2562531.3586645173
1 2573758.205791108
1 2535076.2585308477
1 2530488.0805861764
1 2640823.687692187
1 2515920.8292542105
1 2457760.9974970785
1 2544286.3915990638
1 2618927.6930078478
2 3049538.854005468
2 2977292.2951000594
2 3119807.5978411688
2 3035690.624390461
2 3213212.1002497347
2 3035710.682389521
2 3188042.836227173
2 3137559.0480659446
2 2897088.06460108
2 3120066.4877226185
4 3016694.1010697447
4 3149157.4716863963
4 3227518.1890263828
4 3128360.5450786226
4 3187545.5350279734
4 2956163.6982931206
4 3154786.023077245
4 3193164.2351269177
4 3062850.07293602
4 3238764.8173369854
8 3125809.7770722676
8 3124542.1892967895
8 3122191.2749817986
8 2354763.3222094276
8 3132619.051187041
8 3151540.5740492614
8 3169111.4165067878
8 3089380.9206055803
8 2400760.115140352
8 3047662.735114512
16 2822665.1691814293
16 2847900.592352116
16 2895000.036381764
16 2826795.49053286
16 2890505.724985433
16 2802589.8066819254
16 2792648.08249741
16 2837184.177074911
16 2864242.976883083
16 2834058.710779934
32 2137043.2053232463
32 2139479.8799487804
32 2085784.6326484769
32 2179021.6105723297
32 1960715.4678841177
32 2180521.715673191
32 2133085.1732419566
32 2118404.6534832544
32 2133026.206216924
32 2191584.82147673
48 1445186.045625318
48 1507580.8728933695
48 1388996.2056914612
48 1352323.1389391308
48 1402408.8477790763
48 1411926.683734762
48 1415757.5091162822
48 1459303.1490464504
48 1390022.1963392152
48 1463107.6943775553
