1 14568340.559912171 15079285.014056988 14057396.105767354 15243862.124102611 14159503.633009182
2 17021515.099763095 18218905.00975391 15824125.18977228 18443047.441604465 15793251.38478087
4 38967623.1401931 41868052.01121308 36067194.269173115 41224609.35927047 35403924.42265492
8 56390454.5601146 71731850.60150377 41049058.518725425 66690102.853945404 36446292.709646404
16 73360442.92821072 88526752.75854823 58194133.09787321 91549746.34049687 62528902.62857445
32 62471991.941515245 118573575.08825547 6370408.794775017 138047964.04110867 26937929.455924712
48 63650955.54938328 115164138.87355644 12137772.22521013 116174228.20464754 25197881.232360825
64 36186730.32359209 60364878.029584676 12008582.617599502 69170826.44960098 17408435.689378574
70 24927832.00344884 29218879.445972122 20636784.56092556 29973191.76219385 21776682.43410009
86 29456391.42346207 33830190.4066122 25082592.440311942 35395244.47658491 25943743.40033492
96 36688089.75501363 53532096.46717488 19844083.04285238 60149541.69090107 25973800.61218791
