1 5754463.592975575
2 4671513.592900622
2 4977569.070117498
2 4634779.992154579
2 3944678.736991724
2 5045464.633228252
2 4783443.084386596
2 5188653.895619925
2 5242170.184935567
2 5050769.709363417
2 4470299.10485307
4 3544887.2476302786
4 3291162.815040527
4 3820464.817054837
4 3085801.296206841
4 3231188.3758996995
4 3554299.794904913
4 3284038.0659440197
4 3742334.14330187
4 3356869.4292470925
4 3121427.784225048
8 1675096.026818499
8 1719772.9828268734
8 1603730.2421755812
8 1674515.4157322312
8 1552725.4397717423
8 1633887.1374468869
8 1637840.3397572269
8 1605994.230868842
8 1640113.6406073165
8 1689171.3270975281
16 669235.725809003
16 690256.25800172
16 686304.3317169476
16 677417.5641082241
16 648546.9821136275
16 669470.2639178113
16 668700.0891502018
16 666176.4361068445
16 685051.1716712745
16 674592.1249940002
32 283084.9463524911
32 270658.55730334594
32 286787.3118150686
32 269836.81265462056
32 281783.27869482915
32 273806.1784314109
32 299352.3825145425
32 288512.8633244853
32 282260.3611926192
32 269345.00055803877
48 222096.531786643
48 219023.1284259436
48 212587.33993666203
48 229283.02693252973
48 217852.59953187846
48 203353.945299092
48 224042.10031134074
48 207638.68864121454
48 224502.08042711898
48 210033.7678102383
