1 47118.6833251991
2 86988.63258177067
4 144839.02212545296
8 297196.6889752581
16 346009.3676995321
32 350903.3568342837
48 303966.4155692807
1 80729.75354968934
1 88635.85341507717
1 79980.345781553
1 80098.05241639233
1 81478.65975063869
1 84684.1731091502
1 81206.01923352267
1 84187.219189253
1 74349.56505380885
1 80439.82186798671
2 128367.6659942077
2 126967.8741267531
2 131057.50050272176
2 124328.19178552121
2 124950.72501712677
2 134294.1123314356
2 124457.51577266578
2 130736.93555891902
2 128800.32625904636
2 122882.35138274643
4 189775.43214072715
4 207914.83195001268
4 202977.51737459135
4 193956.4144396373
4 199404.75479699465
4 195687.8883984818
4 199636.8728265024
4 198156.73033796516
4 206595.75194262713
4 192563.42269287672
8 269727.79751626926
8 252716.69032918155
8 277795.51687752525
8 238088.92771878044
8 243413.86701904956
8 232176.61157574435
8 240085.41776739463
8 269718.07635848864
8 279557.0024436257
8 261313.31345718392
16 328807.8523701564
16 323596.3519575789
16 322998.20403896936
16 324171.18504237756
16 323601.45277509704
16 331174.6338999241
16 310079.5695274943
16 334785.0616397933
16 320439.13008759764
16 325575.9686649791
32 346562.59100717405
32 340384.3023881575
32 343082.86396729766
32 334419.3641091288
32 329410.5307093767
32 333980.85390760854
32 331577.70818945713
32 339027.66134335514
32 336626.6396354711
32 331780.07556667895
48 284972.70473142836
48 287543.3832966316
48 287061.8052651282
48 292886.2776408826
48 287457.52452749305
48 291603.3052162538
48 292388.3193091807
48 294758.8592299257
48 291544.6463679283
48 289530.1787541048
