1 22682969.094848998 23106939.242269825 22258998.94742817 23152077.51175917 22369516.15192007
2 22422831.344000645 22894198.385089207 21951464.302912083 23034414.106594294 22112422.89635572
4 29623984.191996615 32151125.355152357 27096843.028840873 30783850.39870738 26039344.155825093
8 35034367.39156414 39560426.196457 30508308.586671278 40788326.94749751 30827713.907484796
16 41074961.58788863 43938957.96644702 38210965.20933024 44279842.17738492 38705840.06693575
32 39181182.80971911 41684659.201277375 36677706.41816084 42066780.861104 37061471.59007018
48 45563034.02009924 51439064.07938634 39687003.96081214 53586566.02037456 40951673.79119526
64 49422578.2277913 58186844.03196646 40658312.42361614 60397289.987603955 41495989.993794076
70 57074344.27398324 63123038.963842735 51025649.584123746 65124382.92486862 53108081.24258521
86 57977751.85187389 63767102.55037691 52188401.15337087 60798404.81521419 49871550.36965207
96 67140302.1603947 72694515.0306783 61586089.2901111 72655112.57087784 62284780.37360605
