1 5393654.075160433
2 4876562.747865669
2 4579135.70539649
2 4944108.311772508
2 5061804.009446393
2 4707488.759404432
2 4323564.582963841
2 4695540.085348277
2 4752345.656061137
2 4742811.524762897
2 3831641.733350381
4 3176393.9171455703
4 3255602.968814972
4 3457539.743313536
4 3068804.476003803
4 3158305.8014030783
4 3340045.733329877
4 3324371.9206956257
4 3233664.8267819947
4 3254820.4685868337
4 3143773.6579036657
8 1762796.8728593313
8 1852755.6510412672
8 1886188.6292531674
8 1903046.5037843848
8 1829772.8818899863
8 1912429.312730185
8 1799343.5063604724
8 1893625.4464073153
8 1814022.4874602463
8 1848993.6156069313
16 709953.618387987
16 751386.8887263375
16 745331.0762413543
16 734595.3436188381
16 733591.3615440911
16 720819.1502514171
16 712642.6236063787
16 737495.0263716908
16 650336.3298494266
16 720299.5737526603
32 278058.2146263534
32 278639.23995339527
32 268085.7642407971
32 271133.3348352462
32 288118.22260900924
32 247606.3917953351
32 235786.02010383602
32 263277.3134861581
32 275568.4324641511
32 262550.609690339
48 216275.60575689608
48 159429.17896274687
48 182445.46614500848
48 161312.18076752246
48 148671.08767114067
48 154338.13815193702
48 153711.92127058323
48 212068.02046233942
48 149612.771818008
48 171299.84281420722
1 4982237.027673097
1 4828815.209802912
1 5091089.023027581
1 5389329.6705912
1 5556719.566544478
1 4950958.662468826
1 5105423.769745121
1 5105431.138171599
1 5167401.622186043
1 5368633.9617260145
2 3384296.3933797064
2 5408377.749841863
2 5137062.460238133
2 4785530.927142776
2 5052366.401182674
2 4338461.173650186
2 5447911.9032699345
2 4322112.046446841
2 4611678.1167141115
2 4162808.4699189193
4 3661107.545065083
4 3455445.220036142
4 3167742.7295272006
4 3209082.707899187
4 3408989.583286317
4 2868310.025829049
4 3524436.298988564
4 3289680.4864179576
4 3169302.144854344
4 3336579.1853058445
8 1926809.7776954735
8 1879255.8958052862
8 1880469.2121511668
8 1796850.3760231964
8 1854971.967647496
8 1816595.9744860416
8 1934920.3998317432
8 1986277.63553466
8 1770503.1178859952
8 1833648.5923854783
16 707892.8497195495
16 765817.267407439
16 720117.0167632006
16 721972.7614683768
16 667734.4061737449
16 715625.4508647837
16 636456.1930544656
16 710035.2994300534
16 690106.0006940991
16 730456.576438565
32 224254.70517171294
32 265143.3544699262
32 258828.7228361872
32 291426.01465904684
32 246183.57430754902
32 210879.10266324255
32 260294.50052895703
32 272262.5244574988
32 264214.66851227946
32 266380.6070741045
48 155476.27188263895
48 165924.787788281
48 191097.80517631015
48 164677.10911492072
48 211698.375668625
48 151579.13193177394
48 145114.2764858626
48 196331.51305162467
48 152076.40275040382
48 189301.01343156619
