1 12086410.564532604 nan nan 12086410.564532604 12086410.564532604
2 15130926.586441297 nan nan 15130926.586441297 15130926.586441297
4 33914586.84758234 nan nan 33914586.84758234 33914586.84758234
8 60779382.46115057 nan nan 60779382.46115057 60779382.46115057
16 91543320.5991751 nan nan 91543320.5991751 91543320.5991751
32 113489259.92212649 nan nan 113489259.92212649 113489259.92212649
48 117640830.06477201 nan nan 117640830.06477201 117640830.06477201
64 148816518.201397 nan nan 148816518.201397 148816518.201397
70 149887865.4905019 nan nan 149887865.4905019 149887865.4905019
86 172570347.05295715 nan nan 172570347.05295715 172570347.05295715
96 179860067.6990768 nan nan 179860067.6990768 179860067.6990768
