1 1364857.9685904353 1364857.9685904353 1364857.9685904353 1364857.9685904353 1364857.9685904353
16 16119988.465361688 16119988.465361688 16119988.465361688 16119988.465361688 16119988.465361688
48 34749897.33016565 34749897.33016565 34749897.33016565 34749897.33016565 34749897.33016565
1 1183379.5985972278
1 1027637.3586076795
1 1374758.4749781922
2 1331567.4031537436
2 1502594.0942948458
2 1567337.100774643
4 1458224.7077887803
4 1445790.1322510536
4 1631030.35241688
8 1771684.2410121772
8 1420905.2969077856
8 1833868.5736449524
16 3630078.307103424
16 4084976.874643633
16 4150923.0514085707
32 7092526.851160672
32 6570458.864657206
32 5679604.510081712
48 5955378.157343408
48 6113465.551429603
48 6958260.140839661
