1 9.752380256770445E7
1 1.0106832147143042E8
1 1.0140931895620276E8
1 1.0156602649332833E8
1 1.0172405910054454E8
1 9.799915843988207E7
1 1.0144624493722695E8
1 1.0173546063977088E8
1 1.0123768320739107E8
1 9.73342491805498E7
100 4.777576148127943E9
100 6.491527067943653E8
100 4.552283670857178E9
100 8.584148293340846E8
100 4.901210865168392E9
100 4.699148808799406E9
100 4.7839050177299385E9
100 5.15132578792689E8
100 4.657899617274102E9
100 4.6107631731842494E8
500 1.3720744835046225E10
500 1.7612382880391223E9
500 1.4856859287587261E10
500 1.669601691402225E10
500 1.8391948391921709E9
500 1.7728336096160495E8
500 1.812369973854665E10
500 1.999068849993304E10
500 1.4135485260987606E9
500 9.9918160276474E9
1000 4.005396738681342E10
1000 7.52980445813495E8
1000 8.877780772907599E8
1000 4.5323254093136246E10
1000 5.789192424460676E9
1000 5.205070700899022E9
1000 9.353721816935377E9
1000 3.7784487839323395E10
1000 5.683933186657291E9
1000 8.897977218587654E9
