1 20969488.110591006 22219896.605996538 19719079.615185473 22126943.852834366 19529893.27208658
2 34562098.16482967 39702036.755122304 29422159.574537035 40388446.199715205 29065306.117980063
4 85055400.91546552 90102051.44011655 80008750.39081448 88024139.19058777 77916827.84727414
8 148485672.56290698 204298579.92244977 92672765.2033642 170990185.7231285 68183015.45212689
16 308133715.34994406 325347647.37095183 290919783.3289363 323182405.0200178 290177775.1552614
32 538254598.7714376 587127651.2183633 489381546.324512 580877898.4676214 473578837.88346124
48 601694698.3862144 800460153.6791384 402929243.09329027 753070858.5089914 347502676.67627466
64 856370247.0250442 889549898.0360091 823190596.0140793 893259398.473341 823279299.8973107
70 851633212.6207192 914356463.768269 788909961.4731694 904165693.0455877 793000946.5664433
86 954234836.741669 1008431714.1409904 900037959.3423477 993201983.3971827 879960297.1996984
96 1016058777.4878073 1045413299.5108949 986704255.4647197 1050689646.2629949 994676433.3371208
