1 6.054137900678088E7
1 6.2698296300518915E7
1 6.1672916862080745E7
1 6.1136554396953076E7
1 6.069734541139861E7
1 6.081838853546129E7
1 6.069511310909573E7
1 6.074361576130297E7
1 6.0805292564673215E7
1 6.126526169366471E7
100 9.871602997954944E7
100 3.648257619053047E7
100 3.563432383105019E7
100 3.56545110986625E7
100 4.120246800298794E7
100 3.547568864289742E7
100 1.0816084886014795E8
100 2.4144520350845054E7
100 2.4270785056079816E7
100 2.8393498973060228E7
500 1.1674786252530047E8
500 1.9716494069682074E8
500 1.1094536780959633E8
500 2.889793777436788E8
500 1.2213191901667966E8
500 1.163905831531058E8
500 8.522308655066758E7
500 1.1322420728608766E8
500 1.2608465490299508E8
500 1.1778596260034563E8
1000 6.428056840784953E8
1000 2.4092832439420065E8
1000 2.310167324836649E8
1000 2.5194403208130416E8
1000 1.7169581369719926E8
1000 2.90625394943077E8
1000 1.9628875378920007E8
1000 2.1546408218950942E8
1000 2.25893558495255E8
1000 2.3071000539934736E8
