1 21206462.84693048 21593448.48230457 20819477.211556394 21602906.713822898 20769966.231972285
2 25232106.73935149 27033452.597380593 23430760.881322384 27559998.236119706 23942475.799425364
4 61705840.06019725 67600930.20184423 55810749.91855027 67482892.50941257 57517395.02494212
8 119602888.06074145 133060984.91742969 106144791.20405322 131695222.407476 107305314.42592494
16 219596916.22837073 227900946.69752306 211292885.7592184 228696111.32810658 210791936.40637058
32 198611152.2718245 247176764.74618137 150045539.79746765 230973398.95670938 171681346.71417242
48 303283451.2724899 332198945.58781 274367956.95716983 328181046.331315 274594401.44239634
64 326276206.60946816 415334265.98805654 237218147.23087975 419498071.0492882 219645129.18849677
70 408080647.06319207 466417153.31395566 349744140.8124285 451423026.22268295 329199449.6984524
86 422506503.5291627 447567513.8901502 397445493.1681752 444527711.31701136 396176090.7680679
96 425618757.1915209 500570874.04589903 350666640.3371428 494448396.41912866 342631860.56640524
