1 103737.00971739189
1 102107.79556821154
1 104336.94619466182
1 105097.96423277486
1 102290.66225888574
1 102088.46910213912
1 106199.14858551044
1 104227.93132909376
1 104020.20961934085
1 96318.38288964794
2 102447.13495967133
2 101931.40559308315
2 90657.14495669781
2 105343.09269400372
2 101374.26505747107
2 100940.6094685305
2 104940.52100164774
2 99148.4679378248
2 90630.2943694656
2 97947.60203927597
4 166500.34868531968
4 132148.2500092932
4 165606.03020452874
4 168056.0362559472
4 165447.4920183827
4 165516.90511462634
4 161729.7058280838
4 166292.1248755605
4 141286.3281736019
4 164878.38294793782
8 238078.97361535393
8 250527.23752310238
8 243882.66048359644
8 243439.92586494517
8 236490.64498090697
8 239239.43276767587
8 229240.66370171713
8 237979.32054005572
8 241737.91388150366
8 244939.4876258098
16 255459.09768050222
16 312689.0018823915
16 309971.912432099
16 301863.2157744022
16 302732.5442395839
16 309555.6827451021
16 314899.5190164406
16 306333.3434927628
16 294522.1202787076
16 313925.2408635783
32 339786.87696527416
32 319784.4447546406
32 337223.9621802092
32 344238.739091466
32 335157.38011717406
32 367436.3844261769
32 329857.2269492006
32 329545.7075302462
32 340937.625886925
32 338762.4610611288
48 319086.4798559332
48 313451.42015907116
48 324216.18456939724
48 320999.8728509486
48 307334.9013515061
48 328589.91168145754
48 314369.28829124285
48 327880.6967381151
48 297415.08708095294
48 318587.9116098134
