1 23482317.001156647 23919797.966531064 23044836.03578223 23878318.22795524 23150549.530923627
2 20859637.63727507 22882276.544563085 18836998.729987055 22551508.206733525 19813109.140305974
4 28244815.920608312 31933624.0741942 24556007.767022423 31924237.605058983 23754946.392464794
8 35461605.37240825 38971663.6975952 31951547.0472213 38794103.23565585 32701979.370814953
16 42418446.79615082 44461503.887500666 40375389.70480097 44065928.542403325 39818964.10699232
32 43749840.88941107 52804245.443620384 34695436.335201755 55791094.480167136 37387702.30336884
48 37607421.68780149 42125828.23543348 33089015.140169494 41365181.461546965 33340202.758554883
64 48908961.44839082 55743485.952092424 42074436.944689214 55308086.91852878 40232537.7903228
70 56159068.51444836 66956050.45825696 45362086.57063976 66817547.88206198 46742702.19040632
86 69568473.47890697 79684482.4820295 59452464.47578446 79426115.22498575 61288041.43963392
96 64934114.30651748 76670585.57597047 53197643.03706449 75579422.54178512 57464784.665650934
