1 2667276.142791295
1 2711658.3348529628
1 2696590.817804035
1 2471204.631269799
1 2801875.5639258083
1 2744454.490209728
1 2737414.2118747346
1 2703936.27242392
1 2714369.9986265474
1 2760019.9647053634
2 3268208.7985596913
2 3268450.67232141
2 3346293.035794881
2 2893994.8665872784
2 2930808.6396490717
2 3298220.0258342307
2 3046685.919490474
2 3155356.7303119455
2 3163859.8748275316
2 3287331.875175513
4 3240557.40641392
4 3261228.9986670227
4 3321373.940909008
4 3131395.3768322445
4 3206142.849818458
4 2988867.325205544
4 3289276.153700488
4 2946770.722823283
4 3094120.1797827687
4 3140346.1272315527
8 1935969.3761271005
8 1804604.7697793955
8 1935778.6695317214
8 1970924.8067545795
8 1812314.006792437
8 1858261.3315358018
8 1574841.2597274755
8 1837847.7208291008
8 1897143.1490798988
8 1554358.6668227592
16 1447398.5151035672
16 1466038.1771041781
16 1361421.8585195865
16 1371997.9197002393
16 1505039.0971193379
16 1508566.8851480328
16 1493474.4994041207
16 1395887.5506071327
16 1465189.8566619135
16 1484267.0631290064
32 868035.7173004465
32 820301.1718916672
32 806127.2236123832
32 897128.1135933113
32 859748.4574083899
32 824491.0501300609
32 835645.4083791766
32 1226491.248579313
32 815014.0861575777
32 917565.3471639242
48 468309.8701585749
48 825306.9284450676
48 419691.3684903623
48 510071.8434560862
48 443224.1989710014
48 407822.5568346004
48 480030.6972096757
48 436439.8614220799
48 425603.01768143027
48 394180.2204027587
