1 3850.5433224453122
1 3781.2560318797396
1 3781.058129874217
1 3796.792911204245
1 3800.8656233884594
1 3797.2645952096873
1 3843.662320551876
1 3730.3016860542384
1 3735.6369155299944
1 3874.950197796586
2 140875.0486008505
2 137753.20117751864
2 137477.22887941374
2 136650.54233368541
2 136495.9097606052
2 138414.92485318234
2 141569.059743104
2 132806.1542977297
2 135138.74771364997
2 135979.37227452864
4 315572.4154555698
4 316327.74579503445
4 310980.40945562493
4 315625.2112198086
4 316967.3021606905
4 316321.0511511239
4 316910.30363285757
4 311839.2410071747
4 314837.4164990078
4 314799.67920578236
8 388686.60501780524
8 393945.3607967021
8 390173.32481285266
8 392827.1441664477
8 385295.17868833954
8 397415.4229181702
8 387408.6783833911
8 395311.8561804462
8 395749.37173185643
8 389778.4532275834
16 258187.88291921734
16 270210.05007419654
16 270678.4687133081
16 271032.57271041855
16 266659.5841769695
16 259037.08041024333
16 261205.38545205712
16 265821.92796695075
16 254044.5510068411
16 267177.3709622883
32 138212.41927328528
32 134975.90047841216
32 138969.95696275806
32 130327.66254122356
32 138831.11460931777
32 135072.29669738203
32 133717.18389984017
32 137656.1072646589
32 131530.05856412416
32 136076.22724421872
48 80726.1859295477
48 76673.3427401173
48 79039.1529659968
48 77679.88179877878
48 81158.02176635539
48 77815.63288278849
48 78694.35092111201
48 82445.24431975228
48 75323.77104820794
48 76852.13876810594
