1 4163.372136019403
1 4076.7001934950313
1 4081.2659066341303
1 4088.591115583514
1 4026.8803766943724
1 4089.3248981928823
1 4079.852037222519
1 4179.7550679677615
1 4177.52985700259
1 4131.3870588004265
2 138413.69579400943
2 138717.59996148874
2 137770.71788189822
2 135511.62278261504
2 137929.42572268774
2 138165.65572497188
2 138334.2833355589
2 133938.95497647318
2 135785.00749821067
2 137477.84055433288
4 321822.8013794641
4 314763.7057190543
4 318019.099902924
4 315454.08975155227
4 322866.6102024134
4 323719.51058751356
4 317985.8525847171
4 316441.2241511681
4 325418.0545937488
4 318563.13803727203
8 416667.50425159343
8 425930.2702880883
8 428123.6761734484
8 422200.8481730444
8 420173.1249118973
8 420857.0501619593
8 422780.5103518862
8 423125.74523744377
8 424892.75147770013
8 424086.5747046301
16 253435.56306937366
16 282498.26783514605
16 276352.3660008992
16 274327.12224231276
16 285609.49394676666
16 257048.64746497493
16 267621.8460093482
16 287097.2045232674
16 279281.71501260786
16 283603.5297367042
32 141870.86817745896
32 148234.0773148648
32 141368.54495340184
32 150213.8198408527
32 146509.46988080602
32 139252.2133914785
32 134331.5119254036
32 139792.16826911495
32 137874.84419539137
32 144206.53306524322
48 78222.29313642088
48 73376.05460073274
48 80477.5513282874
48 83825.03929753449
48 79742.27347436771
48 78609.97746428178
48 78651.88348757217
48 82410.45442198945
48 80410.43461159825
48 77936.69655248264
