1 12751619.406312937 13049509.152643496 12453729.659982378 12990794.933416553 12417893.526732907
2 12466153.435690325 13036289.750633635 11896017.120747015 13037890.795146571 11842126.109311558
4 19422310.87318881 20771621.3141053 18073000.43227232 20593395.564787235 18063454.943372693
8 29509667.456541188 33241728.76471678 25777606.148365594 34578550.66712061 26695346.537163574
16 35591358.62734878 37277616.424212776 33905100.830484785 37155775.187906615 34080976.54986315
32 42712556.46394827 48828260.24996437 36596852.67793217 49913034.51024401 36983938.219220854
48 38247711.65750487 48334543.01340478 28160880.301604964 49376413.02676035 26616838.07817856
64 40811450.30769575 51260192.15394829 30362708.4614432 46844296.87802126 26194734.0511632
70 42761683.53443225 52340960.677177764 33182406.39168673 51569769.96849701 34610942.65784799
86 56820718.834341004 64150973.39148497 49490464.27719704 65826049.36181974 51237429.944723636
96 58752635.43920455 68315598.99000807 49189671.88840104 66266967.25242665 47922853.77944126
