1 26350.56
2 2933.97
2 15845.23
2 8539.53
2 10235.38
2 15132.96
2 23977.5
2 12238.91
2 24440.41
2 5198.59
2 19931.99
4 12381.62
4 18335.47
4 95219.5
4 9220.555
4 48239.67
4 40521.656
4 16852.38
4 12634.71
4 9533.31
4 97785.51
8 14415.744
8 10655.162
8 33639.53
8 11109.843
8 20493.21
8 22255.758
8 25931.365
8 13564.347
8 22879.262
8 19068.29
16 33899.35
16 24661.436
16 55698.66
16 41001.65
16 26514.492
16 15769.514
16 29963.068
16 11626.714
16 27005.285
16 19146.814
32 2102.6565
32 1444.305
32 3518.171
32 898.51624
32 457.47345
32 8149.8574
32 2046.7194
32 3612.38
32 1989.6322
32 2277.7546
48 445.2975
48 6439.127
48 4449.5273
48 2947.879
48 3053.2297
48 6376.8145
48 6485.873
48 730.1802
48 3783.1536
48 4543.7456
