1 32247.9 32736.99473006401 31758.805269935994 33030.0 30671.0
2 35760.5 36969.097850781865 34551.902149218135 38926.0 33790.0
4 36767.3 37854.35145477745 35680.24854522256 39531.0 34306.0
8 35124.5 37868.19349322156 32380.806506778445 38301.0 25290.0
16 36513.4 39914.83965569197 33111.960344308034 44463.0 26265.0
32 38427.9 42428.3663145676 34427.43368543241 42913.0 24666.0
48 38556.1 44950.03410623767 32162.16589376233 45287.0 21213.0
64 40779.5 45550.66897597949 36008.33102402051 47322.0 25191.0
70 37067.4 42264.31202225702 31870.48797774298 47694.0 20155.0
86 39183.0 42748.951610711134 35617.048389288866 45463.0 27628.0
96 33812.7 41022.534378969256 26602.865621030734 40778.0 13708.0
