1 100.31491
1 98.75144
1 98.83359
1 99.05423
1 97.169464
1 99.16411
1 98.85593
1 100.58373
1 100.52545
1 99.35692
2 100.2818
2 102.717606
2 102.58915
2 101.14036
2 99.73016
2 102.45468
2 103.00541
2 103.298195
2 102.122055
2 101.70852
4 90.46491
4 89.81258
4 87.942184
4 89.78989
4 88.46181
4 88.90476
4 88.1701
4 89.47153
4 88.857544
4 86.48548
8 85.13732
8 86.120834
8 85.45815
8 86.59891
8 85.283875
8 86.24281
8 85.817314
8 86.350426
8 85.74445
8 85.03991
16 50.26742
16 50.294724
16 50.11266
16 50.221992
16 50.06169
16 50.291668
16 50.17275
16 50.134235
16 50.19617
16 50.172134
32 25.32813
32 25.321522
32 25.337746
32 25.326727
32 25.358097
32 25.336693
32 25.39584
32 25.31366
32 25.346561
32 25.342007
48 16.963482
48 16.99955
48 16.97761
48 16.990252
48 16.986553
48 16.982355
48 16.986246
48 16.968395
48 16.989784
48 16.975649
