1 28974.6 30101.623535424897 27847.5764645751 29713.0 27633.0
2 33337.6 35062.277908548924 31612.922091451073 34769.0 31097.0
4 36753.4 37482.129099167614 36024.67090083239 37455.0 35976.0
8 35935.0 39291.97588370473 32578.024116295273 38526.0 31350.0
16 37889.0 39717.58306088185 36060.41693911815 39317.0 35801.0
32 35104.2 39557.89181135443 30650.508188645563 38496.0 30992.0
48 39563.6 40985.68629302639 38141.51370697361 41261.0 38303.0
64 35864.4 42154.49834234339 29574.301657656615 39092.0 26944.0
70 33535.0 42369.57969863768 24700.42030136232 38878.0 25515.0
86 35462.0 42201.94690428578 28722.05309571422 38764.0 25848.0
96 36988.6 40695.16904391397 33282.030956086026 38820.0 31703.0
