1 10.099716
1 10.09972
1 10.099718
1 10.099739
1 10.099742
1 10.099746
1 10.099747
1 10.099682
1 10.099698
1 10.099746
2 10.11615
2 10.115923
2 10.115485
2 10.115645
2 10.115054
2 10.114291
2 10.116581
2 10.116791
2 10.116053
2 10.114544
4 10.131874
4 10.13141
4 10.133952
4 10.134355
4 10.130337
4 10.134198
4 10.135113
4 10.138446
4 10.132656
4 10.134767
8 10.088144
8 10.090467
8 10.08074
8 10.078031
8 10.087506
8 10.081638
8 10.087326
8 10.086006
8 10.081387
8 10.082765
16 10.037542
16 10.06436
16 10.06483
16 10.082189
16 10.061671
16 10.056257
16 10.056776
16 10.045592
16 10.062934
16 10.074415
32 10.036783
32 10.052644
32 10.049946
32 10.038896
32 10.029445
32 10.049707
32 10.057889
32 10.053569
32 10.032505
32 10.03297
48 10.087845
48 10.050441
48 10.052921
48 10.062985
48 10.083523
48 10.10432
48 10.110435
48 10.073279
48 10.090332
48 10.079821
