1 1.13
2 2.02
2 1.99
2 1.58
2 2.05
2 1.79
2 1.85
2 1.83
2 1.88
2 1.75
2 1.93
4 3.17
4 2.83
4 2.85
4 2.46
4 2.98
4 3.22
4 3.08
4 2.45
4 2.99
4 2.9
8 4.13
8 4.4
8 4.84
8 5.19
8 5.19
8 5.47
8 5.18
8 5.46
8 4.48
8 4.86
16 8.6
16 9.5
16 9.26
16 9.41
16 10.42
16 9.58
16 8.73
16 8.98
16 10.02
16 10.05
32 22.61
32 22.92
32 23.74
32 23.47
32 23.01
32 23.75
32 23.04
32 22.76
32 23.28
32 24.05
48 25.49
48 25.43
48 25.06
48 24.37
48 24.6
48 25.36
48 25.37
48 25.41
48 24.56
48 24.0
1 1.03
1 1.08
1 1.03
1 0.98
1 1.03
1 1.04
1 1.16
1 1.03
1 1.08
1 1.0
2 1.73
2 2.06
2 2.07
2 1.78
2 1.87
2 1.79
2 2.0
2 1.68
2 1.98
2 1.78
4 2.98
4 2.99
4 2.95
4 2.84
4 3.24
4 3.0
4 2.81
4 2.93
4 2.83
4 3.1
8 4.9
8 5.66
8 5.2
8 4.93
8 5.13
8 5.14
8 4.91
8 5.08
8 5.58
8 4.83
16 9.32
16 9.05
16 8.84
16 9.16
16 9.2
16 9.84
16 9.14
16 9.65
16 9.62
16 9.24
32 24.34
32 23.09
32 22.93
32 22.98
32 23.39
32 22.51
32 24.36
32 22.81
32 23.06
32 23.49
48 24.73
48 24.4
48 25.93
48 25.5
48 25.94
48 24.11
48 25.52
48 25.3
48 24.37
48 25.42
