1 1145586.4
1 1142236.5
1 1197763.5
1 1142236.5
1 1201830.1
1 1142236.5
1 1218775.2
1 1207202.4
1 1165569.8
1 1197957.9
2 294224.12
2 294588.75
2 257332.14
2 292812.38
2 308946.75
2 256018.69
2 266525.7
2 268426.88
2 278715.03
2 298327.88
4 115399.25
4 113125.45
4 141999.56
4 125508.69
4 152818.52
4 135913.98
4 146909.64
4 130016.94
4 127254.65
4 144899.3
8 57329.84
8 67621.98
8 51725.504
8 70787.7
8 79958.96
8 86158.42
8 72373.68
8 60120.28
8 68310.586
8 63120.83
16 22226.088
16 42463.203
16 38756.66
16 31764.38
16 15963.246
16 15079.787
16 39547.684
16 36736.297
16 22348.082
16 40356.047
32 1394.116
32 2423.7341
32 4633.6675
32 1378.7147
32 6570.2285
32 2330.919
32 1801.7935
32 1869.7476
32 9278.201
32 4494.842
48 5164.9917
48 3125.552
48 4812.5107
48 2907.2087
48 3773.7517
48 2255.3918
48 8023.265
48 1292.3046
48 5479.457
48 2881.9905
