1 0.0717
1 0.0705
1 0.0716
1 0.0698
1 0.0719
1 0.0603
1 0.0681
1 0.0701
1 0.0653
1 0.0747
2 0.0087
2 0.0101
2 0.0102
2 0.0099
2 0.0095
2 0.0084
2 0.0083
2 0.0084
2 0.0083
2 0.0094
4 9.0E-4
4 0.0011
4 0.0014
4 0.001
4 0.0011
4 9.0E-4
4 8.0E-4
4 9.0E-4
4 0.0014
4 6.0E-4
8 0.0057
8 0.0015
8 0.0038
8 0.0029
8 0.0037
8 0.0014
8 0.0015
8 0.0012
8 0.0015
8 0.0018
16 0.0026
16 0.0048
16 0.0052
16 0.0064
16 0.0043
16 0.0041
16 0.0031
16 0.0104
16 0.0032
16 0.0049
32 0.0094
32 0.0091
32 0.0124
32 0.0077
32 0.0127
32 0.0156
32 0.011
32 0.0128
32 0.0087
32 0.021
48 0.0178
48 0.0282
48 0.0183
48 0.0214
48 0.0278
48 0.0204
48 0.0151
48 0.0195
48 0.0232
48 0.0268
1 0.0689
1 0.0668
1 0.0709
1 0.0626
1 0.066
1 0.0702
1 0.068
1 0.0685
1 0.0703
1 0.0653
2 0.0095
2 0.0094
2 0.018
2 0.0079
2 0.0099
2 0.0081
2 0.0099
2 0.0097
2 0.01
2 0.0097
4 0.0011
4 0.0024
4 0.0012
4 0.0013
4 9.0E-4
4 7.0E-4
4 0.0011
4 0.0018
4 4.0E-4
4 0.001
8 0.0011
8 0.0048
8 0.0025
8 0.0017
8 8.0E-4
8 0.0026
8 0.0015
8 0.0017
8 0.0014
8 0.0019
16 0.0033
16 0.0028
16 0.0047
16 0.0041
16 0.0055
16 0.0076
16 0.004
16 0.0068
16 0.004
16 0.0057
32 0.0136
32 0.0143
32 0.0154
32 0.0082
32 0.0131
32 0.0099
32 0.0126
32 0.0078
32 0.0096
32 0.0119
48 0.0148
48 0.0137
48 0.0153
48 0.0181
48 0.014
48 0.0275
48 0.018
48 0.0228
48 0.021
48 0.0178
