1 10.0999775
2 10.115575
4 10.132311
8 10.070698
16 10.03558
32 10.060917
48 10.119646
1 10.099639
1 10.099637
1 10.099654
1 10.099641
1 10.09965
1 10.09965
1 10.099652
1 10.099653
1 10.099667
1 10.099636
2 10.115016
2 10.114986
2 10.114883
2 10.114954
2 10.114941
2 10.11457
2 10.114818
2 10.114691
2 10.114863
2 10.115069
4 10.130583
4 10.130412
4 10.130555
4 10.130523
4 10.130661
4 10.130654
4 10.130719
4 10.130882
4 10.130354
4 10.131274
8 10.074918
8 10.075008
8 10.075027
8 10.075402
8 10.075062
8 10.074255
8 10.074767
8 10.076116
8 10.075502
8 10.074798
16 10.029633
16 10.059444
16 10.048791
16 10.053133
16 10.050951
16 10.052229
16 10.041503
16 10.032632
16 10.070156
16 10.04573
32 10.017594
32 10.069396
32 10.077774
32 10.057436
32 10.043596
32 10.043948
32 10.053396
32 10.063656
32 10.076945
32 10.026973
48 10.11306
48 10.122437
48 10.110276
48 10.059885
48 10.067648
48 10.073205
48 10.11024
48 10.103313
48 10.047967
48 10.130648
