1 14.47
1 14.24
1 15.39
1 14.3
1 12.97
1 15.17
1 16.23
1 14.14
1 13.97
1 14.41
2 21.42
2 22.08
2 20.77
2 21.53
2 21.48
2 21.9
2 23.7
2 19.67
2 19.58
2 23.46
4 19.8
4 19.51
4 21.15
4 20.78
4 20.24
4 18.72
4 19.82
4 19.73
4 18.31
4 20.67
8 16.31
8 16.2
8 17.87
8 18.5
8 16.22
8 17.11
8 17.79
8 18.09
8 16.77
8 17.78
16 11.41
16 14.09
16 11.92
16 11.43
16 12.88
16 15.17
16 14.23
16 14.41
16 11.76
16 11.8
32 13.93
32 11.86
32 9.82
32 14.54
32 9.25
32 12.57
32 13.5
32 13.81
32 11.28
32 9.23
48 12.46
48 11.26
48 11.13
48 12.76
48 9.91
48 9.99
48 11.38
48 13.34
48 12.93
48 11.58
