1 32404.39
1 31906.547
1 31565.934
1 32401.783
1 32199.004
1 31972.17
1 32401.605
1 33721.906
1 33002.086
1 34114.85
2 16982.2
2 16996.814
2 17065.273
2 16969.133
2 17180.354
2 17267.703
2 16921.156
2 17015.744
2 16802.19
2 16656.828
4 5794.5576
4 5600.1064
4 5616.5425
4 5798.516
4 5906.1733
4 5977.45
4 5879.145
4 6182.112
4 6036.156
4 5924.158
8 2056.7195
8 2024.3772
8 2091.8064
8 1944.6147
8 2180.8027
8 1964.9558
8 2125.8462
8 2010.8036
8 2229.3538
8 2069.6504
16 803.08655
16 806.27856
16 744.2886
16 849.5098
16 856.6612
16 838.7279
16 987.115
16 701.2252
16 755.8779
16 1027.3055
32 585.0516
32 522.58514
32 556.123
32 504.79266
32 508.47437
32 502.07034
32 546.3389
32 436.5937
32 537.45233
32 487.9079
48 450.49966
48 396.38248
48 393.5432
48 475.4708
48 387.28812
48 476.73083
48 435.0613
48 500.09302
48 383.35132
48 421.7932
