1 26.1078
2 18.5132
2 24.8852
2 31.1448
2 25.5007
2 29.0837
2 29.5198
2 35.164
2 25.0335
2 28.7694
2 31.1731
4 27.2759
4 37.6184
4 41.86745
4 46.5091
4 48.7006
4 48.4414
4 40.9668
4 43.07925
4 45.1893
4 42.8281
8 85.393
8 81.9327
8 73.6965
8 59.494076
8 66.479576
8 52.7947
8 78.7445
8 73.62892
8 75.46908
8 79.75245
16 101.327934
16 123.09244
16 111.59624
16 135.2862
16 134.61661
16 138.16446
16 116.7846
16 113.243164
16 107.4862
16 116.26429
32 176.91805
32 177.87093
32 168.85907
32 179.37366
32 189.4945
32 179.3689
32 201.90445
32 167.95139
32 146.05775
32 168.91216
48 212.9624
48 216.76172
48 196.95497
48 215.70302
48 241.78912
48 237.65454
48 240.80193
48 207.1439
48 205.69049
48 224.65395
