1 25.6229
2 26.35535
2 27.1524
2 26.42345
2 23.9118
2 29.2009
2 33.97815
2 34.0144
2 30.16775
2 37.96555
2 32.11795
4 41.7407
4 33.75315
4 51.134724
4 32.1056
4 44.3288
4 48.820625
4 44.230076
4 46.369476
4 45.164474
4 43.44175
8 61.198914
8 53.00186
8 47.889862
8 52.7422
8 57.224113
8 37.142662
8 55.471375
8 54.482574
8 53.95386
8 57.812714
16 50.172363
16 66.604614
16 52.002945
16 61.41734
16 65.17495
16 59.069942
16 52.990105
16 56.122818
16 62.888924
16 65.9255
32 56.41093
32 64.50089
32 60.4676
32 64.24949
32 56.70807
32 45.513153
32 55.024242
32 59.418674
32 64.39916
32 48.379486
48 73.297134
48 63.027683
48 66.78957
48 66.91945
48 76.2092
48 54.043682
48 70.33016
48 77.349495
48 75.4695
48 59.189926
1 22.0828
1 22.8913
1 22.5108
1 22.732
1 23.282
1 22.3277
1 22.0672
1 22.4088
1 24.1401
1 22.3737
2 29.08815
2 23.21765
2 27.76885
2 37.3884
2 32.32315
2 24.12765
2 29.02815
2 36.75325
2 44.89365
2 28.5919
4 45.80835
4 41.98645
4 43.6209
4 41.314625
4 53.73095
4 52.105576
4 37.148926
4 44.692623
4 51.2076
4 37.770275
8 49.037426
8 63.532036
8 59.3905
8 58.467323
8 52.931114
8 53.15211
8 43.264137
8 55.757286
8 62.037273
8 48.316864
16 59.516956
16 66.64631
16 56.921764
16 69.886765
16 56.577312
16 58.389145
16 54.042633
16 58.347736
16 55.674458
16 61.865788
32 45.31712
32 65.05109
32 55.348114
32 56.358276
32 60.123913
32 74.07303
32 60.146458
32 192.37978
32 49.66456
32 68.90689
48 68.79101
48 209.5631
48 83.26183
48 74.10005
48 76.611565
48 58.80977
48 71.4899
48 80.718605
48 69.73095
48 50.080112
