1 10.099997
2 10.115431
4 10.132294
8 10.074095
16 10.043262
32 10.046112
48 10.125024
1 10.099656
1 10.099601
1 10.099666
1 10.09967
1 10.09967
1 10.099659
1 10.099659
1 10.09967
1 10.099657
1 10.099618
2 10.114863
2 10.114652
2 10.115001
2 10.11491
2 10.114903
2 10.114858
2 10.115168
2 10.114726
2 10.115018
2 10.114718
4 10.130927
4 10.130628
4 10.130584
4 10.130574
4 10.130747
4 10.130824
4 10.130798
4 10.130643
4 10.130439
4 10.130508
8 10.075365
8 10.075214
8 10.075134
8 10.075713
8 10.074987
8 10.076102
8 10.075198
8 10.074855
8 10.076377
8 10.074913
16 10.044292
16 10.038763
16 10.038875
16 10.055709
16 10.047711
16 10.052932
16 10.045343
16 10.043769
16 10.050375
16 10.043459
32 10.046703
32 10.06226
32 10.0304
32 10.074039
32 10.047164
32 10.015564
32 10.046295
32 10.07873
32 10.027162
32 10.061877
48 10.124496
48 10.114809
48 10.135962
48 10.127426
48 10.126855
48 10.116995
48 10.13202
48 10.114559
48 10.137192
48 10.120369
