1 31522.5 31696.555889056017 31348.444110943983 31955.0 31057.0
2 33641.4 34442.20009965063 32840.59990034937 35000.0 31266.0
4 35756.7 36904.49069680601 34608.909303193985 38157.0 32854.0
8 33723.5 36196.35837983199 31250.641620168008 37477.0 24591.0
16 35742.0 37122.5301822149 34361.4698177851 39320.0 33365.0
32 35929.9 42034.151864668114 29825.64813533189 48420.0 21177.0
48 29433.8 37844.61958867413 21022.98041132587 40938.0 11050.0
64 29845.6 36228.520493278425 23462.679506721568 36923.0 10520.0
70 37537.3 41821.8402648572 33252.759735142805 45975.0 28276.0
86 30031.7 38473.761429204766 21589.638570795236 44752.0 12051.0
96 38135.7 42426.774468161966 33844.62553183803 46407.0 30199.0
