1 1.0223
1 1.0234
1 1.0381
1 1.0218
1 1.0193
1 1.0167
1 1.0213
1 1.0448
1 1.0366
1 1.0616
2 0.6401
2 0.6036
2 0.6131
2 0.6072
2 0.6457
2 0.6059
2 0.7254
2 0.6763
2 0.6954
2 0.9224
4 2.1812
4 1.9204
4 1.8487
4 2.0975
4 1.9797
4 1.7588
4 1.8813
4 1.8164
4 1.7158
4 1.8378
8 5.0052
8 4.446
8 4.6493
8 4.2631
8 5.2674
8 5.0296
8 5.0539
8 4.7879
8 4.889
8 5.0024
16 6.7554
16 7.2784
16 6.2645
16 6.4362
16 6.1554
16 6.7467
16 6.5337
16 5.9615
16 6.1912
16 6.8719
32 9.189
32 9.655
32 9.6826
32 8.8115
32 9.7063
32 9.9475
32 8.6303
32 8.8974
32 8.8849
32 8.7934
48 13.1121
48 14.1
48 13.3493
48 14.3687
48 14.3559
48 14.5325
48 14.3795
48 12.0142
48 14.2162
48 14.5503
