1 2.748986
2 1.601227
4 0.7874588
8 0.74932927
16 0.42544645
32 0.26061875
48 0.25565946
1 3.238274
1 3.49792
1 3.189132
1 3.180474
1 3.221974
1 3.236144
1 3.236144
1 3.221974
1 3.237742
1 3.45857
2 1.686365
2 1.803504
2 1.831365
2 1.724805
2 1.830878
2 1.886317
2 1.830503
2 1.695943
2 1.857076
2 1.729249
4 1.0119615
4 0.9073525
4 0.866926
4 0.9793055
4 0.9932025
4 0.9147775
4 0.9110395
4 0.901469
4 0.9543985
4 0.9248685
8 0.4845885
8 0.5136958
8 0.49787974
8 0.49291274
8 0.49404776
8 0.54687375
8 0.49475476
8 0.463187
8 0.4982535
8 0.492449
16 0.29098874
16 0.275799
16 0.26862437
16 0.27956012
16 0.2768416
16 0.27316988
16 0.29864988
16 0.24612
16 0.28064588
16 0.28275162
32 0.15366669
32 0.15935543
32 0.15990438
32 0.16984306
32 0.16810381
32 0.15366213
32 0.15253362
32 0.1658682
32 0.15296282
32 0.17217538
48 0.17269625
48 0.17400716
48 0.16598405
48 0.16642642
48 0.17281358
48 0.168864
48 0.16688435
48 0.17305692
48 0.17285712
48 0.16891879
