1 93.14507
1 91.89325
1 92.0048
1 92.00987
1 92.0482
1 91.895256
1 92.99548
1 91.08282
1 91.43316
1 93.7237
2 94.63956
2 96.342735
2 97.32877
2 96.43834
2 96.170616
2 98.23521
2 95.18863
2 95.82499
2 97.78218
2 97.15347
4 82.780556
4 82.90003
4 81.8253
4 84.32516
4 85.71753
4 82.76878
4 85.12074
4 84.19464
4 81.502655
4 84.2156
8 80.561516
8 79.527054
8 79.97931
8 80.52412
8 79.23191
8 81.70046
8 79.35943
8 80.33696
8 79.7532
8 79.13882
16 49.070816
16 48.93649
16 48.930367
16 48.96197
16 49.034016
16 49.053364
16 49.012676
16 48.98273
16 49.08626
16 48.97048
32 24.84794
32 24.92562
32 24.795172
32 24.81456
32 24.80735
32 24.793404
32 24.918001
32 24.789637
32 24.80204
32 24.805141
48 16.636904
48 16.664747
48 16.66956
48 16.665213
48 16.653904
48 16.624876
48 16.632515
48 16.628662
48 16.628166
48 16.642284
