1 31583.8 32241.824167424198 30925.7758325758 32219.0 31028.0
2 33780.6 34669.04881162507 32892.151188374926 34631.0 33073.0
4 35458.4 35903.35216049296 35013.44783950704 35843.0 35089.0
8 34836.6 39504.25730049159 30168.942699508407 38159.0 30360.0
16 38043.0 40308.83250827199 35777.16749172801 40841.0 35734.0
32 35837.4 39138.06237032254 32536.73762967746 37582.0 31274.0
48 34138.2 40098.83996047778 28177.560039522214 41257.0 29337.0
64 33272.8 40329.262006325116 26216.33799367489 38017.0 25772.0
70 35374.2 40807.46127216574 29940.93872783425 38495.0 28069.0
86 33020.2 40956.496261679225 25083.903738320765 38317.0 25271.0
96 35502.6 40438.28175462449 30566.918245375502 37614.0 28409.0
