1 30827.2 31219.496464866785 30434.903535133217 31366.0 30552.0
2 37055.4 39108.26577271214 35002.53422728786 38948.0 34810.0
4 37178.8 41215.77785889293 33141.82214110708 40856.0 33204.0
8 36146.0 44581.205464042345 27710.794535957655 46432.0 27326.0
16 45161.8 49961.51971240831 40362.08028759169 48964.0 40185.0
32 42515.6 57804.126764846056 27227.07323515394 53317.0 22810.0
48 34450.8 50823.280897312165 18078.31910268784 50346.0 21983.0
64 46284.4 62786.10997214802 29782.690027851982 53676.0 22941.0
70 46058.6 62035.25559681204 30081.944403187954 52537.0 23087.0
86 42595.8 57083.252099413 28108.347900587007 51850.0 23141.0
96 49754.4 53615.255181485736 45893.54481851427 51881.0 44330.0
