1 29649.4 30231.371373109174 29067.42862689083 30146.0 28973.0
2 35039.75 36171.165517080626 33908.334482919374 35632.0 34100.0
4 35770.8 38967.26729019134 32574.332709808667 37443.0 31316.0
8 38230.4 39511.91563189601 36948.884368103994 39807.0 36923.0
16 37310.6 37998.250180659124 36622.94981934087 38207.0 36762.0
32 35774.0 38422.551094900075 33125.448905099925 38225.0 32771.0
48 34477.6 38962.07762330745 29993.122376692547 39622.0 30983.0
64 35827.8 39654.725113590706 32000.874886409303 39196.0 33156.0
70 38267.6 40947.93825911397 35587.261740886024 40353.0 35018.0
86 36101.0 42767.15351715769 29434.84648284231 39411.0 26600.0
96 35303.2 39165.76368761598 31440.636312384013 37636.0 30092.0
