1 0.028
2 0.0091
4 9.0E-4
8 0.0022
16 0.0033
32 0.0146
48 0.0197
1 0.4091
1 0.414
1 0.4121
1 0.4217
1 0.4073
1 0.4193
1 0.4118
1 0.4074
1 0.3784
1 0.3854
2 0.26
2 0.2768
2 0.2627
2 0.2873
2 0.267
2 0.2677
2 0.2848
2 0.2242
2 0.2665
2 0.247
4 0.1457
4 0.1472
4 0.1487
4 0.1349
4 0.1505
4 0.1231
4 0.1192
4 0.1313
4 0.1645
4 0.1552
8 0.0516
8 0.0472
8 0.0427
8 0.0444
8 0.0478
8 0.0426
8 0.0475
8 0.0451
8 0.0418
8 0.0429
16 0.0179
16 0.0266
16 0.0207
16 0.0244
16 0.0226
16 0.0161
16 0.0194
16 0.0193
16 0.0159
16 0.0218
32 0.0342
32 0.0385
32 0.0646
32 0.0558
32 0.045
32 0.0389
32 0.048
32 0.088
32 0.0303
32 0.0337
48 0.1013
48 0.0746
48 0.0456
48 0.0387
48 0.065
48 0.0944
48 0.1467
48 0.1136
48 0.1045
48 0.11
1 0.3708
1 0.3809
1 0.3817
2 0.2819
2 0.2719
2 0.271
4 0.1303
4 0.1492
4 0.1589
8 0.0495
8 0.0442
8 0.0458
16 0.0174
16 0.0497
16 0.0188
32 0.1011
32 0.032
32 0.0305
48 0.139
48 0.0748
48 0.0396
