1 2.02
1 1.52
1 1.97
1 2.92
1 0.77
1 1.65
1 2.76
1 1.0
1 2.39
1 1.91
2 2.54
1 1.59
1 1.41
1 2.32
1 2.39
1 1.72
1 3.77
1 1.35
1 5.77
1 2.63
1 3.82
2 3.33
1 1.98
1 0.41
1 0.93
1 1.16
1 2.44
1 1.43
1 1.64
1 3.09
1 2.26
1 1.71
1 3.01
1 1.18
1 2.05
1 1.45
2 6.03
2 3.87
2 2.12
2 6.89
2 8.19
2 3.86
2 5.27
2 3.39
2 9.03
2 3.46
4 5.36
4 5.18
4 7.84
4 4.96
4 5.05
4 6.12
4 5.13
4 5.75
4 5.57
4 4.38
8 7.26
8 5.98
8 2.77
8 6.56
8 6.45
8 4.83
8 5.53
8 5.56
8 6.1
8 4.44
16 6.01
16 5.25
16 5.47
16 6.1
16 4.91
16 5.53
16 5.78
16 5.78
16 5.3
16 6.57
32 4.86
32 4.06
32 3.39
32 4.58
32 3.72
32 5.22
32 4.69
32 5.43
32 5.04
32 2.58
48 4.25
48 2.64
48 4.16
48 3.51
48 4.49
48 3.22
48 3.97
48 3.54
48 3.29
48 2.99
1 2.7
1 2.05
1 1.22
1 1.98
1 1.44
2 4.96
2 7.21
2 6.22
2 4.08
2 4.77
4 6.05
4 5.91
4 6.72
4 6.71
4 6.09
8 4.79
8 6.13
8 5.61
8 8.07
8 6.3
16 4.76
16 5.26
16 6.35
16 4.91
16 6.99
32 5.35
32 4.99
32 4.63
32 4.41
32 3.53
48 5.09
48 2.52
48 3.49
48 4.41
48 3.52
