1 10050.94
1 9034.56
1 1684.42
1 12956.32
1 6681.1
1 6682.08
1 14508.76
1 8999.28
1 6004.4
1 6682.08
2 11703.28
2 7040.17
2 12184.98
2 15612.07
2 12737.12
2 11062.5
2 10109.21
2 9285.3
2 13968.49
2 10573.39
4 13408.62
4 10990.59
4 9293.96
4 9906.99
4 8193.29
4 8506.175
4 13100.97
4 15824.23
4 9510.9
4 7108.19
8 13616.803
8 20701.58
8 16842.395
8 18720.016
8 10651.107
8 11870.048
8 15792.447
8 15659.15
8 19256.918
8 18391.988
16 47280.395
16 43096.49
16 12846.683
16 23651.018
16 38947.957
16 30482.34
16 22520.85
16 25329.955
16 101930.06
16 20281.336
32 15467.44
32 4755.602
32 13740.013
32 10992.603
32 227.98938
32 4228.279
32 247.4375
32 1004.78784
32 339.58813
32 1056.8097
48 234.65125
48 1141.2329
48 594.2823
48 1265.8246
48 961.3113
48 1257.844
48 1759.1813
48 3952.8093
48 53.125835
48 344.005
1 6882.9
1 14417.26
1 7888.26
1 10644.54
1 7283.72
1 1595.94
1 11626.64
1 8303.08
1 2908.74
1 7311.88
2 6392.9
2 10912.57
2 9030.13
2 7978.87
2 11064.95
2 17488.76
2 13763.44
2 2498.76
2 10433.47
2 17727.67
4 7567.56
4 9441.78
4 11887.435
4 11136.545
4 8344.51
4 5798.43
4 7274.3
4 8078.52
4 6971.565
4 7656.49
8 18775.512
8 15406.387
8 23555.08
8 18933.924
8 18223.523
8 18093.385
8 15805.85
8 24043.727
8 7898.78
8 16070.015
16 23749.662
16 32503.81
16 15860.199
16 53387.695
16 36259.07
16 50403.4
16 44231.22
16 39040.594
16 36000.01
16 3123.07
32 5492.302
32 1376.4371
32 536.59125
32 2170.652
32 87.6875
32 9739.308
32 3393.9263
32 452.6825
32 27.53375
32 694.9978
48 540.89166
48 1567.2689
48 1381.8075
48 1695.9336
48 911.5025
48 1412.8253
48 872.75024
48 0.76125
48 5910.65
48 3110.6365
