1 33609.67
1 33621.957
1 34402.324
1 33505.113
1 33547.6
1 34025.656
1 34015.973
1 34052.26
1 34279.812
1 33976.246
2 16934.605
2 17347.154
2 17974.986
2 17058.084
2 16960.027
2 16918.42
2 16676.143
2 16724.438
2 17056.885
2 17267.934
4 7497.332
4 7610.9688
4 8126.253
4 8290.183
4 8063.22
4 7858.2705
4 8089.55
4 8304.852
4 7814.7617
4 8249.563
8 2675.1584
8 2529.7695
8 2495.3254
8 2610.8142
8 2615.7812
8 2718.6174
8 2603.9065
8 2481.1177
8 2595.7896
8 2650.2795
16 1140.6052
16 996.9145
16 1157.334
16 856.9099
16 1088.2438
16 1120.1108
16 1241.5769
16 1187.6478
16 1327.2612
16 1292.298
32 572.0607
32 686.10077
32 832.7801
32 781.93335
32 726.8862
32 878.9347
32 658.50256
32 828.7297
32 697.70764
32 579.5104
48 583.38983
48 574.83685
48 503.4233
48 628.7412
48 656.9319
48 762.0035
48 581.36163
48 685.8542
48 673.4276
48 526.0191
