1 10.099683
1 10.099712
1 10.099704
1 10.099703
1 10.099691
1 10.099709
1 10.099705
1 10.099681
1 10.09968
1 10.09967
2 10.11463
2 10.115199
2 10.116338
2 10.115948
2 10.113917
2 10.113993
2 10.115592
2 10.113925
2 10.113849
2 10.11621
4 10.134092
4 10.134059
4 10.134661
4 10.13541
4 10.13262
4 10.13986
4 10.131956
4 10.135193
4 10.129556
4 10.131859
8 10.074674
8 10.077117
8 10.078771
8 10.072753
8 10.079128
8 10.072664
8 10.073197
8 10.083793
8 10.086586
8 10.070591
16 10.063052
16 10.053363
16 10.068084
16 10.050827
16 10.048505
16 10.057258
16 10.037503
16 10.05913
16 10.065198
16 10.069998
32 10.037854
32 10.033577
32 10.030234
32 10.020691
32 10.019815
32 10.055627
32 10.054247
32 10.055573
32 10.069251
32 10.037962
48 10.092312
48 10.090976
48 10.099185
48 10.088937
48 10.095955
48 10.087578
48 10.092602
48 10.106291
48 10.086634
48 10.088615
