1 0.0292
2 0.0089
4 7.0E-4
8 7.0E-4
16 0.0039
32 0.0106
48 0.0206
1 0.4306
1 0.4148
1 0.428
1 0.4214
1 0.4173
1 0.4128
1 0.4323
1 0.4117
1 0.3787
1 0.3734
2 0.2736
2 0.2871
2 0.2793
2 0.2938
2 0.2508
2 0.2846
2 0.292
2 0.2475
2 0.2713
2 0.2795
4 0.1475
4 0.1315
4 0.1479
4 0.1298
4 0.1445
4 0.1487
4 0.1271
4 0.1424
4 0.1384
4 0.134
8 0.0502
8 0.0473
8 0.0523
8 0.0537
8 0.0508
8 0.0494
8 0.0538
8 0.0477
8 0.0491
8 0.0428
16 0.0163
16 0.0169
16 0.0169
16 0.0284
16 0.0207
16 0.0207
16 0.0139
16 0.0202
16 0.0188
16 0.015
32 0.1206
32 0.0288
32 0.0282
32 0.029
32 0.0772
32 0.0253
32 0.0216
32 0.0443
32 0.0732
32 0.0369
48 0.0508
48 0.052
48 0.0539
48 0.0463
48 0.0741
48 0.0728
48 0.0389
48 0.0871
48 0.1168
48 0.0414
