1 0.0
32 0.0
96 0.0
1 0.0
32 0.0
96 0.0
1 0.0
32 0.0
96 0.0
1 0.0
32 0.0
96 0.0
1 0.0
32 0.0
96 0.0
1 0.0
32 0.0
96 0.0
1 0.0
32 0.0
96 0.0
1 0.0
32 0.0
96 0.0
1 0.0
32 0.0
96 0.0
1 0.0
32 0.0
96 0.0
1 0.0
32 0.0
1 0.0
32 0.0
96 0.0
1 0.0
32 0.0
96 0.0
1 0.0
32 0.0
1 0.0
32 0.0
96 0.0
1 0.0
32 0.0
96 0.0
1 0.0
32 0.0
1 0.0
1 0.0
1 0.0
1 0.0
1 0.0
32 0.0
32 0.0
32 0.0
32 0.0
32 0.0
1 0.0
1 0.0
1 0.0
1 0.0
1 0.0
32 0.0
32 0.0
32 0.0
32 0.0
32 0.0
96 0.0
96 0.0
96 0.0
96 0.0
96 0.0
1 0.0
1 0.0
1 0.0
1 0.0
1 0.0
32 0.0
32 0.0
32 0.0
96 0.0
1 0.0
1 0.0
1 0.0
1 0.0
1 0.0
32 0.0
32 0.0
32 0.0
32 0.0
32 0.0
96 0.0
96 0.0
96 0.0
96 0.0
96 0.0
