1 31985.0 32374.95564393699 31595.04435606301 32296.0 31482.0
2 32758.2 33808.63614768166 31707.76385231834 33944.0 31880.0
4 33775.4 34880.00846702096 32670.791532979045 35279.0 32934.0
8 33454.8 37845.66462217104 29063.93537782897 36020.0 27276.0
16 36882.0 39939.793545306595 33824.206454693405 39491.0 33196.0
32 39158.2 39964.060692740044 38352.33930725995 39883.0 38256.0
48 38254.0 41970.62630542828 34537.37369457172 41472.0 33976.0
64 39591.8 42588.696878596915 36594.90312140309 43117.0 36435.0
70 37744.4 42429.77435465711 33059.025645342896 41995.0 33642.0
86 37588.0 39006.18005800557 36169.81994199443 38696.0 35676.0
96 40961.4 42438.25417995487 39484.54582004513 42383.0 39795.0
