1 16.43
1 14.41
1 14.06
1 14.41
1 13.06
1 14.41
1 14.94
1 14.01
1 14.81
1 14.53
2 21.09
2 21.83
2 21.08
2 20.15
2 20.45
2 22.2
2 19.55
2 23.26
2 22.06
2 22.96
4 18.14
4 18.97
4 20.64
4 19.89
4 21.52
4 19.38
4 18.77
4 22.67
4 17.54
4 20.72
8 16.8
8 19.2
8 18.05
8 18.76
8 17.64
8 16.84
8 17.66
8 18.77
8 16.36
8 16.19
16 11.85
16 12.05
16 14.06
16 13.56
16 12.26
16 12.17
16 13.26
16 12.4
16 11.93
16 11.96
32 11.65
32 11.18
32 11.09
32 9.11
32 10.61
32 9.76
32 9.99
32 10.93
32 11.59
32 8.79
48 8.4
48 10.09
48 8.84
48 10.27
48 10.58
48 10.77
48 11.86
48 9.95
48 8.39
48 10.56
