1 50954.85
2 21470.926
2 26946.945
2 17721.285
2 11414.59
2 3392.675
2 7973.495
2 10564.73
2 6782.54
2 13799.355
2 18933.91
4 36804.93
4 33143.28
4 16280.442
4 30157.363
4 13209.86
4 28809.465
4 14103.57
4 11716.928
4 30674.248
4 24004.322
8 24026.15
8 9046.341
8 36494.47
8 18214.342
8 25107.94
8 21457.475
8 22241.67
8 36649.344
8 32870.496
8 19879.082
16 36816.75
16 51510.37
16 33491.695
16 35295.703
16 65723.09
16 43578.94
16 25300.447
16 42907.176
16 25021.766
16 40944.03
32 401.75626
32 717.91876
32 856.34216
32 6249.011
32 578.9153
32 3718.6296
32 1496.2944
32 815.4925
32 586.47626
32 681.21686
48 4708.533
48 3409.6768
48 4945.96
48 5199.5015
48 3274.6414
48 8578.95
48 401.98044
48 7645.0054
48 404.6992
48 4756.0117
1 35398.72
1 23029.61
1 33713.05
1 29340.98
1 27826.79
1 19788.0
1 33916.1
1 18538.58
1 21325.43
1 22206.16
2 12083.235
2 19150.8
2 13518.76
2 9824.64
2 23517.16
2 4190.5
2 25700.96
2 11119.8
2 13790.055
2 8249.715
4 20222.893
4 5981.9526
4 48058.29
4 15857.588
4 20023.16
4 19044.596
4 30661.49
4 30750.467
4 11291.173
4 19912.055
8 26006.07
8 21382.457
8 21099.72
8 8364.432
8 35143.086
8 28383.502
8 23854.602
8 11621.742
8 25537.68
8 35886.86
16 25035.586
16 47275.31
16 32265.002
16 45074.44
16 25583.61
16 41299.13
16 25168.404
16 17894.238
16 43977.63
16 16912.068
32 1191.1438
32 184.23969
32 995.91315
32 67.02469
32 5360.6245
32 8515.137
32 2692.9294
32 2175.1152
32 72.29625
32 355.9328
48 784.0119
48 3519.076
48 2088.7522
48 2969.0808
48 7597.737
48 2637.6199
48 7837.357
48 3890.376
48 2168.9023
48 924.5552
