1 10.092161
1 10.092049
1 10.091811
1 10.092101
1 10.091941
1 10.092079
1 10.092173
1 10.092149
1 10.092121
1 10.092126
2 9.822906
2 9.831135
2 9.826747
2 9.819304
2 9.823732
2 9.823147
2 9.824015
2 9.826386
2 9.819208
2 9.82427
4 9.468961
4 9.489531
4 9.485092
4 9.478742
4 9.47039
4 9.470224
4 9.464136
4 9.471652
4 9.483824
4 9.483547
8 8.999386
8 8.993173
8 8.971433
8 8.989254
8 8.989845
8 8.970043
8 8.975577
8 8.963011
8 8.992119
8 8.986399
16 8.486757
16 8.495011
16 8.451944
16 8.482251
16 8.47634
16 8.47007
16 8.480405
16 8.488671
16 8.479737
16 8.483304
32 8.264892
32 8.249528
32 8.292577
32 8.228616
32 8.245399
32 8.234166
32 8.216874
32 8.251922
32 8.248887
32 8.289449
48 8.337277
48 8.341163
48 8.309412
48 8.30995
48 8.323972
48 8.32921
48 8.328128
48 8.328637
48 8.336589
48 8.337075
1 10.092133
1 10.091928
1 10.092281
1 10.092298
1 10.092189
1 10.092138
1 10.092378
1 10.091933
1 10.092136
1 10.092246
2 9.821328
2 9.822004
2 9.823957
2 9.820377
2 9.825742
2 9.8212
2 9.822423
2 9.820758
2 9.82557
2 9.827476
4 9.471936
4 9.468726
4 9.47231
4 9.477657
4 9.469613
4 9.470142
4 9.473892
4 9.475138
4 9.468727
4 9.472038
8 8.997482
8 8.973404
8 8.98858
8 8.974473
8 9.000505
8 8.979201
8 8.998579
8 8.988235
8 9.003184
8 8.973398
16 8.485738
16 8.469007
16 8.485263
16 8.491895
16 8.472583
16 8.503645
16 8.494596
16 8.512684
16 8.491081
16 8.512961
32 8.264498
32 8.283742
32 8.290633
32 8.275998
32 8.263465
32 8.272785
32 8.257476
32 8.235889
32 8.260476
32 8.231322
48 8.316486
48 8.317307
48 8.332499
48 8.33392
48 8.333774
48 8.36985
48 8.291054
48 8.336081
48 8.314938
48 8.333657
