1 30449.75 31242.57883201592 29656.92116798408 30837.0 29787.0
2 31847.4 33536.04696888776 30158.75303111225 33185.0 30189.0
4 31605.8 32474.880716284857 30736.71928371514 32773.0 31069.0
8 31540.6 31832.671731980583 31248.528268019414 31682.0 31131.0
16 32002.4 35483.764090913195 28521.035909086808 36531.0 29147.0
32 26104.8 31771.327370849263 20438.272629150735 30195.0 19411.0
48 34491.2 36516.73504699496 32465.664953005038 36385.0 33181.0
64 30960.2 32907.3550983312 29013.044901668804 32357.0 28600.0
70 26951.4 28250.45430848893 25652.345691511073 28083.0 25469.0
86 30170.8 31255.89051613375 29085.70948386625 31445.0 29152.0
96 28452.2 29880.262697800543 27024.13730219946 29278.0 26444.0
