1 1228329.5
1 1230931.2
1 1145934.4
1 1171487.2
1 1189252.8
1 1200862.8
1 1143110.8
1 1168630.8
1 1192646.6
1 1142236.6
2 270193.47
2 280241.0
2 318398.8
2 261177.8
2 262199.88
2 289139.3
2 272295.97
2 262398.62
2 291662.44
2 244871.38
4 197392.56
4 142885.2
4 122805.1
4 127269.43
4 190822.1
4 138123.55
4 119130.14
4 138992.52
4 170102.64
4 149380.89
8 66997.8
8 82569.47
8 70127.78
8 70887.94
8 70553.91
8 74981.09
8 66091.555
8 68666.24
8 57078.996
8 72858.82
16 39829.04
16 23293.252
16 37171.67
16 29526.71
16 22385.39
16 15692.27
16 18443.838
16 20206.46
16 34197.387
16 25630.494
32 60212.895
32 12894.836
32 4450.7856
32 2464.0657
32 5146.89
32 7231.319
32 5375.8
32 6607.54
32 3658.517
32 5125.8765
48 9789.553
48 8163.33
48 8356.31
48 6412.28
48 5181.0312
48 5932.7134
48 3516.911
48 5242.429
48 2431.952
48 7722.656
