1 2.9084475
2 1.6523561
4 0.8779819
8 0.63610727
16 0.42579287
32 0.25607935
48 0.26525545
1 3.357666
1 3.322677
1 3.316006
1 3.460126
1 3.285202
1 3.285202
1 3.28096
1 3.280693
1 3.262328
1 3.322677
2 1.782409
2 1.7746085
2 2.089232
2 1.951221
2 1.8508795
2 1.7129345
2 1.7447245
2 1.7227745
2 1.7984796
2 1.7888355
4 0.97695124
4 1.0382413
4 0.97471076
4 1.0187682
4 0.9543067
4 0.88826823
4 0.90502125
4 0.96975476
4 1.0299205
4 0.95279425
8 0.5461339
8 0.4780835
8 0.48619837
8 0.5205367
8 0.5286608
8 0.500785
8 0.553667
8 0.51659924
8 0.53448814
8 0.5122957
16 0.27635476
16 0.26604545
16 0.26227012
16 0.28006226
16 0.32508418
16 0.28233474
16 0.2753165
16 0.27831393
16 0.3029125
16 0.30162343
32 0.15493353
32 0.16752382
32 0.15620613
32 0.16861893
32 0.16246735
32 0.16877997
32 0.159672
32 0.16404422
32 0.16892669
32 0.15463613
48 0.16289696
48 0.1726467
48 0.17460586
48 0.1683479
48 0.17196101
48 0.17031904
48 0.17693634
48 0.17252445
48 0.18527178
48 0.17824405
