1 1.05
2 2.05
2 1.98
2 1.85
2 1.93
2 1.92
2 1.98
2 1.9
2 1.76
2 1.93
2 1.94
4 3.13
4 3.18
4 3.07
4 2.9
4 3.04
4 2.99
4 2.69
4 3.31
4 3.42
4 3.22
8 4.85
8 4.83
8 4.99
8 5.2
8 5.34
8 5.0
8 5.11
8 5.09
8 4.29
8 5.06
16 10.63
16 9.38
16 9.76
16 9.6
16 9.09
16 9.93
16 9.0
16 10.06
16 9.45
16 9.64
32 23.5
32 24.43
32 22.26
32 22.3
32 22.62
32 24.45
32 24.34
32 22.85
32 22.52
32 23.45
48 24.8
48 25.0
48 24.93
48 24.57
48 25.74
48 24.35
48 25.94
48 24.45
48 26.31
48 25.01
1 1.15
1 1.2
1 0.97
1 0.98
1 1.15
1 1.06
1 0.98
1 1.06
1 1.04
1 1.13
2 1.89
2 2.16
2 2.01
2 1.84
2 1.85
2 2.39
2 1.87
2 1.76
2 1.78
2 1.98
4 3.07
4 3.15
4 3.15
4 3.03
4 2.81
4 2.97
4 3.22
4 2.85
4 2.95
4 2.99
8 5.18
8 4.92
8 4.94
8 5.12
8 4.78
8 5.0
8 5.15
8 5.68
8 5.51
8 5.57
16 9.45
16 9.31
16 10.01
16 10.23
16 10.32
16 10.25
16 10.18
16 9.84
16 9.44
16 9.53
32 23.2
32 23.38
32 22.42
32 23.45
32 23.18
32 23.42
32 23.4
32 22.56
32 24.16
32 22.75
48 25.42
48 25.23
48 24.61
48 25.26
48 24.45
48 25.4
48 24.78
48 23.94
48 26.17
48 25.41
