1 63.694
1 63.8694
1 63.7542
1 63.9636
1 63.6986
1 65.0392
1 64.0132
1 63.8614
1 63.8742
1 63.5552
2 61.5764
2 58.0347
2 56.8446
2 60.5757
2 56.6265
2 62.491
2 63.5935
2 64.7748
2 64.1013
2 56.724
4 100.2111
4 106.3619
4 100.67925
4 99.92525
4 98.14425
4 102.2184
4 102.7136
4 108.4202
4 97.88475
4 102.434
8 160.75117
8 133.26483
8 155.09744
8 153.24115
8 145.6121
8 161.27232
8 157.78818
8 157.16522
8 156.88057
8 151.94528
16 223.22238
16 174.8478
16 224.1861
16 213.89403
16 164.59291
16 212.4244
16 206.26668
16 221.06454
16 226.13603
16 219.0258
32 193.11406
32 190.40167
32 145.35329
32 145.95906
32 219.39578
32 190.18895
32 212.1818
32 148.70825
32 151.04915
32 154.8479
48 144.75822
48 58.4218
48 272.70117
48 51.21876
48 84.61791
48 34.1896
48 73.44607
48 76.29698
48 172.4306
48 78.69935
1 64.0268
1 63.9938
1 63.871
1 64.2476
1 63.9108
1 63.8506
1 63.9944
1 64.016
1 63.8516
1 63.8668
2 58.7974
2 57.8361
2 46.6851
2 61.4191
2 56.5797
2 63.9047
2 54.3266
2 55.9422
2 65.3191
2 58.8579
4 102.0507
4 104.9397
4 99.59725
4 108.06185
4 105.30925
4 101.85515
4 103.50535
4 95.91205
4 107.03185
4 99.69335
8 152.87752
8 156.8579
8 137.98662
8 159.17485
8 157.72638
8 157.66168
8 159.5469
8 155.0873
8 175.26488
8 160.87372
16 176.10085
16 206.9374
16 222.09274
16 236.87535
16 205.4163
16 220.45775
16 221.23296
16 212.11978
16 200.95483
16 169.29326
32 290.8788
32 203.31075
32 149.01418
32 182.89778
32 152.05307
32 226.16803
32 226.72913
32 139.34537
32 149.69943
32 237.062
48 79.96045
48 172.7431
48 69.55123
48 73.34803
48 89.066216
48 132.63991
48 79.31983
48 93.27648
48 84.66618
48 76.78947
