1 1.0444
1 1.0413
1 1.0286
1 1.0431
1 1.0434
1 1.035
1 1.0591
1 1.063
1 1.0379
1 1.0561
2 0.6904
2 0.7422
2 0.676
2 0.7291
2 0.722
2 0.7304
2 0.6843
2 0.7366
2 0.7183
2 0.7027
4 1.5962
4 1.4228
4 1.7573
4 1.7431
4 1.8375
4 1.7089
4 1.8589
4 1.5648
4 1.4031
4 1.6544
8 4.698
8 4.7473
8 4.7738
8 4.5902
8 4.4672
8 4.5728
8 4.6823
8 3.8983
8 4.1638
8 4.7763
16 6.6093
16 4.7075
16 6.1553
16 5.4308
16 7.4412
16 7.0831
16 6.0456
16 7.7658
16 6.1386
16 5.8417
32 8.9166
32 10.5631
32 9.0604
32 10.7079
32 10.3405
32 8.4979
32 7.2151
32 8.3173
32 9.8166
32 9.6505
48 12.4868
48 13.9586
48 14.8007
48 12.2873
48 12.7695
48 12.3721
48 13.4143
48 12.6284
48 12.3714
48 13.8318
