1 29824.0 30849.14158918508 28798.85841081492 30743.0 28835.0
2 32836.8 33580.85900521095 32092.740994789056 33731.0 32266.0
4 30868.4 34388.16688278574 27348.633117214256 33254.0 26017.0
8 33225.0 34270.01978469822 32179.980215301777 33983.0 31891.0
16 33997.2 38710.65142735538 29283.74857264462 36433.0 27311.0
32 36493.4 39294.94064473456 33691.85935526544 39070.0 33614.0
48 37480.8 40459.67063530231 34501.929364697695 40457.0 34203.0
64 38561.6 41133.523263582974 35989.67673641702 41998.0 36688.0
70 34460.8 39542.47548284963 29379.124517150376 39671.0 28481.0
86 40256.8 44448.10339632862 36065.49660367139 43639.0 35208.0
96 41005.2 42162.25477510161 39848.145224898384 41908.0 39977.0
