1 0.03
1 0.03
1 0.05
1 0.03
1 0.24
1 0.02
1 0.13
1 0.09
1 0.02
1 0.02
2 0.14
2 0.06
2 0.2
2 0.06
2 0.13
2 0.09
2 0.43
2 0.22
2 0.06
2 0.62
4 0.2
4 0.18
4 0.74
4 0.38
4 0.48
4 0.22
4 0.24
4 0.28
4 0.41
4 0.45
8 0.87
8 0.55
8 0.62
8 1.02
8 0.5
8 0.57
8 0.61
8 1.19
8 0.96
8 0.83
16 2.0
16 1.37
16 1.05
16 1.56
16 1.63
16 1.91
16 1.77
16 1.29
16 1.92
16 1.61
32 2.21
32 1.95
32 2.37
32 2.22
32 2.63
32 2.24
32 2.31
32 2.02
32 2.48
32 3.85
48 2.11
48 2.63
48 1.65
48 2.84
48 2.14
48 2.63
48 2.36
48 2.69
48 2.31
48 2.51
1 0.01
1 0.02
1 0.53
1 0.16
1 0.01
1 0.03
1 0.01
1 0.04
1 0.06
1 0.03
2 0.17
2 0.14
2 0.15
2 0.11
2 0.08
2 0.1
2 0.15
2 0.24
2 0.04
2 0.13
4 0.31
4 0.51
4 0.22
4 0.48
4 0.4
4 0.24
4 0.31
4 0.59
4 0.15
4 0.35
8 0.65
8 0.99
8 0.75
8 1.05
8 0.66
8 1.26
8 0.64
8 0.94
8 0.39
8 1.74
16 1.54
16 1.76
16 1.78
16 1.38
16 1.59
16 1.71
16 1.61
16 1.9
16 1.48
16 1.24
32 3.13
32 3.09
32 2.51
32 2.96
32 2.26
32 2.25
32 2.59
32 2.16
32 1.93
32 3.3
48 2.5
48 2.44
48 2.54
48 2.03
48 2.43
48 2.19
48 2.78
48 1.99
48 2.7
48 2.27
