1 90.16555
1 91.71113
1 93.85609
1 91.60223
1 92.843254
1 91.60026
1 89.93804
1 90.00875
1 91.57299
1 91.31936
2 93.07025
2 90.05347
2 90.73883
2 94.970116
2 94.81247
2 91.9109
2 92.4813
2 92.76581
2 91.16604
2 95.56841
4 78.186714
4 76.60817
4 75.197044
4 76.00545
4 79.75022
4 78.25882
4 76.11006
4 77.81014
4 77.52394
4 78.007454
8 58.0774
8 54.91014
8 55.30695
8 54.56331
8 54.91
8 55.734566
8 56.84928
8 55.484547
8 55.22717
8 57.417145
16 33.848133
16 34.057377
16 33.742424
16 34.05881
16 34.07536
16 33.78345
16 33.94538
16 33.98865
16 34.202442
16 34.144646
32 15.558611
32 15.524072
32 15.561108
32 15.602817
32 15.431922
32 15.531111
32 15.332554
32 15.492184
32 15.492822
32 15.678641
48 10.329608
48 10.393789
48 10.440918
48 10.315988
48 10.410641
48 10.391904
48 10.47254
48 10.439882
48 10.370648
48 10.408946
1 91.37291
1 92.83846
1 89.711426
1 89.671135
1 89.93803
1 89.98568
1 88.97027
1 92.67668
1 90.50752
1 89.7641
2 94.82585
2 93.52785
2 93.30289
2 90.47643
2 91.56735
2 92.773605
2 94.43434
2 91.71714
2 90.15596
2 91.964966
4 79.6022
4 75.58327
4 78.73943
4 75.97124
4 77.0864
4 79.69348
4 75.78368
4 75.64843
4 77.4817
4 77.27361
8 56.365284
8 56.994083
8 53.752247
8 55.49297
8 57.878807
8 56.926888
8 56.19867
8 57.356487
8 57.12888
8 54.790207
16 34.12229
16 33.819267
16 33.70608
16 34.018547
16 33.923138
16 33.8286
16 34.110012
16 34.2211
16 34.10006
16 34.295147
32 15.528261
32 15.63329
32 15.673148
32 15.558508
32 15.551354
32 15.551477
32 15.552693
32 15.376105
32 15.45316
32 15.557578
48 10.412641
48 10.304372
48 10.390496
48 10.41871
48 10.398433
48 10.437516
48 10.240145
48 10.316737
48 10.4043665
48 10.336708
