1 1896038.6714509635 1908351.6997847469 1883725.64311718 2063271.5477981495 1874526.1359600709
2 1785692.9481017485 1809656.2139038695 1761729.6822996275 1892775.5595204658 1658517.0934798087
4 4176398.360383472 4185983.2729787338 4166813.44778821 4192090.5745759797 4044536.069105972
8 7094877.10453634 7101167.958058226 7088586.251014453 7121615.478755038 7034263.207875421
16 12466939.86746086 12520351.68989732 12413528.0450244 12545115.591755455 11736917.576859564
32 18244162.11587354 18269005.773946792 18219318.45780029 18415069.259875037 17978057.080297496
48 24244868.100877807 24330918.519867934 24158817.68188768 24470091.501262393 23142949.02294438
64 27215214.606910907 27294820.69098538 27135608.52283643 27696632.34286902 26382804.33546132
70 28314263.423847895 28463218.75275011 28165308.09494568 29029506.590804465 26730621.395058848
86 30674682.029077627 30768029.306588326 30581334.751566928 31079343.70008301 29741658.691413376
96 32563747.96267494 32714740.46409157 32412755.461258307 32950459.811393384 30583082.75411189
