1 1661224.5179790899 1668053.1590765233 1654395.8768816565 1754184.6450750066 1647777.3448888706
2 1692149.9097979867 1713953.669274847 1670346.1503211264 1792409.780493197 1576782.398282808
4 3659236.132549541 3664062.6488974793 3654409.616201603 3717649.126625336 3642991.0873484276
8 6353823.467801671 6361648.620090519 6345998.315512822 6385862.976822635 6295737.551721158
16 11443092.378093846 11461723.490812927 11424461.265374765 11488763.896849416 11247221.328324808
32 17249993.01815834 17278335.80337913 17221650.23293755 17409604.981973894 17015632.437702034
48 22835812.254054595 22950046.510348737 22721577.997760452 23084817.230386514 21295296.718099076
64 26864254.304493908 27017775.601481404 26710733.00750641 27374104.562061317 24820078.923653513
70 27463766.506445672 27633291.737024087 27294241.275867257 28144919.620901246 25838076.47768967
86 31672007.193614744 31882148.403910607 31461865.98331888 32143301.61370557 28862403.47244696
96 32215384.621951275 32395826.042422473 32034943.201480076 32625025.38234898 29779146.833822794
