1 1827634.7038389794 1830880.7614964622 1824388.6461814966 1858038.011677655 1815525.9587584743
2 1634674.75063412 1674224.1097796548 1595125.3914885854 1871694.651039328 1472292.2144260276
4 3879121.164036921 3893886.1314550024 3864356.19661884 3895679.9728960646 3671574.011429808
8 6880257.052909705 6905701.274011885 6854812.831807525 6911980.430755387 6527033.71861192
16 11442746.406365555 11494506.142431138 11390986.670299971 11519554.076960757 10715922.483692236
32 18356022.897169914 18445433.52397834 18266612.270361487 18572836.69089472 17176656.084485766
48 24315809.282617502 24471246.713430844 24160371.85180416 24553445.078951 22381267.923138473
64 27858196.78819743 28059437.119161148 27656956.457233716 28363448.543367922 25068663.65254642
70 29115280.395530384 29376554.074171714 28854006.716889054 29632083.591996927 25827711.582514044
86 32266980.7262078 32522218.09745311 32011743.35496249 32776002.51867728 28758362.713997476
96 33828297.655091815 34101322.809772305 33555272.500411324 34729579.75194072 30155651.76983422
