1 20848373.25390573 21008666.270100553 19405736.1081523 21247756.70309898 19405736.1081523
2 18554052.63988649 18709927.46497857 18398177.814794414 18796401.27225803 18306683.566954244
4 25868169.07986938 26133152.358006608 25603185.801732145 26386243.843824346 25404475.398060676
8 35048571.42541355 36288080.4721025 34517353.26254685 37178180.78929476 34283300.97073867
16 36884255.63152708 37028570.9158587 36547519.96808666 37242988.60212245 35984008.60272931
32 54871878.00062261 55485430.7737841 53951548.84088037 56272367.940266766 51867642.77177994
48 68094792.34121607 69068358.33990756 67445748.34208845 70542873.26116863 66829397.93849796
1 78697.6361624598
2 108975.8395606405
4 160867.8294298303
8 215306.0199131311
16 275204.49714266986
32 315686.9030558504
48 321599.462801195
