1 13745941.410205357 13837260.679695416 13654622.140715297 14191438.702509116 13440986.895694418
2 10502545.735183464 10544572.514385754 10460518.955981174 10693974.12690998 10267929.220803164
4 15200494.733869072 15257376.133822184 15143613.33391596 15375610.699841537 14829595.107973345
8 17486747.335818935 17567912.738360476 17405581.933277395 17900045.065295763 17023858.505648572
16 23011223.61956879 23118308.60512372 22904138.63401386 23737177.60484106 22458395.766809795
32 34236798.71946294 34577639.04022073 33895958.39870515 36271865.39558459 31782477.201471988
48 42210122.5612316 42492305.73115125 41927939.39131194 43699383.207469836 40110133.71143588
64 44399689.68298437 44702454.63216319 44096924.733805545 45651237.96876201 42504088.95456999
70 46571861.08365853 46812694.0693824 46331028.09793466 47635122.29143564 44982963.177724436
86 51725988.51299354 52078017.91627204 51373959.10971504 53413662.00594297 49536312.8526819
96 53380694.82142594 53699540.86263796 53061848.780213915 54493347.35270972 51696683.183836594
