2 1.3615010253198411E7
2 1.4143732079820983E7
2 1.5442535744576415E7
2 1.3574304747401038E7
2 1.4473885811854336E7
4 8216975.451104785
4 7896751.01614061
4 7979410.74436734
4 7929349.773141036
4 8243023.020900974
8 6417599.669847033
8 4646404.181319108
8 5904276.43358181
8 5768685.021068635
8 5852596.348222199
16 1572540.0848815204
16 4159267.5558400834
16 7957734.145416052
16 1670863.6755977408
16 1669972.8820538654
32 5480461.841066997
32 1651492.6119358758
32 1726017.7714235825
32 1654798.8532608326
32 1671991.7130590451
48 1700284.1881424086
48 1239074.2984616328
48 1708281.1411374747
48 1717306.5449347207
48 1301994.0680310815
