2 30587517.873359397 37954028.9842686 23221006.762450196 89825065.06615956 6916965.666643813
4 15247273.29459586 15953431.753500309 14541114.835691411 17186131.94061628 10452808.999370022
8 14374307.69898149 14719917.212141575 14028698.185821405 15773867.944526253 12069899.982500467
16 23910834.17703145 24838018.439919338 22983649.914143562 27008334.516073328 18202755.72505503
32 35598150.88305669 39068091.491479985 32128210.274633396 45026412.7771236 11269436.840266092
48 38661450.22656321 44463199.37379947 32859701.079326943 57362609.80368103 8555100.782798674
64 55130529.29135556 63169454.161372416 47091604.4213387 77667439.30107053 11756942.596279342
70 58127139.82816126 67045196.29737281 49209083.35894971 92166445.14387585 12353064.734584281
86 91282375.80078274 104121238.75255223 78443512.84901325 131948374.23062308 23319019.584459804
96 125601546.94507338 139551958.50779924 111651135.38234751 165856503.20963362 34640452.59656827
