1 1713924.3219592932 1716536.4640487342 1711312.1798698523 1726812.490753379 1701516.234566708
2 1642656.2874962727 1684870.5878192957 1600441.9871732497 1895696.8362904629 1493526.0262783307
4 3704159.257434808 3709754.3085479327 3698564.2063216837 3715668.7975745513 3628396.58375631
8 6591930.487723575 6604406.791431864 6579454.184015286 6620217.22751117 6432498.40163571
16 10976349.144889934 11008877.281341039 10943821.00843883 11038891.98756689 10524990.164982945
32 17700162.150501177 17764268.897550866 17636055.403451487 17899323.243669927 16899768.341390274
48 23544968.926371645 23668626.388137456 23421311.464605834 23751710.18638423 22102960.685602408
64 26979530.12585752 27133478.76505788 26825581.48665716 27429530.60576765 24868491.62540765
70 28201403.637876894 28406037.156856813 27996770.118896976 28669593.042107668 25833535.545592196
86 31390832.184166092 31581834.06635069 31199830.301981494 31855283.91898491 28824328.511786703
96 33066086.30724257 33285104.774224095 32847067.840261042 33899696.95079996 30184714.735241503
