1 8629063.387841074 8638369.377271356 8619757.398410792 8652181.65321631 8610729.963865498
2 6129477.555334735 6158574.137742211 6100380.972927258 6184562.569424199 6047911.122864374
4 8362441.273578416 8389168.444526143 8335714.102630687 8422010.76884951 8293987.934961458
8 10986881.860587992 11080775.36428615 10892988.356889833 11124548.557343284 10778203.916733652
16 14545286.193093007 14714341.16185744 14376231.224328576 14854075.61330065 14176350.429679837
32 21264039.590157755 21787191.877177004 20740887.303138506 21824944.723865654 19746619.76158598
48 23313691.049314484 24136079.71291779 22491302.38571118 24538891.219334893 21097208.620521378
64 28847023.73954671 29846071.413607605 27847976.065485813 29642066.72925273 25049274.174461126
70 28834665.873868484 29646841.805627976 28022489.942108992 30486975.705469195 26208690.4143325
86 32194144.688033562 34035905.6530222 30352383.723044924 34868524.13987697 27921362.2631875
96 33978781.49141921 35639282.7410203 32318280.241818123 36760893.34065193 29718004.77089513
