1 12911338.936832543 12946985.934442684 12875691.939222403 13395799.45740847 12802016.040202036
2 8213628.8028021045 8277514.473397455 8149743.132206754 8504522.488369104 7697672.102818995
4 10944958.661581712 10984499.56985815 10905417.753305273 11424110.0349362 10782659.350816691
8 15239538.90464491 15436548.421386782 15042529.387903038 16082633.201354796 14725684.451494468
16 18451701.885891013 18561193.084955703 18342210.686826322 19261046.944631606 17716349.52812206
32 26880797.73337604 26993534.927800402 26768060.53895168 27645833.70652857 26253876.39067164
48 35113424.77616605 35225927.03778588 35000922.51454622 35697003.9275019 34135892.56133931
64 38855738.48869916 39171920.9205775 38539556.056820825 40054905.84831421 36054987.91869888
70 40914671.9036318 41130915.95277363 40698427.85448997 42411966.946414724 40296838.889823616
86 49648676.31362673 50034839.518290386 49262513.10896307 52084968.40523037 45949847.80873006
96 51455904.90081755 51794379.91282628 51117429.888808824 53220901.991992325 49198882.628295206
