1 1770466.732022487 1779569.2644333758 1761364.1996115984 1895548.0591750063 1753747.9611427172
2 1737554.6190389725 1760045.8646242968 1715063.3734536483 1841154.0276510816 1620259.692449069
4 3900720.640085226 3903633.122731351 3897808.157439101 3911582.1891087047 3874249.0102641517
8 6703808.524596347 6710761.812574953 6696855.23661774 6733566.903995501 6645099.568136881
16 11932959.473228242 11967086.404125914 11898832.54233057 11994396.201168675 11486984.399360005
32 17733041.3462249 17758024.842636507 17708057.849813294 17898418.08700206 17490513.28308139
48 23519194.015109103 23620224.40084936 23418163.629368845 23756356.810662903 22180846.74093048
64 27038123.082339544 27154016.476891346 26922229.68778774 27534475.827563327 25578151.757956512
70 27882441.37493414 28041425.974647146 27723456.775221135 28579879.079927076 26307634.058943875
86 31164342.98786606 31312631.234062023 31016054.741670094 31594767.860036712 29295587.326918278
96 32388562.07929586 32554445.56211887 32222678.59647285 32786874.00010613 30175229.96552346
