1 1613931.756279711 1616508.5490881419 1611354.96347128 1626936.1241325417 1600771.5946618002
2 1651361.615988913 1697882.7632366503 1604840.4687411757 1920274.4067016435 1501205.5048279755
4 3544564.3300752235 3548117.540162856 3541011.1199875907 3586239.541045043 3529711.1517740004
8 6327257.973416808 6333315.084252497 6321200.862581119 6353757.207462719 6274092.362866491
16 10546692.533790043 10562825.927769547 10530559.139810538 10596811.809937371 10341164.138031816
32 17089853.327257484 17132831.43503932 17046875.21947565 17271735.81401845 16631650.929053204
48 22822294.45556659 22918867.574252576 22725721.336880602 22997780.653155174 21829972.513007462
64 26155652.48709772 26266567.023609243 26044737.9505862 26555307.702228133 24670846.481712718
70 27344818.761628617 27502225.732956637 27187411.790300597 27769026.52321026 25839368.450177375
86 30562139.17700689 30694280.17127529 30429998.182738487 30984983.43820519 28890656.44875325
96 32338575.884080376 32507290.99368562 32169860.77447513 33109443.988402598 30213800.87380259
