1 10781197.787230926 10789268.57253473 10773127.00192712 10809046.078155385 10695294.357185422
2 7089616.719378279 7143209.298887093 7036024.139869465 7345554.942190316 6676683.587056881
4 8450670.646580668 8473681.629394766 8427659.66376657 8570683.047576047 8283227.727420968
8 10042103.272494268 10095245.74076673 9988960.804221805 10419880.905594254 9821644.863267757
16 12577055.33241231 12769710.985029979 12384399.679794641 13076280.758564455 10594174.540923506
32 15534965.055522347 15789490.858391197 15280439.252653496 16529358.178672262 13971849.3252417
48 17919365.102606557 18202752.734022934 17635977.47119018 18778816.00509222 15061168.115277551
64 19539401.457988 19911183.39769869 19167619.518277314 21154881.889191445 16807810.882544752
70 21144870.7180896 21350977.05232128 20938764.383857917 22204189.006028213 19516987.46155275
86 25274138.797334548 25799171.29185651 24749106.302812587 26530309.070332136 21722736.554851204
96 25610920.65219934 26159862.181230173 25061979.123168506 27149239.626775067 21362315.11393784
