1 10344548.218575774 10389218.041450355 10299878.395701192 10509916.777527297 10017184.45236767
2 6336871.733789601 6353598.660647395 6320144.806931808 6408100.216967854 6204852.594212556
4 8314302.283146961 8331893.574735403 8296710.991558518 8427263.750182027 8236445.966575814
8 9373225.29774531 9432704.43492312 9313746.1605675 9686343.597441476 8948125.053314507
16 11685396.055395337 11758431.951310392 11612360.159480281 12087617.39743797 11212028.378332278
32 14721013.936338944 14936648.552454744 14505379.320223145 16125714.564918676 13326854.449432844
48 16435083.257376364 16780689.602870632 16089476.911882093 17928166.74710781 14233177.204662666
64 19923558.686925337 20410856.83437799 19436260.539472684 21436793.644420464 16561488.509933043
70 22076805.400780737 22629837.73670635 21523773.064855125 23501877.26295592 17569247.950054787
86 23586200.21398212 24140499.137657534 23031901.290306706 25116960.017172724 20634755.0679096
96 24552214.8375458 25086473.99324887 24017955.681842733 25966581.977923334 19479233.482109793
