2 18184531.286968123 20985195.061527647 15383867.5124086 30916764.71043749 7865528.525141176
4 3285942.256292865 3309152.535918007 3262731.976667723 3429650.1040454837 3087853.7726038806
8 1807781.814642067 1817735.6338593292 1797827.995424805 1842008.127962699 1720646.6658715815
16 1240561.8178856156 1243988.0140607404 1237135.621710491 1252084.840708472 1213445.0335523523
32 808060.6801359382 853641.5326334853 762479.8276383912 917397.4074402739 411440.767762077
48 590696.4653105438 642852.2430756958 538540.6875453917 766154.1764010825 316007.5886888735
64 808859.8032862648 894833.6936617228 722885.9129108067 996624.6259437529 339039.05418473616
70 777845.041578098 884688.8022933257 671001.2808628703 1158801.1522911214 318807.17120218644
86 972076.1292346963 1088251.586018404 855900.6724509886 1380044.7683738086 403996.6441843864
96 1295143.0053335854 1430073.9385043073 1160212.0721628636 1644516.033474291 535890.4821680022
