1 22843253.233017482 23009676.709541284 22676829.75649368 23332256.741557255 22199077.249455605
2 25257206.769639194 25619432.166080087 24894981.3731983 27151583.144660164 23960584.485602044
4 40446034.39645275 40711852.38358238 40180216.40932311 41263932.30273879 39244587.09198701
8 37108834.21298545 37407561.70016243 36810106.725808464 38627404.238345034 36328955.28440589
16 45477894.96053218 45625136.42873742 45330653.492326945 46437633.78527161 44166106.57593189
32 64538844.72980268 65116487.44467419 63961202.01493118 68350690.37752376 63024781.25739157
48 79230913.7343637 79495194.59926124 78966632.86946617 81166190.57041614 77594807.89663799
64 75075833.46565574 75399848.2410413 74751818.69027019 78298436.9336178 73424672.68313153
70 75705687.90593342 75887076.9042856 75524298.90758125 76894116.2898102 74555357.75772499
86 79397824.79995678 79631387.8737719 79164261.72614166 80629586.20085084 78120504.75474317
96 80379369.0761838 80627812.07536657 80130926.07700102 81511803.59457174 79348028.075793
