1 185407808.32926193 187837027.59962466 182978589.0588992 210642358.3856847 162188912.44305837
2 355468028.6339285 361586412.6630124 349349644.60484457 408707087.87512076 331068560.489088
4 747382287.1911008 752664080.6136779 742100493.7685238 820013478.751817 728265984.6012793
8 1540876402.6326916 1554735586.174627 1527017219.0907562 1703829592.9583442 1507729275.3715494
16 3296169664.757126 3321067493.7177677 3271271835.796484 3331814752.652993 2993641355.5751452
32 5925539372.256732 5999543184.208712 5851535560.304752 6740105741.886993 5821808095.570306
48 8766787582.082647 8814058147.992807 8719517016.172487 9414880927.389853 8674060056.74326
64 8704249436.526535 8802371986.875257 8606126886.177813 9883886377.759394 8582731932.717001
70 8668731250.810207 8719474783.261663 8617987718.358751 9361060346.464064 8547617876.299969
86 8643805727.45753 8690175005.691643 8597436449.223415 9284615607.161608 8547388500.518965
96 8697403407.12263 8811042138.779419 8583764675.465839 9828209809.937717 8493465814.750349
