1 40000870.614663795 40363911.615237184 39637829.614090405 40241170.339840285 39694783.45183727
2 65008405.84371494 71692018.1382314 58324793.54919847 70654803.9978623 58527321.93997648
4 154602725.9617118 160647860.25339076 148557591.67003283 159406985.41049138 147891003.07280242
8 310608836.4402345 317379671.26717246 303838001.6132965 318651592.1249785 303471425.96351486
16 619347324.8354051 665690018.627314 573004631.0434963 666932407.4509982 577592213.3985077
32 545116385.3681185 1085475594.8872309 4757175.849006295 1073479053.365278 102722050.81629731
48 1828547909.5354183 1886882061.1598768 1770213757.9109597 1868432204.2117975 1747450055.879091
64 1985199279.1778316 2161721838.174225 1808676720.1814384 2150918049.5363955 1820647234.9774742
70 1831585860.2026126 1920470094.310193 1742701626.0950322 1902407940.039335 1733840635.426959
86 2196902486.0379663 2265911275.107331 2127893696.9686017 2287596443.2198415 2150306952.4765935
96 2250221789.049466 2313448516.716862 2186995061.38207 2325174763.1027093 2200452421.560644
