1 43109582.80730587 43438623.81157766 42780541.80303408 43457374.95668461 42721819.91031223
2 23868356.982738513 25894194.54927647 21842519.416200556 25253800.03080717 21700518.04497524
4 19431660.422175024 23065198.40651294 15798122.437837109 21923158.672325242 15016025.162896855
8 26771662.55786436 29757467.16269437 23785857.953034353 28585822.725869786 22855028.49200015
16 22739900.70764499 23443828.98954893 22035972.425741054 23570701.122964088 22263174.881710086
32 25626060.787603162 30458647.282206573 20793474.292999752 32516622.90480618 23079074.61479575
48 28866644.79627443 42066787.69692348 15666501.895625386 47600072.82865424 21696173.604047276
64 34820548.93347978 42279086.46280237 27362011.40415718 44457640.65151226 29689333.281913176
70 37091284.21579011 44283545.50463553 29899022.926944688 44883022.63481526 31584357.70311623
86 42837130.23014064 46527106.38555394 39147154.07472734 45226155.0487533 37728794.479698166
96 39246766.10374667 45672261.559135154 32821270.648358177 45027537.24968673 33182027.988816384
