1 43425181.546355225 43690961.311734445 43159401.780976005 43759175.634928755 43200499.17530027
2 21249793.343152985 26838299.962564353 15661286.723741617 25296870.05637929 18210845.990018398
4 20128115.617843334 23837882.61282431 16418348.622862358 23809446.057839204 15718665.590467973
8 22519035.866008155 26190095.86235351 18847975.8696628 26547098.91662784 19849921.484095123
16 23860051.271141164 25306302.638582084 22413799.903700244 25184679.04686683 22060454.264299788
32 25075270.695308585 31502316.465615973 18648224.925001197 34037352.00831596 20964275.32033037
48 22333459.41988742 25728098.8594285 18938819.98034634 26241054.36116472 18943223.73275553
64 28800250.438212864 33435089.846436363 24165411.029989365 35235467.30027249 25945334.12543726
70 34115807.680652805 39620121.599121004 28611493.762184605 38710615.35097076 27721346.255737495
86 39947224.60978448 45647453.46640763 34246995.753161326 44063084.51816536 33202844.54779645
96 37113166.49132004 42827930.15591128 31398402.82672879 41048796.17942595 30382704.01863665
