1 185243367.58599752 187679286.3622435 182807448.80975154 210649981.37102595 162117590.9965068
2 355440158.1452959 361491245.0699563 349389071.22063553 408643137.08875966 330724539.7629975
4 747541531.139809 752797350.7621986 742285711.5174195 819808188.6942037 728395737.8503637
8 1540836013.6961317 1554595537.9902372 1527076489.4020262 1702082883.5497217 1508229071.7356346
16 3296515777.0499597 3321278656.154348 3271752897.9455714 3332090945.718882 2995956778.944912
32 5922117576.949441 5996463070.468592 5847772083.43029 6740420616.832682 5818537888.482377
48 8768318972.373117 8815164379.022322 8721473565.723913 9414287438.880804 8676476902.045847
64 8703539993.38772 8801165869.609425 8605914117.166016 9875039910.80373 8582825559.94893
70 8665413845.873161 8716353175.196224 8614474516.550098 9360733174.283934 8544399854.289818
86 8640125503.013098 8686716119.001196 8593534887.025 9284286146.17608 8543715888.717674
96 8696741734.81135 8810438024.704376 8583045444.918323 9828212515.388905 8492711698.908968
