1 5739103024
2 1135248024
2 1132010024
2 1029159024
2 1071584024
2 1054878024
2 1208728024
2 1133905024
2 1061949024
2 1132310024
2 1069240024
4 976705024
4 1007679024
4 1047107024
4 992308024
4 996062024
4 1119911024
4 974230024
4 1087879024
4 1119741024
4 1079108024
8 961376024
8 1012090024
8 968265024
8 962051024
8 929189024
8 1022372024
8 966329024
8 969491024
8 960031024
8 951546024
16 916686024
16 961234024
16 886353024
16 1039928024
16 921488024
16 965107024
16 951212024
16 937696024
16 998764024
16 962087024
32 1129464024
32 1142864024
32 1070703024
32 1145413024
32 1127298024
32 1139730024
32 1100696024
32 1137304024
32 1154644024
32 1172614024
48 1459899024
48 1281168024
48 1406514024
48 1272157024
48 2471703024
48 1254017024
48 1460102024
48 1473332024
48 1404042024
48 1459049024
