1 115282595.7336635 115286377.63123024 115278813.83609676 115291656.85311851 115254729.42904907
2 40547708.699199826 44971980.15996331 36123437.23843634 66246296.06281406 19556445.628280383
4 16752468.042685006 19633936.01001251 13871000.0753575 34813110.60431831 8077343.49551046
8 18009078.889909986 21835800.609455746 14182357.170364227 36858986.153966725 9167876.9872332
16 16268363.498638235 18715588.65900243 13821138.338274041 39072083.13246529 10350401.740693565
32 19508207.17592173 23214685.95268528 15801728.39915818 40828823.2187294 9713581.732434662
48 19493652.69934268 23029805.657856554 15957499.740828805 39007523.66445046 9400916.730189504
64 23214175.971594404 26840162.668627977 19588189.27456083 40388123.23051612 13483717.277789202
70 23456805.3272742 26592598.713456668 20321011.94109173 40496775.61481034 14696704.67505736
86 23348509.3934428 25710968.69951967 20986050.087365925 41187720.2286192 17736864.674127765
96 25315768.882684536 27378544.24203958 23252993.523329493 40374774.445644975 19477712.89210852
