1 39834133.616163276 40569627.72773573 39098639.504590824 40435144.37175793 38937317.78916358
2 60720098.647151366 67822486.9809777 53617710.31332503 70669962.90620591 55999682.90956802
4 156779649.64867216 160044152.74769107 153515146.54965326 159453652.62400863 152756233.58822614
8 312547654.2483705 318205757.82899714 306889550.6677439 318933522.43237007 306997993.2674101
16 570131014.8479018 631330045.2982417 508931984.39756197 606460102.287315 490898871.87925136
32 1220197626.8662956 1258602095.8752275 1181793157.8573637 1259111566.4590847 1182800175.508076
48 1507374389.762148 1764556665.0716672 1250192114.4526286 1822668158.3490252 1300548844.2445374
64 1904812642.2902207 2015800490.813241 1793824793.7672005 2011238230.9245608 1762893107.8261116
70 1914179981.018931 2131605682.542034 1696754279.495828 2004190854.5075903 1601308266.7069557
86 2206680619.8711486 2258592886.2528625 2154768353.4894347 2246081851.8033013 2137366441.7082326
96 2337393701.684048 2456408699.021914 2218378704.3461823 2414207774.4326525 2172498876.9570503
