1 9505747024
2 18990109024
2 19015327024
2 18948032024
2 18982909024
2 18871304024
2 19018211024
2 18997481024
2 18770044024
2 18955614024
2 19056389024
4 37756139024
4 37833954024
4 37865230024
4 36991812024
4 37695074024
4 37701337024
4 37773763024
4 37686882024
4 37910670024
4 37713053024
8 74947598024
8 75673780024
8 75236147024
8 75725416024
8 75572247024
8 75614692024
8 75532629024
8 75613389024
8 75640348024
8 75730757024
16 150615606024
16 150988581024
16 150741969024
16 150973401024
16 151206884024
16 151034461024
16 149090045024
16 151022636024
16 149881088024
16 149637833024
32 228974237024
32 228113331024
32 226669337024
32 224435504024
32 229117430024
32 228942289024
32 225644646024
32 227395537024
32 228494639024
32 228234871024
48 230017106024
48 230123893024
48 230071614024
48 229753057024
48 223839666024
48 229881875024
48 229276313024
48 227273069024
48 230371979024
48 229790531024
