1 29922552.104194216 30042285.571444012 29802818.63694442 30011664.52973613 29773052.26206725
2 40852280.57840469 50880907.30023921 30823653.856570162 52120785.64098083 29713494.082979597
4 105455920.91376092 142238842.39922756 68672999.42829429 119328560.78043716 52478413.294186875
8 242006870.88526112 263200371.44262734 220813370.3278949 264309508.8820563 221720760.72667477
16 451263595.8598418 483341875.2712927 419185316.44839096 473461752.9834869 408944669.75742334
32 659331515.21492 1105422364.473002 213240665.95683807 844965671.494166 18353512.92326424
48 1056614851.7910687 1252509659.1492662 860720044.4328712 1293116013.0742917 868698480.4050175
64 896842134.296793 1485055610.4851816 308628658.1084044 1253544489.26867 72624856.30350094
70 818321011.0469816 1536789352.2502499 99852669.84371316 1341900147.7541113 46627526.809490964
86 1629916082.5500412 1718981853.6584015 1540850311.441681 1724398495.3083632 1552197004.3871167
96 1726142864.9507382 1818762816.0397058 1633522913.8617706 1788791827.3331444 1597717338.8846517
