1 115281188.59120266 115285192.0438555 115277185.13854982 115294056.32305579 115249031.19710983
2 40553531.317624316 44988417.26742326 36118645.367825374 66343496.722322054 19545142.237745438
4 16748294.715036917 19629048.39075839 13867541.039315442 34809420.58962429 8083185.6135594025
8 18011571.705493215 21837469.54163036 14185673.86935607 36860566.46537082 9166140.972424274
16 16269288.881047385 18716650.65714353 13821927.10495124 39074057.66698647 10349665.589130698
32 19505371.512452185 23211905.722937446 15798837.301966924 40822041.10729752 9714893.926352387
48 19499415.29695556 23036844.665215567 15961985.928695552 39025511.2676226 9401753.998492926
64 23223644.681694426 26849968.75351196 19597320.60987689 40410675.34182699 13487017.94550338
70 23466267.120538037 26600446.95468045 20332087.286395624 40486368.35974741 14698874.377201589
86 23358932.82992654 25720241.268499114 20997624.391353965 41186465.20530134 17737296.11565434
96 25326976.762909874 27388981.073349085 23264972.452470664 40374672.72861326 19467685.510192715
