1 32716627.50646741 33015374.135030862 32417880.877903957 33086270.869166907 32415332.826791815
2 15615258.59000102 18372628.5945431 12857888.585458942 18665188.49874033 13686520.95395319
4 15912981.750093598 17856507.547906056 13969455.95228114 17751302.469638612 13936171.191037519
8 18583149.444186173 19563139.93600989 17603158.952362455 19869283.067702614 17879351.49637451
16 22214600.158059806 25154347.96658786 19274852.34953175 24160538.487766612 18500369.55185807
32 21382162.25272948 23423761.914836034 19340562.590622924 24271345.512388803 20318417.299380496
48 25205336.307408124 29822210.463425416 20588462.151390832 28604272.83032256 19776939.774475474
64 30244997.005808353 42744429.173320636 17745564.838296067 47290900.22401677 20891373.46560197
70 27982009.41294534 29526822.193815313 26437196.63207537 29471469.91850924 26134929.87232056
86 30501953.66641138 36288239.7479722 24715667.58485057 35456214.628706194 23407142.61586428
96 35325317.996129915 38388428.25738839 32262207.73487144 39332110.20961776 33144090.116092768
