1 207577499.6088656 207854155.57315806 207300843.64457312 210678067.024048 205079909.157542
2 351180460.8812176 359492479.737352 342868442.0250832 404332557.3098558 312960923.06130075
4 768215912.9838923 775337813.2758054 761094012.6919793 851699595.0092231 746625850.7323883
8 1537783366.3255537 1552238734.9197443 1523327997.731363 1705459459.6261833 1510622059.6524155
16 3299047679.1736746 3324491087.9001036 3273604270.4472456 3332814953.3005958 2987757185.451896
32 6028710573.083102 6090709116.526966 5966712029.639238 6707770024.84315 5910963993.363571
48 8750976372.506275 8804795152.737696 8697157592.274855 9464357814.959866 8586318288.337077
64 8670699169.044744 8719773761.51259 8621624576.576899 9299041425.818523 8518362228.807103
70 8974315803.360407 9004360344.974915 8944271261.7459 9366217541.53821 8865199933.671822
86 9798837229.93167 9887583891.141283 9710090568.722055 9894256104.673468 8679734079.70606
96 8588357009.28105 8678602879.039562 8498111139.522537 9866215398.091421 8525302354.706022
