1 43377911.24880999 43563304.539157316 43192517.95846267 43569754.392107576 43216538.661422424
2 23086150.090601437 27007004.73109346 19165295.450109415 26649236.321723633 19212509.03367243
4 21178942.62086371 24652831.904405553 17705053.337321866 24945650.715147525 17049431.625544775
8 21776865.7955339 24410001.867070854 19143729.723996945 25438272.27730528 20187609.11303515
16 23337319.47697219 24595753.350884028 22078885.60306035 24869139.2616329 22466560.215521835
32 23135986.780694302 26743191.659983423 19528781.90140518 26879996.662931398 19768679.03242453
48 25777027.25339704 33513966.9432918 18040087.563502282 36831336.74197594 21628227.044064842
64 31900259.170404576 40885669.998505756 22914848.342303395 42617259.31920265 23103191.20201353
70 32109137.73270739 35960198.386164226 28258077.07925055 36087457.13338256 29375933.352351457
86 36535407.302570425 44124799.9921322 28946014.61300865 47201204.8951248 31914027.320535116
96 37618057.66894608 41901238.39254119 33334876.94535097 43074983.396357164 33563351.59626758
