1 30295104.94567884 34461621.9105433 26128587.980814382 32216991.82540316 29126974.12465828
2 38258620.93981651 51831649.103959486 24685592.77567354 41770451.36006364 31963514.13701787
4 89670775.26095502 95686452.56001902 83655097.96189103 91904047.96432908 87096850.1027409
8 142990697.98455194 153362417.90608624 132618978.06301764 147245033.78787407 138899455.0100494
16 225189471.26938245 293436570.4467822 156942372.09198272 254824779.06799945 200569490.22809783
32 336212198.7324489 377822673.87711656 294601723.5877812 355551935.3568482 326299023.63737774
48 1067585031.4920546 1596724563.9971292 538445498.98698 1296891764.0084717 875886626.8894303
64 787914523.575889 896706429.4717004 679122617.6800776 831272018.6115733 743695460.4789515
70 374962902.4427018 1176306044.4985738 -426380239.61317 725079502.5884818 89794530.19752082
86 717855899.4886402 739714484.681331 695997314.2959493 726762331.074983 709167867.76602
96 606878944.4022405 813934150.9563113 399823737.8481697 666092243.413524 511562952.6648328
