1 115286098.62371118 115289990.05814452 115282207.18927784 115299269.78715424 115253293.87547137
2 41351596.0499035 46608284.223851375 36094907.87595562 64713694.80514473 21164052.06049634
4 17845801.89152803 20685798.313601706 15005805.469454352 34925556.81662025 8806380.146771269
8 16000566.129106322 18943000.332272563 13058131.925940081 36712884.09588037 8789623.984235913
16 16099152.325722782 18006008.5072534 14192296.144192161 41740456.15545576 10544641.908076083
32 20019734.60323609 24030537.0179445 16008932.188527681 40463665.94309705 10188547.67845314
48 18713414.401490428 22055072.8416308 15371755.961350052 39262581.862928584 9478441.85843473
64 21325833.79764176 24397959.300643478 18253708.294640046 40057216.11699618 13217424.95000952
70 21796432.11708772 25005489.97769891 18587374.256476533 40909481.32350004 13752339.971567616
86 24253278.1751811 26832694.93412093 21673861.416241266 40895742.208920866 17282910.47767535
96 26550186.36833925 29300119.357534584 23800253.37914392 41852332.62660033 19157697.771276806
