1 39399248.37145476 40922216.27741801 37876280.46549151 40083083.95941296 37227692.83332307
2 62709599.525394276 70359044.61650798 55060154.43428058 70988267.97481771 56495570.12379961
4 156616376.0015046 161622878.19030604 151609873.81270316 162769765.07679623 151915771.12301502
8 312578398.5518702 316013293.312174 309143503.79156643 315729001.8477809 309535031.67977595
16 582383270.5567067 641394935.472583 523371605.6408303 623989181.904446 504476996.69141966
32 728211761.2212629 1476116224.1361086 -19692701.693582773 1222984936.8877125 72069069.38206066
48 1546054500.1029058 1772961627.5524008 1319147372.6534107 1747044839.178653 1348174648.1887481
64 1858037737.158958 2018816848.4741504 1697258625.8437655 2009037720.1014805 1738540305.5599232
70 2055235415.0145202 2363583143.71493 1746887686.3141103 2291491791.713234 1777303612.4570289
86 2420084517.1954103 2633978192.4767594 2206190841.914061 2613934055.9899287 2236621786.1120152
96 2632776583.259569 2826571620.882881 2438981545.636257 2841015116.823019 2450892239.696991
