0 3684891
400000 3
1530000 2
1610000 2
560000 1
31090000 1
2820000 1
10000 1445
3460000 1
8730000 1
1440000 1
410000 1
570000 2
650000 1
11150000 1
20000 3
1070000 1
20010000 1
1390000 1
420000 1
12010000 2
580000 23
1630000 1
820000 2
980000 1
7823420000 1
4170000 1
30000 6
110000 1
190000 1
15960000 1
350000 1
1380000 1
1460000 1
1540000 1
2570000 1
590000 48
670000 1
1170000 1
2300000 1
1570000 1
12070000 1
600000 44
1650000 1
50000 1
130000 1
450000 1
610000 11
16340000 1
11430000 1
1110000 1
3170000 1
60000 1
9510000 1
4420000 1
16010000 21
460000 1
620000 5
8010000 2
780000 1
14510000 1
550000 1
630000 2
1660000 1
870000 1
24010000 1
4120000 1
1980000 1
