0 14114393
759240000 1
5794780000 1
1450000 1
640000 5
960000 1
10000 238
1120000 1
2564950000 1
330000 4
1440000 2
490000 1
1600000 1
650000 2
2556040000 1
970000 2
20000 2
340000 6
1470000 2
500000 1
30000 2
1300000 1
5794610000 1
350000 9
1460000 2
2556060000 1
670000 1
719020000 1
1170000 1
1330000 1
360000 9
5794900000 1
1490000 1
2238580000 1
1000000 5
733100000 1
370000 5
1480000 3
530000 4
690000 1
758940000 1
344770000 1
1190000 1
220000 1
380000 8
2430030000 1
1510000 1
540000 10
700000 1
860000 1
759090000 1
1020000 3
2255680000 1
2227470000 1
390000 7
1500000 3
550000 9
733560000 1
710000 1
1648360000 1
240000 1
400000 9
1989610000 1
1530000 1
560000 3
1040000 3
410000 5
1520000 1
5794870000 1
344490000 1
890000 1
1070000 1
733130000 1
1390000 2
733290000 1
420000 1
2798620000 1
1060000 1
270000 1
2596710000 1
430000 1
5794850000 1
910000 1
1090000 2
2237860000 1
1250000 1
280000 2
1410000 1
440000 1
1570000 2
2430090000 1
600000 2
1080000 1
1240000 1
5820980000 1
450000 1
610000 1
770000 1
1648140000 1
930000 1
1270000 2
1430000 1
620000 13
780000 1
1100000 1
1420000 1
470000 1
1580000 1
630000 6
790000 1
2556260000 1
