0 29285103
80000 2
240000 1
320000 1
4881430000 1
4328800000 1
3855970000 1
4670210000 1
10000 119
90000 1
2374170000 1
4759620000 1
250000 3
330000 1
410000 1
1600000 1
4067350000 1
970000 1
20000 12
4328740000 1
260000 4
340000 7
500000 20
580000 1
30000 4
3855980000 1
350000 3
510000 93
40000 4
200000 2
280000 2
360000 1
520000 73
4670170000 1
4155260000 1
50000 1
210000 2
290000 2
370000 1
3856000000 1
4495700000 1
530000 9
610000 1
60000 1
4759570000 1
220000 1
380000 1
4200190000 1
4670270000 1
70000 1
230000 3
310000 2
390000 1
4200180000 1
4067290000 1
