0 5198670
160000 40
1290000 1
320000 5
480000 1
640000 2
800000 1
960000 1
10000 4987
1120000 1
170000 25
1280000 1
831760000 1
330000 3
490000 1
1600000 1
810000 1
970000 4
20000 4363
1150000 2
180000 20
340000 4
660000 3
820000 2
980000 2
30000 3251
190000 13
350000 4
510000 2
670000 2
1780000 1
830000 2
990000 4
40000 2045
200000 23
680000 1
840000 2
50000 1260
1160000 1
210000 21
370000 5
530000 2
690000 1
60000 778
1190000 2
220000 11
380000 1
540000 3
700000 3
860000 4
70000 516
230000 10
390000 2
550000 3
710000 2
870000 3
1030000 2
1050000 3
80000 324
240000 15
400000 2
560000 7
720000 10
880000 3
1040000 1
90000 221
250000 8
410000 1
570000 3
730000 3
890000 1
1070000 2
100000 160
260000 7
420000 2
1550000 1
580000 4
900000 3
1060000 7
110000 104
2170000 1
270000 9
430000 2
590000 5
750000 5
1090000 2
120000 99
280000 7
440000 4
600000 2
760000 2
920000 1
1080000 2
130000 65
290000 8
450000 4
610000 1
930000 2
1110000 3
140000 56
300000 4
780000 2
940000 1
2070000 1
150000 39
310000 4
470000 1
630000 1
790000 1
