0 7698532
15990000 1
320000 22
480000 6
800000 1
6130000 1
960000 1
10000 1012
170000 1
330000 62
490000 1
650000 1
970000 1
20000 52
20010000 1
2400000 1
340000 75
500000 1
660000 1
980000 1
30000 2
20000000 3
32600000 1
190000 1
350000 113
1813620000 1
40000 4
1170000 1
360000 140
50000 2
210000 1
370000 192
6750000 1
6080000 1
1010000 2
14800000 1
1190000 2
220000 1
380000 155
540000 1
12450000 1
24000000 1
1020000 1
1180000 2
2290000 1
230000 1
1340000 1
390000 141
550000 2
1820000 1
1030000 1
80000 1
240000 1
4440000 1
400000 139
560000 5
1690000 1
1850000 1
1040000 2
90000 2
410000 115
1520000 1
570000 19
7030000 1
890000 1
1070000 1
100000 2
420000 89
580000 36
740000 1
5260000 1
11680000 1
1220000 1
2330000 1
270000 2
430000 42
590000 26
1918980000 1
280000 1
440000 22
3670000 1
600000 3
2050000 1
1080000 1
290000 1
450000 7
610000 1
140000 1
16010000 3
300000 1
460000 10
620000 1
1750000 1
780000 1
1100000 2
2210000 1
1260000 1
16000000 27
310000 14
3480000 1
470000 3
630000 1
1900000 1
790000 1
4120000 1
950000 1
