0 15155675
1130000 2
160000 162
14860000 1
320000 7
480000 1
800000 5
1930000 1
960000 58
10000 389923
1120000 6
170000 132
330000 6
490000 1
1373080000 1
650000 1
810000 3
970000 46
1767880000 1
20000 129301
1150000 3
180000 89
14840000 1
1310000 1
340000 5
820000 6
980000 52
30000 55980
1140000 5
190000 68
1300000 2
350000 2
1710680000 1
510000 1
670000 2
1951110000 1
830000 9
990000 36
40000 27722
1170000 2
1998780000 1
200000 60
1330000 1
360000 6
1490000 1
520000 3
812180000 1
840000 19
1000000 40
50000 15189
1160000 3
210000 45
370000 2
530000 1
1439290000 1
690000 1
850000 22
1905090000 1
1010000 24
60000 8849
1873890000 1
1190000 1
1711420000 1
1971500000 1
220000 38
1350000 3
380000 4
860000 40
1020000 29
70000 5312
1180000 2
230000 31
1340000 4
390000 5
550000 1
1949960000 1
710000 1
870000 43
1930310000 1
1030000 22
1050000 11
80000 3377
1210000 2
240000 21
1370000 2
720000 1
880000 53
1450060000 1
1447960000 1
1040000 15
90000 2128
250000 23
1360000 1
1953900000 1
410000 1
730000 1
890000 81
1998480000 1
1070000 6
100000 1377
1230000 1
260000 22
420000 4
1447500000 1
740000 1
900000 66
2030000 1
1060000 10
110000 936
1220000 1
270000 9
1380000 1
430000 2
1540000 1
590000 1
750000 3
1871390000 1
910000 71
1448940000 1
1971320000 1
1090000 9
120000 632
1718830000 1
280000 13
1410000 1
600000 1
760000 2
920000 86
1080000 6
130000 481
290000 17
1400000 1
450000 3
1971890000 1
930000 98
1110000 3
140000 304
1790130000 1
300000 16
16010000 1
1439060000 1
460000 1
780000 3
1929130000 1
940000 76
1905180000 1
1100000 2
1752240000 1
150000 239
1260000 1
310000 8
470000 4
790000 3
950000 75
1953370000 1
