0 1895069
80000 2
1130000 1
160000 9
240000 362
320000 1
1690000 1
720000 3
10000 52
90000 1
170000 4
250000 219
16060000 1
410000 1
1680000 2
12260000 1
730000 7
15510000 1
970000 1
20000 4
1150000 2
180000 2
1230000 1
2240000 1
260000 63
1310000 3
12170000 1
660000 1
30000 1
110000 1
190000 11
1300000 2
270000 15
430000 4
670000 1
750000 2
40000 5
200000 74
1250000 2
280000 5
1330000 2
440000 2
520000 53
680000 3
760000 3
50000 3
210000 194
290000 2
1320000 2
530000 10
690000 7
770000 1
4340000 1
140000 6
220000 338
1270000 1
300000 2
380000 1
700000 5
780000 2
860000 1
24000000 1
150000 20
230000 430
1260000 1
8630000 1
16000000 5
6570000 1
710000 7
