0 1099458
160000 13
1290000 5
320000 27
480000 1
640000 13
800000 11
10000 43
170000 1
1280000 2
1440000 1
330000 5
650000 11
810000 7
20000 5
1150000 1
180000 1
1310000 2
340000 4
660000 8
820000 3
4010000 1
980000 1
30000 1
20000000 1
1300000 2
510000 14
670000 29
830000 5
40000 3
200000 1
1330000 1
520000 9
680000 46
840000 7
210000 2
1320000 4
370000 2
530000 3
690000 67
850000 7
220000 142
1350000 2
380000 1
700000 61
860000 7
24000000 1
1180000 1
230000 323
1340000 1
45400000 1
710000 67
870000 4
1050000 1
80000 3
1210000 1
240000 300
400000 1
720000 33
7020000 1
880000 11
90000 4
250000 714
1360000 1
730000 23
890000 5
1230000 1
260000 1227
1390000 1
580000 1
740000 15
1870000 1
900000 7
1220000 2
270000 1444
430000 1
750000 1
910000 3
1250000 1
280000 1070
440000 5
760000 8
920000 2
130000 1
1240000 1
11740000 1
290000 816
770000 2
140000 18
1270000 4
300000 340
780000 1
940000 2
150000 39
310000 70
16000000 3
470000 1
630000 2
790000 7
950000 1
