0 2769808
80000 2
160000 1
5410000 1
240000 2
560000 3
880000 5
960000 1
2090000 1
10000 36
90000 1
170000 1
4370000 1
250000 2
330000 1
467240000 1
2990000 1
890000 1
20000 3
100000 1
420000 1
900000 2
30000 5
5340000 1
190000 1
510000 8
2650000 1
670000 1
16520000 1
990000 1
40000 2
1090000 1
1170000 1
120000 4
52540000 1
114490000 1
200000 2
280000 1
7710000 1
520000 24
4800000 1
1000000 1
50000 2
130000 1
210000 2
530000 12
8020000 1
850000 3
1010000 1
60000 2
140000 1
220000 4
540000 12
780000 1
860000 21
1020000 1
230000 5
550000 3
870000 25
710740000 1
