0 1503703
1450000 1
2740000 1
640000 1
1930000 4
3060000 1
2090000 1
10000 1232
2110000 3
3220000 1
2270000 1
2430000 1
3540000 1
2590000 4
1600000 1
2750000 1
1760000 1
1920000 2
970000 1
20000 12
3210000 1
2240000 1
2400000 1
3530000 1
1470000 1
1630000 1
2720000 2
2880000 1
4010000 1
980000 1
30000 2
2250000 2
33950000 1
2570000 1
3840000 1
1780000 2
1940000 2
3050000 1
3270000 1
2300000 2
2460000 1
1490000 1
680000 1
1970000 3
2150000 2
50000 1
2310000 2
2630000 1
1640000 3
1960000 1
2950000 1
2280000 2
2440000 2
2600000 1
3730000 1
2760000 1
2920000 1
4050000 1
1990000 2
3080000 1
2130000 1
230000 1
390000 1
2450000 3
1500000 1
550000 2
1660000 1
1820000 2
2930000 2
1980000 3
24010000 1
2340000 3
2500000 2
2660000 3
560000 1
1690000 1
2820000 2
4110000 1
2350000 1
410000 1
1520000 3
3620000 1
2670000 2
570000 1
1680000 1
4930000 1
2830000 2
1840000 3
2000000 3
2160000 1
3290000 1
2480000 1
420000 2
3610000 1
1550000 1
580000 21
2640000 1
4780000 1
1870000 1
2030000 1
2170000 1
2330000 2
2490000 1
430000 1
1540000 2
2650000 2
590000 19
1700000 1
1860000 2
910000 1
2020000 2
4240000 1
1090000 1
120000 1
2220000 2
2380000 2
16030000 1
3510000 1
440000 2
1570000 3
600000 9
2700000 1
2860000 3
1890000 2
3020000 3
2390000 1
3500000 1
1560000 3
3660000 1
610000 4
2710000 1
2870000 1
1880000 1
5050000 1
3030000 1
2040000 1
2200000 1
16010000 9
1430000 1
3490000 1
2680000 3
1590000 1
620000 2
780000 2
3000000 1
1910000 2
4130000 1
2070000 1
2210000 2
3480000 2
2530000 1
1580000 3
2690000 1
630000 1
2850000 1
3010000 2
2060000 2
