0 8343806
2100000 1
1130000 5
160000 4
1290000 1
1450000 2
480000 1
640000 7
800000 1
960000 6
10000 22731
9471920000 1
1120000 1
1280000 4
1440000 2
650000 5
970000 4
20000 10173
1150000 6
2240000 1
180000 1
4540000 1
660000 3
980000 2
30000 4753
1140000 2
1300000 2
350000 1
36010000 1
1460000 1
1620000 1
670000 1
830000 3
420350000 1
990000 2
40000 2230
1170000 3
200000 1
2300000 1
18725660000 1
680000 2
840000 1
24020000 2
50000 1088
1160000 3
1320000 2
530000 1
690000 1
850000 1
1010000 4
60000 503
220000 1
1350000 1
7200000 1
24000000 1
70000 277
1180000 1
1340000 2
2770000 1
710000 1
870000 1
1030000 1
1050000 2
19950000 1
80000 135
1210000 2
1370000 5
12510000 1
1040000 1
90000 59
1200000 1
1360000 1
2510000 1
18730550000 1
730000 1
2830000 1
890000 1
2000000 1
1070000 2
100000 27
1230000 1
2320000 1
2480000 1
1390000 7
420000 1
3610000 1
580000 2
1060000 1
110000 20
1220000 1
34820000 1
1380000 5
590000 1
750000 1
1860000 1
910000 3
1090000 4
120000 7
1250000 7
6500000 1
1410000 4
4560000 1
2540000 1
600000 1
920000 2
1080000 3
130000 8
1240000 2
2230000 1
1400000 2
4730000 1
1880000 1
930000 7
1110000 2
15850000 1
140000 1
300000 1
16010000 2
2360000 1
5550000 1
1430000 2
620000 1
940000 5
1100000 4
3160000 1
16916900000 1
150000 2
1260000 1
16000000 2
2370000 1
1420000 3
2530000 1
630000 1
950000 5
