0 30215938
15990000 1
320000 1
2580000 1
3710000 1
16310000 1
640000 1
4840000 1
19700000 1
2900000 2
12430000 1
960000 2
5160000 1
28420000 1
7420000 1
4370000 1
170000 1
2415020000 1
2430000 1
490000 1
5800000 1
3860000 1
15350000 1
810000 1
1920000 1
20000 126
8420000 1
10640000 1
2240000 1
340000 2
5670000 1
27760000 1
20000000 5
190000 1
5500000 1
11920000 1
7720000 1
36010000 1
510000 1
14220000 1
8040000 1
830000 2
40000 30
8440000 1
5290000 1
1170000 1
2068000000 1
4480000 1
360000 6
15140000 1
7870000 1
12150000 1
680000 1
10210000 1
34280000 1
13520000 1
15780000 1
210000 1
530000 3
17330000 1
8020000 1
850000 1
7230000 1
60000 3
380000 7
27800000 1
5950000 1
2130000 1
12750000 1
7680000 1
3560000 2
550000 4
8000000 2
3880000 1
13390000 1
870000 1
10380000 1
24010000 3
1210000 1
2340000 1
12840000 1
400000 9
12030000 1
3790000 1
12350000 1
1040000 1
3300000 1
13800000 1
570000 116
4300000 1
1230000 1
11690000 2
7650000 1
420000 7
10880000 1
4620000 1
12010000 2
5750000 1
28000000 3
2401070000 1
2960000 1
15720000 1
14630000 1
1060000 1
270000 1
27850000 1
590000 48
16360000 1
5110000 1
12480000 1
4240000 1
3190000 1
1250000 1
2380000 1
440000 14
6820000 1
2700000 2
6010000 1
12390000 1
5200000 1
1080000 2
290000 1
3660000 1
610000 5
3980000 1
930000 1
1270000 2
460000 7
12050000 1
3810000 2
780000 1
1910000 1
13460000 1
5220000 1
16000000 166
5540000 1
310000 1
21550000 1
32010000 1
630000 4
3230000 2
160000 1
9690000 1
480000 2
52010000 1
47810000 1
2740000 1
23740000 1
3870000 1
800000 2
6130000 1
15660000 1
10000 1414
4210000 1
15980000 1
12930000 1
14040000 1
650000 1
14360000 1
2910000 2
11310000 1
970000 1
2080000 1
3210000 1
20010000 2
9710000 1
3530000 1
3850000 1
820000 1
7240000 1
30000 55
4230000 1
11760000 1
350000 6
16280000 1
8200000 1
5190000 1
12720000 1
200000 1
7710000 2
520000 1
8030000 1
12310000 1
21760000 1
9240000 1
14490000 1
3100000 1
50000 16
24340000 1
370000 5
8770000 1
1480000 1
27830000 1
11030000 1
8180000 1
16580000 1
1010000 2
220000 1
13870000 1
4660000 1
540000 5
16410000 1
2760000 1
8010000 3
12290000 2
24000000 19
70000 2
16870000 1
40010000 1
3400000 1
4510000 1
390000 11
710000 1
3310000 1
240000 1
16070000 1
8800000 1
560000 13
12190000 1
9120000 1
8150000 1
880000 1
3140000 1
14790000 1
410000 12
1520000 2
8970000 1
10080000 1
9290000 1
260000 1
8820000 1
580000 112
11040000 1
900000 3
7320000 2
110000 1
12870000 1
430000 10
12000000 7
7960000 1
13190000 1
28010000 1
750000 1
12320000 1
11210000 1
39940000 1
3350000 1
4400000 1
16030000 2
280000 1
1410000 1
12960000 1
600000 12
11100000 1
12230000 1
3990000 2
920000 1
4250000 1
130000 3
450000 3
770000 2
1880000 1
6320000 1
8540000 1
3330000 1
9670000 1
16010000 42
300000 1
4740000 1
620000 4
16330000 1
3970000 1
21860000 1
14730000 1
3160000 2
150000 1
1260000 1
13940000 2
9820000 1
470000 2
7920000 1
790000 5
