0 1399460
240000 1
1370000 1
1690000 1
2648370000 1
800000 1
880000 1
1930000 1
960000 1
10000 76
12533760000 1
1120000 2
90000 1
1360000 1
1520000 1
20000 4
2160000 1
420000 1
1630000 1
660000 1
1950000 1
30000 7
1060000 1
1140000 1
1220000 1
1460000 1
1540000 1
510000 1
1700000 1
590000 1
1860000 1
990000 1
1090000 1
40000 4
2460000 1
2540000 1
1490000 1
50000 3
1240000 1
1400000 1
770000 1
60000 3
1190000 1
380000 1
1430000 1
2520000 1
1510000 1
1750000 1
1180000 1
470000 1
1580000 1
1660000 2
710000 1
