0 5797913
6300000 1
160000 101
1290000 5
640000 3
13240000 1
800000 1
12430000 2
960000 1
10000 233
170000 23
1280000 10
490000 1
650000 2
810000 1
970000 1
20000 5
180000 27
1310000 2
340000 1
660000 10
980000 1
30000 7
20000000 1
190000 530
12790000 1
1300000 4
350000 1
510000 5
670000 11
990000 1
40000 13
200000 2035
360000 2
520000 152
680000 9
16430000 1
840000 1
50000 4
210000 2765
1320000 2
530000 32
690000 12
60000 3
3250000 1
220000 1941
5470000 1
16090000 1
2440000 1
540000 7
700000 9
860000 1
70000 2
2290000 1
230000 1438
390000 1
710000 7
1820000 1
870000 1
80000 6
240000 712
400000 1
1690000 2
720000 6
880000 1
90000 8
250000 211
570000 1
730000 9
890000 3
100000 1
260000 42
420000 1
6840000 1
580000 2
1710000 1
740000 10
900000 1
1557020000 1
110000 2
1220000 1
270000 38
430000 9
750000 5
910000 1
1250000 1
280000 19
440000 17
760000 2
1890000 1
920000 3
130000 1
290000 8
1400000 1
450000 1
770000 1
1880000 1
930000 2
140000 65
1270000 1
300000 2
460000 1
1910000 2
1100000 1
150000 212
1260000 4
16000000 6
310000 4
470000 2
790000 1
950000 1
