0 2796754
12600000 1
1130000 2
2260000 2
10660000 1
11790000 1
1450000 1
2580000 1
4840000 1
10170000 1
1770000 1
3220000 1
8570000 1
5480000 1
2430000 1
3540000 1
490000 1
12580000 1
20000 24
1150000 5
3690000 1
660000 1
1790000 2
2880000 1
980000 1
20000000 1
40000 2
360000 2
1490000 2
1810000 1
8190000 1
2940000 1
4070000 1
1000000 4
210000 1
1640000 1
8020000 1
12300000 1
6080000 1
15930000 1
3410000 1
380000 5
1510000 1
9910000 1
700000 1
14350000 1
1020000 3
23370000 1
1340000 1
550000 5
5780000 1
24010000 1
3090000 1
1210000 1
400000 8
720000 2
1040000 2
2190000 2
1360000 3
11860000 1
6710000 1
3620000 2
570000 32
12180000 1
9130000 1
3940000 1
420000 8
12010000 2
10110000 1
740000 5
1060000 1
1380000 2
590000 35
3920000 1
3190000 1
120000 2
5370000 1
15870000 1
1250000 1
440000 3
2831680000 1
760000 8
1080000 3
290000 2
1400000 1
15230000 1
3170000 1
9510000 1
1270000 4
7610000 1
460000 1
2680000 1
780000 1
1910000 1
1100000 3
16000000 11
1420000 2
630000 2
1740000 2
12520000 1
3550000 1
480000 2
1610000 1
11140000 1
800000 1
7260000 1
10000 937
1120000 1
650000 1
3040000 1
30000 2
1140000 4
350000 1
1460000 1
670000 2
1780000 1
5980000 1
4000000 1
990000 1
1330000 1
3910000 1
50000 3
1160000 2
370000 4
1480000 1
11030000 1
690000 2
1010000 2
1350000 2
540000 2
1670000 1
1990000 1
6410000 1
1180000 2
10690000 1
390000 6
5620000 1
1500000 2
9900000 1
4830000 1
710000 3
1820000 2
1030000 2
1050000 2
240000 1
1370000 1
8800000 1
24630000 1
560000 3
1690000 1
5890000 1
15580000 1
1200000 2
5400000 1
410000 7
1520000 4
730000 3
1840000 2
2990000 1
1070000 1
10720000 1
1390000 4
6680000 1
580000 57
1710000 2
2030000 1
430000 10
4630000 1
750000 5
1860000 2
13510000 1
1090000 1
1410000 4
3670000 1
600000 13
13280000 1
10290000 1
920000 2
1240000 1
450000 8
1560000 2
770000 7
11270000 1
12380000 1
1110000 6
16010000 14
300000 2
1430000 1
2520000 2
8860000 1
620000 1
940000 1
11720000 1
1260000 1
3480000 1
470000 2
790000 3
