0 14252521
80000 2
320000 23
2659840000 1
3244940000 1
3239770000 1
2546840000 1
2942210000 1
10000 258
3019930000 1
90000 1
250000 2
330000 31
490000 31
2659770000 1
570000 1
1883890000 1
3239760000 1
719080000 1
2483850000 1
20000 9
3019940000 1
1783750000 1
100000 3
260000 1
1783830000 1
340000 26
500000 386
740000 1
30000 2
110000 3
350000 16
430000 1
510000 414
2894590000 1
590000 1
2659790000 1
3245010000 1
2909490000 2
2544570000 1
705470000 1
2030910000 1
3019960000 1
40000 1
360000 6
520000 168
4210510000 1
611870000 1
1816720000 1
4210590000 1
1883840000 1
600000 1
50000 1
210000 5
290000 2
530000 37
2659810000 1
2909470000 1
3244990000 1
705490000 1
719120000 1
2546730000 1
2942160000 1
140000 1
220000 2
300000 2
3020300000 1
2894540000 1
540000 10
4210570000 1
620000 1
1883940000 1
2544520000 1
2546740000 1
2030940000 1
705500000 1
70000 5
150000 2
310000 11
2546270000 1
550000 5
2659830000 1
2483910000 1
705590000 1
6634250000 1
