0 15423353
4200000 1
1130000 1
10660000 1
6460000 1
15990000 2
320000 3
1450000 1
2580000 1
640000 1
4030000 1
170000 3
8570000 1
10830000 1
3540000 1
490000 2
5800000 1
16460000 1
810000 1
1920000 2
12580000 1
20000 89
5350000 1
12090000 2
13260000 1
660000 1
5990000 1
1790000 1
20000000 4
190000 2
5500000 1
1300000 3
36010000 1
510000 1
5030000 1
7250000 1
40000 2
1170000 2
15950000 1
4480000 1
8760000 1
360000 1
12150000 1
680000 1
11340000 1
210000 2
8610000 1
2470000 1
4650000 1
530000 1
10040000 1
850000 3
16740000 1
60000 2
2280000 1
40000000 1
15930000 1
4500000 1
380000 1
700000 1
2920000 1
11320000 1
4050000 1
1020000 2
3715040000 1
2130000 1
230000 2
6570000 1
7680000 1
2450000 1
4670000 1
550000 3
14180000 1
10060000 1
8000000 2
2770000 1
24010000 6
16720000 1
11490000 1
80000 1
1210000 1
400000 7
15100000 1
31900000 1
1530000 1
12030000 1
720000 1
12350000 1
1850000 2
2980000 2
4110000 1
44010000 1
1040000 3
11540000 1
4450000 1
14950000 1
9920000 1
570000 89
12180000 1
1680000 1
7030000 1
3940000 1
12500000 1
6520000 1
420000 5
12010000 7
1550000 1
28810000 1
740000 2
1060000 1
13820000 1
7480000 1
10730000 1
16040000 1
1380000 2
590000 46
7010000 1
13350000 1
5110000 1
16680000 1
4240000 1
5370000 1
6500000 1
1250000 1
8680000 1
15060000 1
440000 3
12070000 1
760000 1
14570000 1
9320000 1
1080000 2
13760000 1
4410000 1
16020000 1
1400000 1
3660000 1
610000 5
23790000 1
28230000 1
7610000 1
15040000 1
3490000 1
10920000 1
12050000 1
460000 4
5710000 1
15360000 1
780000 3
8250000 1
16000000 184
10770000 1
2530000 1
9980000 1
630000 1
11410000 1
15830000 1
160000 2
13890000 1
10820000 1
480000 6
1610000 1
8070000 1
800000 2
5000000 1
1930000 1
10330000 1
2380130000 1
10000 3459
15980000 1
8730000 1
650000 3
2379960000 1
2910000 1
21970000 1
20010000 8
180000 3
8580000 1
5510000 1
9710000 1
36000000 1
16130000 1
500000 1
2720000 1
8050000 1
3850000 1
820000 1
5020000 1
1950000 1
30000 9
3360000 1
12950000 1
350000 1
1460000 1
14060000 1
1780000 2
7090000 1
200000 1
5770000 2
10050000 1
1650000 1
4960000 1
840000 1
8350000 1
16750000 1
50000 7
1160000 2
2310000 1
15940000 1
18280000 1
7860000 1
16260000 1
690000 1
7070000 1
15470000 1
13530000 1
1010000 1
8620000 1
220000 1
5470000 1
540000 2
8010000 2
4980000 1
3890000 1
24000000 9
70000 3
1180000 1
390000 4
710000 3
15450000 1
14660000 1
1030000 2
1050000 2
18980000 1
560000 3
10250000 1
13640000 1
410000 4
15110000 1
2990000 1
2160000 1
1070000 2
260000 3
16050000 4
1390000 1
2480000 1
7810000 1
580000 118
4780000 1
11040000 1
5910000 1
2030000 1
1220000 1
430000 8
10890000 1
12000000 2
7960000 1
750000 3
12320000 1
28010000 3
1860000 1
13510000 1
1090000 1
7470000 1
3350000 1
280000 2
16030000 3
27580000 1
1410000 1
600000 13
1730000 1
3180000 1
450000 2
1880000 1
3030000 1
1110000 1
6320000 1
3330000 1
16010000 108
300000 2
1430000 1
12980000 1
620000 1
14430000 1
11400000 1
6190000 1
2070000 1
9500000 1
11720000 1
2370000 1
3480000 1
15050000 1
470000 5
18380000 1
14260000 1
2690000 1
6020000 1
11250000 1
790000 3
1900000 1
