0 1705685
1130000 2
1290000 1
15990000 1
1450000 3
2740000 1
1770000 1
800000 2
10000 498
1120000 1
5320000 1
330000 4
1440000 1
1760000 1
810000 4
20000 5
1150000 1
1310000 1
2400000 2
340000 14
1470000 1
15160000 1
1630000 1
14230000 1
1790000 2
820000 2
13580000 1
30000 1
14850000 1
350000 11
1460000 2
1780000 3
830000 2
990000 1
3430000 1
360000 32
1490000 3
1650000 1
840000 1
1970000 1
1000000 1
2150000 1
1160000 2
370000 56
1480000 1
530000 1
1350000 1
380000 65
1510000 2
540000 1
1670000 1
24000000 1
2130000 1
70000 1
1180000 2
230000 3
1340000 4
390000 67
1500000 1
550000 5
1660000 3
710000 1
4990000 1
400000 65
1530000 1
560000 3
720000 4
2820000 1
880000 1
250000 1
1360000 1
13960000 1
410000 57
1520000 2
570000 12
1680000 1
730000 3
1230000 1
260000 1
1390000 1
420000 55
1550000 2
580000 29
1710000 1
740000 7
900000 1
2030000 1
110000 2
1220000 1
270000 1
430000 40
1540000 1
590000 15
750000 6
1250000 1
1410000 1
440000 23
600000 5
10130000 1
1730000 1
760000 5
1890000 1
130000 2
1400000 2
450000 14
1560000 1
770000 2
2040000 1
15710000 1
1270000 1
16010000 2
2360000 1
1430000 2
460000 19
620000 1
1750000 1
780000 4
1100000 1
1260000 1
16000000 9
1420000 4
470000 3
1580000 1
1740000 1
950000 2
