0 2104511
1130000 1
320000 6
1450000 6
480000 40
1610000 2
640000 79
1770000 1
800000 18
960000 79
10000 21651
1120000 11
1280000 1
1440000 5
330000 6
490000 27
650000 42
1760000 1
810000 13
970000 92
20000 3580
1310000 1
5510000 1
340000 4
1470000 1
500000 16
1630000 1
660000 23
1790000 1
820000 3
980000 80
30000 169
7400000 1
1140000 1
350000 7
1460000 3
510000 30
1620000 1
670000 14
1780000 1
830000 9
990000 62
40000 38
200000 1
10346710000 1
360000 8
1490000 1
520000 65
680000 8
1810000 6
840000 31
1000000 40
50000 19
2150000 2
1160000 1
1320000 3
370000 10
1480000 2
530000 114
690000 10
1800000 2
850000 98
1010000 20
1371500000 1
60000 12
2120000 1
380000 5
4271190000 1
540000 118
1670000 1
700000 11
1830000 9
860000 152
10349230000 1
1020000 20
70000 13
1180000 3
390000 5
550000 134
1885930000 1
710000 30
1820000 6
870000 178
4040000 1
5150000 1
1030000 23
1050000 74
80000 2
2180000 1
1210000 1
1370000 1
400000 6
1530000 1
560000 69
720000 52
1850000 3
880000 153
1040000 60
90000 2
5881760000 1
410000 18
570000 53
1680000 2
730000 109
1840000 5
890000 90
1070000 96
5270000 1
100000 2
1230000 1
1390000 1
420000 52
580000 26
740000 143
1870000 2
900000 54
1060000 104
3440000 1
430000 76
590000 23
6641180000 1
750000 131
1860000 4
910000 35
1090000 65
1250000 1
1410000 7
440000 100
600000 42
760000 118
1890000 1
920000 16
1080000 89
5360000 1
1240000 1
1400000 1
450000 84
610000 73
5510820000 1
770000 98
1880000 2
930000 24
2040000 1
1110000 10
1270000 1
300000 1
1430000 4
460000 86
1590000 2
620000 90
780000 57
940000 22
1100000 40
1260000 2
1420000 6
4271260000 1
470000 57
630000 116
1900000 1
790000 37
8749200000 1
950000 65
