0 3410793
5410000 1
12760000 1
320000 1
12030000 1
560000 10
640000 1
720000 1
5970000 1
3140000 1
10000 332
90000 1
330000 1
1440000 1
410000 1
570000 43
650000 2
16460000 1
730000 1
20000 6
20010000 1
3450000 1
12010000 1
580000 65
3690000 1
660000 1
740000 1
820000 1
30000 1
20000000 1
110000 1
3280000 1
430000 1
4710000 1
510000 2
590000 20
5030000 1
3050000 1
1170000 1
280000 1
600000 11
1650000 1
3750000 1
760000 1
3990000 1
5280000 1
3180000 1
16020000 1
1400000 1
530000 1
610000 2
770000 1
16660000 1
7310000 1
16860000 1
2280000 1
16010000 14
1350000 1
380000 1
8860000 1
32000000 1
5870000 1
12590000 1
16000000 12
310000 1
4510000 1
550000 2
710000 1
16640000 1
24010000 2
