0 4777455
160000 779
1290000 14
1450000 168
1610000 110
800000 2
10000 852
2110000 1
170000 495
18585410000 1
1280000 16
1440000 141
1600000 139
20000 18
1150000 5
180000 256
1310000 7
1470000 202
1630000 77
1790000 1
30000 7
4230000 1
14176990000 1
1140000 2
190000 153
1300000 14
1460000 190
1620000 85
4160000 1
40000 5
1170000 4
18585360000 1
200000 69
17000000 1
1330000 10
1490000 231
1650000 44
1000000 1
50000 3
210000 100
1320000 12
1480000 212
530000 1
1640000 60
4734150000 1
1960000 1
60000 7
5310000 1
1190000 8
2280000 1
220000 140
1350000 14
2600000 1
1510000 240
3730000 1
1670000 29
12290000 1
4735390000 1
70000 1
1180000 5
230000 165
1340000 8
390000 1
1500000 231
4830000 1
1660000 29
2770000 1
1030000 2
1050000 3
80000 4
1210000 12
240000 111
1370000 29
1530000 240
1690000 8
2010000 1
6390000 1
90000 1
2190000 1
1200000 11
250000 50
1360000 17
1520000 232
1680000 18
100000 5
1230000 21
260000 12
1390000 54
1550000 241
4960320000 1
1710000 5
110000 20
1220000 8
270000 3
1380000 31
1540000 249
590000 1
1700000 10
750000 1
1860000 1
6060000 1
5110000 1
18584640000 1
120000 134
1250000 15
280000 2
1410000 75
1570000 212
1730000 3
130000 447
1240000 21
1400000 64
14181370000 1
1560000 207
4890000 1
1720000 4
2200000 1
140000 890
1270000 24
16010000 1
300000 1
1430000 102
1590000 138
1750000 1
4959750000 1
4130000 1
1100000 2
150000 983
1260000 16
16000000 1
1420000 110
1580000 183
950000 1
