0 39799867
2100000 1
160000 9
320000 1
3550000 1
1610000 1
640000 1
3870000 1
10000 111
170000 6
2430000 1
1440000 1
330000 1
3540000 1
490000 2
3700000 1
650000 3
2080000 1
20000 8
180000 15
18110000 1
340000 1
500000 1
14230000 1
660000 1
820000 2
30000 6
190000 3
6450000 1
3360000 1
1064520000 1
4550000 1
1620000 1
40000 7
5290000 1
200000 1
2460000 1
5610000 1
360000 1
50000 2
370000 4
530000 1
690000 1
6080000 1
60000 3
20050000 1
2740030000 1
220000 1
1350000 1
380000 2
5630000 1
1913020000 1
540000 1
2760000 1
12450000 1
20850000 1
24000000 2
70000 2
7814190000 1
390000 2
80000 1
240000 2
400000 6
560000 1
720000 1
5080000 1
90000 1
250000 2
410000 4
5880000 1
5270000 1
260000 1
420000 13
14470000 1
2030000 1
2790220000 1
17070000 1
430000 6
2650000 1
7960000 1
280000 3
2771670000 1
1068870000 1
440000 4
6980000 1
760000 1
290000 1
996430000 1
450000 9
610000 1
300000 1
460000 4
620000 1
940000 2
7280000 1
2210000 1
150000 5
16000000 10
310000 3
2370000 1
470000 2
2850000 1
6020000 1
