0 2486902
2260000 1
160000 3
1450000 1
480000 1
1930080000 1
960000 6
10000 4682
170000 2
330000 2
650000 1
810000 1
1920000 1
970000 6
20000 1228
1310000 1
660000 2
15480000 1
980000 2
30000 56
190000 2
1997780000 1
2570000 1
1719400000 1
830000 3
990000 5
2140000 1
40000 12
1449300000 1
200000 2
1997810000 1
1490000 1
680000 1
840000 3
1767690000 1
1753150000 1
1000000 5
50000 1
210000 2
1372880000 1
1320000 1
2470000 1
370000 1
530000 1
690000 1
1719380000 1
1800000 1
850000 5
1010000 2
2120000 3
220000 1
1789080000 1
380000 1
2600000 1
540000 1
1670000 1
2760000 1
700000 1
1830000 1
860000 12
1718560000 1
1020000 1
70000 6
710000 2
2930000 1
870000 8
1030000 2
80000 1
1754570000 1
400000 2
1930000000 1
880000 7
10410000 1
1040000 1
90000 4
1360000 1
410000 1
812150000 1
1753770000 1
730000 1
890000 12
2000000 1
1789930000 1
2160000 1
100000 1
260000 2
1753460000 1
1390000 2
1373030000 1
420000 1
740000 1
900000 18
1966970000 1
2030000 1
1060000 3
110000 2
2170000 1
1220000 3
1373810000 1
2490000 1
1540000 1
1700000 1
910000 11
2020000 2
1090000 1
1250000 1
280000 1
600000 1
760000 1
920000 13
130000 2
2230000 1
1240000 1
290000 1
450000 1
1970820000 1
1720000 1
770000 1
1880000 1
930000 10
140000 2
1270000 2
1430000 1
460000 1
1590000 1
780000 2
940000 11
1449070000 1
150000 1
470000 1
630000 2
1740000 1
790000 2
15530000 1
1873650000 1
950000 4
1905190000 1
