0 1345297
1050000 1
1130000 2
1210000 2
1290000 3
1370000 2
400000 1
1530000 2
800000 1
880000 2
960000 1
1040000 1
10000 126
90000 1
1360000 1
1440000 1
2590000 1
490000 1
1680000 1
730000 1
970000 1
2080000 1
20000 2
1070000 2
100000 1
1150000 1
1230000 1
1310000 1
1390000 2
1470000 1
1630000 1
580000 1
740000 2
900000 2
30000 4
1060000 2
1140000 1
110000 1
1220000 2
1300000 2
1380000 1
1460000 1
1700000 1
1090000 4
1170000 2
4223840000 1
1250000 3
1330000 1
1490000 1
520000 1
2018160000 1
1890000 1
920000 2
1080000 2
1160000 3
1240000 1
210000 1
1320000 2
1400000 1
1480000 1
1560000 1
530000 1
690000 2
1720000 2
770000 1
930000 1
1010000 1
60000 1
1190000 1
1270000 2
700000 1
780000 1
2018340000 1
860000 1
940000 1
150000 1
1180000 1
1340000 2
1420000 1
1500000 2
630000 1
870000 2
950000 1
1030000 2
