0 3925062
10500000 1
160000 2
16960000 1
15990000 5
5490000 1
320000 1
32790000 1
8720000 1
15180000 1
4680000 1
4159180000 1
8070000 1
800000 1
4190000 1
10000 1145
14710000 1
490000 2
5800000 1
810000 1
15510000 1
20000 18
20010000 3
180000 1
36000000 2
7730000 1
17460000 1
4170000 1
30000 2
20000000 8
350000 2
16600000 1
5190000 1
40000 1
360000 2
8760000 1
4800000 1
5930000 1
8030000 1
11500000 1
50000 1
14830000 1
14990000 1
4248060000 1
1320000 1
530000 2
2630000 1
8020000 1
9250000 1
2120000 1
5470000 1
14030000 1
540000 5
1670000 1
4050000 1
24000000 7
13540000 1
2130000 1
7520000 1
40010000 2
4510000 1
390000 2
15130000 1
550000 18
1660000 1
12280000 2
24010000 11
8480000 1
560000 16
720000 1
2980000 1
14790000 1
90000 1
1200000 1
9760000 1
5560000 1
4610000 1
22520000 1
570000 41
14440000 1
7190000 1
5090000 1
13670000 1
5430000 1
29660000 1
15080000 1
12010000 1
580000 30
3770000 1
28000000 1
9780000 1
10890000 1
430000 1
12000000 2
590000 9
7960000 1
16360000 1
28010000 2
19990000 1
280000 1
1410000 1
3990000 1
10450000 1
12810000 1
2390000 1
290000 1
16020000 1
1400000 1
1560000 1
7940000 1
610000 1
22640000 1
6480000 1
4420000 1
1270000 1
16010000 46
300000 1
22350000 1
3490000 1
12980000 1
12050000 1
5710000 1
620000 3
14270000 1
12210000 1
1750000 2
2840000 1
780000 1
940000 1
5220000 1
8390000 1
12670000 1
150000 1
16000000 101
310000 1
3879320000 1
630000 1
11250000 1
2850000 1
790000 1
7130000 1
950000 1
13630000 1
