0 7299687
2260000 1
320000 1
1450000 1
6780000 1
8070000 1
800000 1
10000 401
4530000 1
5640000 1
12100000 1
650000 1
1760000 2
810000 2
4020000 1
20000 10
1310000 1
1630000 1
2720000 1
820000 1
30000 3
1140000 1
20000000 1
190000 1
11760000 1
510000 2
13270000 1
670000 2
3050000 1
40000 2
200000 1
3430000 1
360000 1
520000 1
12310000 1
4070000 1
50000 1
16850000 1
2470000 1
530000 2
4970000 1
1800000 1
850000 1
3717090000 1
1010000 1
16860000 2
3570000 1
540000 2
8010000 1
700000 1
4050000 1
860000 1
24000000 3
6410000 1
70000 2
1340000 2
7680000 1
550000 8
3720000 1
4530470000 1
10060000 1
8000000 1
710000 1
870000 1
24010000 1
1210000 1
5730000 1
560000 15
720000 1
2641740000 1
570000 116
2830000 1
1840000 1
14600000 1
16050000 1
18350000 1
580000 89
3770000 1
1010650000 1
1220000 1
2490000 1
430000 1
590000 44
750000 4
11210000 1
1005330000 1
14090000 1
8840000 1
600000 8
3830000 1
4880000 1
760000 1
5200000 1
1080000 1
130000 1
4410000 1
1011130000 1
610000 4
3820000 1
770000 1
5050000 1
930000 1
19970000 1
3330000 1
16010000 19
620000 3
1750000 1
780000 1
1100000 1
16000000 21
13940000 1
3800000 1
16480000 1
790000 2
3010000 1
