0 1507887
1210000 1
15990000 2
7670000 1
400000 1
3710000 1
640000 1
720000 2
8070000 1
960000 1
10000 1233
90000 1
1120000 1
2190000 1
250000 1
1440000 2
1520000 2
12020000 1
570000 1
730000 1
890000 3
6200000 1
20000 35
1150000 1
100000 1
180000 2
15970000 2
12010000 1
580000 1
4010000 1
900000 1
13580000 1
30000 2
110000 2
1140000 1
190000 2
1300000 1
1540000 1
590000 2
910000 1
1940000 1
17710000 1
4160000 1
120000 2
1170000 1
200000 2
166020000 1
600000 4
13200000 1
680000 1
299690000 1
840000 1
1160000 1
130000 1
210000 2
290000 1
1400000 2
2550000 1
975670000 1
610000 4
13210000 1
1738360000 1
2120000 1
1110000 1
140000 2
220000 1
16010000 13
9750000 1
9910000 1
13380000 1
150000 1
230000 1
4430000 1
8790000 1
630000 2
710000 2
24010000 4
5230000 1
