0 1975209
1130000 1
15990000 2
13890000 1
1290000 1
320000 19
480000 4
800000 1
960000 1
10000 401
14710000 1
13720000 1
3380000 1
15980000 1
330000 28
1440000 1
490000 4
14680000 1
20000 3
20010000 2
14840000 1
340000 23
500000 1
3690000 1
30000 4
11600000 1
20000000 3
3360000 1
1300000 1
61050000 1
2410000 1
350000 38
1460000 1
510000 1
5290000 1
3270000 1
200000 1
360000 48
520000 2
2780000 1
12310000 1
1000000 1
370000 40
4650000 1
15150000 1
530000 3
8930000 1
3740000 1
12140000 1
380000 45
1510000 1
540000 3
14350000 1
4050000 1
1020000 1
15760000 1
390000 58
550000 2
24010000 1
5410000 1
400000 43
560000 6
720000 1
16390000 1
10250000 1
15580000 1
2010000 1
250000 2
1360000 2
3460000 1
410000 40
4610000 1
570000 36
1840000 1
890000 1
2990000 1
34670000 1
260000 1
2480000 1
420000 21
580000 25
15240000 1
15720000 1
14630000 1
110000 1
9620000 1
430000 8
590000 5
28010000 1
12320000 1
32370000 1
3190000 1
1090000 2
1410000 3
440000 7
600000 1
16350000 1
3830000 1
40580000 1
290000 1
1400000 3
450000 2
12060000 1
14240000 1
610000 1
15390000 1
1110000 1
15850000 1
13790000 1
300000 4
16010000 18
16170000 1
460000 6
16490000 1
16000000 56
310000 8
1420000 2
470000 5
12040000 1
14100000 1
630000 1
790000 1
950000 1
