0 11877994
2351060000 1
400000 1
480000 2
560000 6
640000 12
720000 3
800000 2
880000 2
10000 128
1440000 1
410000 2
490000 3
1145570000 1
570000 3
650000 16
730000 1
810000 7
970000 2
1070000 1
20000 1
1390000 1
420000 4
500000 1
580000 3
660000 12
740000 2
820000 3
1144810000 1
900000 3
4476620000 1
3176380000 1
430000 10
590000 5
670000 7
750000 5
830000 4
910000 1
990000 1
1410000 1
440000 11
520000 3
600000 4
680000 3
3176810000 1
760000 4
840000 4
3110980000 1
1000000 1
1080000 2
3477290000 1
1320000 1
450000 7
1480000 1
530000 3
610000 7
690000 5
1206590000 1
770000 4
850000 4
930000 1
1010000 1
3176430000 1
1350000 1
460000 6
540000 2
620000 5
700000 1
1206560000 1
780000 6
1206640000 1
860000 4
1145070000 1
470000 2
550000 5
630000 7
710000 5
3018490000 1
790000 3
870000 2
