0 22881354
1130000 1
13730000 1
15990000 1
320000 1
1450000 1
2580000 2
6780000 1
640000 1
2900000 1
16630000 1
2110000 1
3220000 1
4370000 1
170000 1
1280000 1
15030000 1
6630000 1
1600000 1
810000 4
6120000 1
20000 46
2240000 1
2560000 1
3485210000 1
4010000 1
20000000 5
4390000 1
190000 1
12790000 1
18100000 1
14220000 1
15330000 1
3840000 1
830000 1
40000 2
2620000 1
24670000 1
680000 1
1810000 1
4070000 1
6590000 1
3580000 1
530000 2
60000 4
5310000 1
8460000 1
26710000 1
2600000 1
4820000 1
3485250000 1
5140000 1
2130000 1
230000 1
550000 10
8950000 1
24010000 1
1980000 1
80000 1
15910000 1
8640000 1
9770000 1
5730000 1
1530000 1
13160000 1
23660000 1
7990000 1
250000 1
14120000 1
570000 145
11070000 1
1680000 1
100000 1
15890000 1
420000 1
12010000 1
14310000 1
28000000 3
740000 4
270000 1
590000 36
1700000 1
13350000 1
120000 3
13930000 1
440000 1
3485190000 1
41060000 1
290000 1
16020000 1
1400000 1
12050000 1
460000 2
2680000 1
3810000 1
780000 2
1910000 1
15680000 1
1100000 1
16000000 73
310000 1
3640000 1
1094360000 1
1740000 1
15530000 1
3960000 1
5070000 1
950000 3
7430000 1
160000 1
1290000 2
5490000 1
8880000 1
6940000 1
12270000 1
800000 4
15660000 1
11460000 1
10000 1743
13720000 1
4795320000 1
21330000 1
330000 1
15190000 1
10990000 1
3700000 1
1760000 1
4020000 1
5170000 1
970000 1
2080000 1
20010000 2
4380000 1
12780000 2
7730000 1
500000 1
11120000 1
8050000 1
820000 2
6150000 1
30000 6
1140000 1
4550000 1
9860000 1
670000 2
15490000 1
4000000 1
5190000 1
2140000 2
200000 2
6580000 1
520000 1
11180000 1
840000 1
1970000 1
8350000 1
50000 3
7540000 1
2310000 1
370000 3
2630000 1
690000 1
15470000 1
4340000 1
6560000 1
1350000 1
540000 3
1670000 1
8010000 1
1990000 1
24000000 9
6410000 1
7520000 1
1180000 1
5620000 1
710000 1
1820000 2
4040000 1
15750000 1
14940000 1
1370000 1
8800000 1
560000 36
15260000 1
2010000 2
3559940000 1
90000 3
2350000 1
12850000 1
410000 1
2670000 1
3780000 1
1840000 1
9630000 1
4460000 1
1390000 1
4696850000 1
580000 97
1710000 1
10270000 1
5100000 1
110000 1
2650000 1
28010000 1
11210000 1
3061720000 1
3350000 1
2540000 1
600000 14
9160000 1
2050000 1
130000 2
10950000 1
6000000 1
3038520000 1
12380000 1
4420000 1
16010000 41
7770000 1
14110000 1
620000 1
13300000 1
2840000 1
28200000 1
940000 1
2070000 1
2370000 2
9820000 1
12040000 2
1900000 1
790000 1
