0 4065911
1210000 1
27851450000 1
162100000 1
640000 10
10000 1443
1120000 1
410000 4
8810000 1
650000 15
810000 1
174950000 1
890000 1
970000 1
20000 9
1070000 1
100000 1
7650000 1
177550000 1
420000 4
660000 23
900000 1
980000 1
30000 4
3200000 1
7640000 1
430000 9
12000000 1
670000 14
174930000 1
1940000 1
40000 1
1170000 1
280000 1
440000 3
161900000 1
600000 1
680000 1
1000000 1
450000 1
530000 1
610000 1
1800000 1
10520000 1
16010000 15
161960000 1
620000 1
8010000 1
162280000 1
5060000 1
16000000 1
390000 1
470000 1
13070000 1
630000 2
162130000 1
1740000 1
24010000 1
