0 2800239
80000 2
1130000 1
160000 1
1290000 1
1370000 4
640000 1
960000 5
10000 370
90000 2
1280000 2
5480000 1
1360000 2
1440000 1
5880000 1
730000 1
970000 3
20000 26
1070000 1
1150000 1
1310000 1
580000 1
660000 2
900000 2
980000 3
30000 4
110000 1
1140000 2
1300000 3
1380000 3
590000 2
750000 1
2890000 1
3130000 1
990000 5
40000 2
2220000 1
1250000 2
1330000 2
1410000 1
16920120000 1
600000 2
680000 2
840000 1
920000 1
1000000 2
50000 1
1080000 1
1240000 1
2310000 1
1400000 3
2710000 1
610000 1
930000 2
1010000 1
60000 3
1110000 2
20050000 1
140000 1
1350000 3
860000 1
940000 3
70000 1
1340000 1
16000000 1
1420000 3
470000 1
550000 1
630000 2
950000 3
1030000 1
