0 8869844
1050000 1
80000 5
5330000 1
240000 1
8720000 1
560000 1
640000 1
880000 15
10000 49
11540000 1
90000 2
170000 1
12770000 1
250000 2
799230000 1
9760000 1
650000 1
3860000 1
890000 1
29300000 1
20000 9
100000 8
260000 1
420000 1
13020000 1
5670000 1
580000 1
9060000 1
1870000 1
820000 1
900000 1
30000 7
1060000 1
110000 5
20000000 1
190000 2
12000000 1
510000 3
2730000 1
750000 1
830000 6
910000 1
40000 6
120000 5
200000 2
280000 1
360000 1
2460000 1
7790000 1
520000 41
3670000 1
1650000 1
710490000 1
840000 4
5120000 1
920000 3
2050000 1
130000 2
210000 4
370000 1
5760000 1
530000 16
4730000 1
4810000 1
850000 8
3030000 1
5210000 1
14720000 1
220000 4
6560000 2
300000 1
5550000 2
380000 1
540000 20
9100000 1
860000 25
12450000 1
70000 1
230000 3
22260000 1
16000000 5
550000 5
12200000 1
3880000 1
870000 29
1980000 1
