0 2044402
320000 20
1610000 1
640000 1
800000 5
960000 1
10000 720
5320000 1
330000 24
650000 2
1760000 1
31160000 1
810000 4
970000 1
20000 16
340000 50
660000 2
1790000 1
12570000 1
1140000 1
350000 60
510000 1
670000 3
830000 1
990000 1
2140000 1
40000 2
360000 83
520000 2
680000 8
10210000 1
1000000 1
50000 1
1160000 1
370000 96
690000 4
850000 1
1010000 3
1190000 1
220000 2
380000 87
16250000 1
700000 5
860000 1
2130000 1
70000 1
230000 3
390000 103
550000 1
710000 4
1030000 1
1050000 1
1210000 1
240000 1
400000 71
1530000 1
560000 3
720000 5
2010000 1
1040000 2
90000 1
5400000 1
410000 72
570000 18
1680000 1
2830000 1
730000 7
100000 2
7490000 1
420000 50
580000 32
740000 5
110000 2
430000 27
14140000 1
590000 14
750000 2
440000 6
600000 4
760000 6
1240000 1
290000 1
1400000 1
450000 4
610000 2
770000 5
140000 1
16010000 4
300000 9
460000 1
780000 6
1260000 1
16000000 7
310000 19
470000 3
630000 1
14260000 1
790000 3
950000 4
