0 86235589
160000 1
400000 20
480000 1
800000 1
4030000 1
4190000 1
10000 77
90000 2
250000 1
410000 22
490000 1
10000000 1
650000 1
20000 16
100000 2
2400000 1
340000 1
420000 8
13100000 1
580000 1
18510000 1
30000 1
110000 1
15880000 1
350000 2
4211470000 1
430000 6
510000 1
5740000 1
7960000 1
16440000 1
40000 2
120000 2
3350000 1
280000 2
360000 2
440000 3
600000 1
8030000 1
12230000 1
840000 1
4150000 1
50000 1
130000 1
210000 12
370000 10
2470000 1
5680000 2
7780000 1
16340000 1
610000 2
10200000 1
1110000 1
140000 1
220000 6
300000 2
380000 7
2520000 1
917970000 1
460000 1
540000 1
1590000 1
15280000 1
620000 1
3890000 1
24000000 5
230000 2
16000000 8
310000 1
390000 16
470000 1
550000 2
2440640000 1
3090000 1
