0 1196082
1370000 1
640000 1
2900000 1
880000 2
960000 4
1040000 1
10000 208
90000 3
1200000 1
1280000 1
1360000 1
570000 1
2750000 1
970000 1
20000 21
1070000 2
100000 2
1230000 1
1310000 1
1390000 1
12010000 1
660000 1
980000 4
30000 11
1060000 1
1140000 1
110000 1
1220000 2
1300000 1
1380000 3
910000 1
990000 3
40000 4
120000 1
1330000 1
1410000 1
600000 1
680000 1
50000 2
1080000 1
1160000 1
1240000 3
1320000 1
1400000 3
450000 1
930000 3
1010000 1
60000 1
1270000 2
1350000 1
620000 2
700000 2
3000000 1
860000 2
1020000 2
1100000 1
1180000 2
16000000 1
1340000 1
1420000 3
630000 2
870000 1
950000 1
