0 4607457
15990000 1
1290000 1
2420000 1
3550000 1
1450000 1
480000 49
12110000 1
1610000 2
20510000 1
4840000 1
3870000 1
16470000 2
800000 1
1930000 1
3060000 2
4190000 1
19860000 1
10000 1584
4370000 1
6470000 1
330000 3
490000 40
15190000 1
1760000 1
810000 1
970000 1
24070000 1
20000 6
2240000 1
180000 1
1310000 1
15970000 1
8173120000 1
500000 32
6760000 1
5830000 1
2720000 1
2880000 1
16770000 2
30000 6
1140000 2
190000 2
15960000 3
36010000 3
510000 6
7880000 1
1620000 1
6930000 1
670000 1
16440000 1
830000 1
20800000 1
12560000 1
4320000 1
200000 1
13850000 1
1330000 1
360000 2
520000 13
15140000 1
680000 1
5930000 1
8030000 2
12310000 1
840000 1
50000 2
15780000 1
30480000 1
8610000 1
210000 1
1320000 1
370000 1
20380000 1
15150000 1
530000 4
15310000 1
4810000 1
8020000 1
27990000 1
850000 1
8460000 1
11650000 1
220000 1
380000 1
540000 4
12130000 1
8010000 2
700000 1
1020000 1
8330000 1
15760000 1
70000 4
390000 2
550000 1
1660000 1
27970000 1
8000000 1
9110000 1
870000 1
24010000 19
9450000 1
240000 1
400000 4
560000 8
17360000 1
720000 1
2820000 1
1850000 1
13480000 1
4110000 1
7340000 1
29490000 1
8650000 1
250000 2
2350000 1
410000 4
570000 17
6870000 1
1680000 1
4930000 2
1390000 2
6680000 1
420000 4
8820000 1
17220000 1
7810000 1
12010000 4
580000 43
2800000 1
1710000 1
740000 1
28000000 1
1870000 1
44030000 1
42110000 1
430000 15
22540000 1
590000 33
13190000 1
28010000 3
8120000 1
750000 1
18660000 1
910000 1
1090000 1
15870000 1
1250000 1
15060000 1
440000 24
2540000 1
600000 9
9000000 1
1730000 1
8110000 1
2050000 1
1080000 1
130000 2
1240000 1
450000 22
13130000 1
610000 2
2870000 1
3980000 1
930000 1
8260000 1
4140000 1
27240000 1
17910000 1
12820000 1
1270000 1
16010000 101
35960000 1
300000 1
17100000 1
1430000 1
460000 50
620000 1
16490000 1
14590000 1
1100000 3
150000 1
16000000 25
5540000 1
470000 45
20440000 1
32010000 2
630000 1
24880000 1
790000 1
