0 27236985
80000 21
160000 15
240000 2
3812920000 1
640000 1
3514630000 1
10000 1072
90000 24
170000 5
330000 2
570000 1
3514620000 1
20000 257
100000 10
180000 3
260000 1
3473140000 1
340000 2
7769390000 1
420000 1
500000 21
580000 1
980000 1
30000 104
110000 4
190000 2
350000 1
430000 1
510000 138
2071480000 1
830000 1
40000 60
120000 2
200000 1
280000 1
360000 2
3508940000 1
520000 70
4161320000 1
600000 1
3337540000 1
50000 67
4000340000 1
130000 4
210000 2
290000 2
530000 6
610000 1
3812380000 1
3514660000 1
60000 31
140000 3
380000 2
460000 1
620000 1
3337520000 1
70000 20
150000 2
390000 1
470000 1
3514640000 1
950000 1
