0 62455901
80000 4
160000 3
240000 3
2420000 1
400000 1
5890000 1
2010000 1
10000 197
90000 6
1120000 1
170000 2
410000 1
3540000 1
730000 3
6280000 1
20000 15
100000 3
180000 3
580000 1
9140060000 1
5387070000 1
980000 1
2030000 1
30000 9
110000 2
270000 2
350000 1
430000 1
670000 1
40000 2
120000 4
2380000 1
4480000 2
280000 1
360000 1
11990000 1
4640000 1
4720000 1
50000 6
3260000 1
130000 5
210000 2
290000 2
370000 1
2470000 1
4730000 1
24030000 1
60000 4
140000 3
220000 2
16010000 4
300000 2
380000 1
620000 1
1750000 1
700000 1
3810000 1
11240000 1
10230000 2
70000 3
150000 3
16000000 2
310000 1
4510000 1
390000 1
2450000 1
1980000 1
24010000 1
2060000 1
