0 9525491
80000 1
160000 1
240000 2
320000 1
400000 2
560000 40
720000 1
2820000 1
800000 2
10000 51
459430000 1
250000 1
330000 1
12930000 1
570000 4
650000 3
730000 1
810000 6
20000 4
8500000 1
260000 2
5510000 1
6680000 1
580000 7
740000 2
820000 7
9540000 1
110000 1
20000000 1
11680000 1
1300000 1
270000 1
12000000 1
510000 1
590000 10
670000 1
750000 1
9150000 1
69930000 1
830000 1
40000 2
1170000 1
200000 11
21200000 1
360000 1
440000 1
600000 9
680000 1
760000 1
50000 1
26280000 1
1160000 1
12810000 1
450000 2
530000 1
610000 11
14240000 1
60000 1
1190000 1
140000 1
1270000 1
16010000 1
300000 1
469130000 1
460000 3
16250000 1
540000 10
620000 5
700000 1
780000 3
15600000 1
70000 1
16000000 5
8790000 1
1500000 1
550000 128
630000 4
710000 3
790000 2
1051490000 1
