0 24327998
160000 16
320000 3
8880000 1
640000 21
800000 1
10000 9617
170000 17
330000 2
8730000 1
1440000 1
490000 3
650000 50
20000 1739
3210000 1
180000 13
500000 2
660000 53
30000 739
1140000 1
190000 16
3360000 1
8750000 1
350000 1
510000 1
670000 39
830000 1
11290000 1
40000 410
200000 12
16110000 1
8760000 1
680000 7
50000 259
210000 4
370000 2
530000 3
690000 2
60000 190
1190000 1
220000 7
380000 1
8780000 1
540000 1
860000 1
70000 132
230000 8
1340000 1
390000 5
8790000 1
550000 3
710000 1
870000 1
1050000 1
80000 107
240000 6
400000 3
16230000 1
560000 3
720000 1
880000 2
90000 81
250000 7
410000 6
8810000 1
570000 1
730000 1
1070000 1
100000 65
9747620000 1
260000 8
420000 8
12010000 1
580000 2
740000 1
3120000 1
1060000 1
110000 61
1220000 1
3440000 1
270000 4
430000 7
8830000 1
590000 1
910000 1
120000 49
280000 3
440000 5
8840000 1
9748280000 1
600000 2
760000 2
920000 1
1080000 1
130000 34
290000 3
450000 3
1560000 1
610000 4
770000 1
140000 30
16010000 20
460000 5
620000 4
780000 3
1100000 2
150000 26
310000 4
16000000 10
8710000 1
3480000 1
8870000 1
470000 4
630000 6
790000 1
