0 32356092
2260000 1
320000 8
640000 4
24710000 1
960000 1
2090000 1
170000 31
8570000 1
1280000 1
6630000 1
490000 5
1600000 2
5998490000 1
12580000 1
20000 1549
1150000 2
3370000 1
340000 2
7890000 1
3690000 1
12090000 1
4860000 1
660000 2
980000 1
20000000 1
190000 19
16120000 1
510000 1
8910000 1
2366110000 1
5820000 1
16440000 1
1940000 1
40000 425
1170000 1
7550000 1
360000 1
11020000 1
4800000 1
680000 3
1000000 1
210000 21
2470000 1
530000 4
2366130000 1
1640000 1
36390000 1
4970000 1
850000 2
60000 233
16860000 1
15930000 1
4500000 1
380000 4
3730000 1
700000 1
16570000 1
2130000 1
10530000 1
4350000 1
230000 9
5780000 1
550000 4
1660000 1
8000000 1
870000 2
24010000 6
9450000 1
80000 158
1210000 1
720000 4
1850000 1
1040000 1
15740000 1
3300000 1
250000 12
1360000 2
14120000 1
570000 46
18480000 1
23830000 1
890000 1
9470000 1
100000 103
2320000 1
3450000 1
420000 8
4620000 1
12010000 4
8980000 1
28000000 1
740000 1
7541250000 1
15720000 1
1060000 1
7495270000 1
270000 9
16040000 1
590000 68
16360000 1
11370000 1
120000 49
440000 2
2700000 2
760000 1
1890000 2
23940000 1
290000 9
16020000 2
7511580000 1
610000 19
930000 2
140000 30
2680000 1
7120000 1
16000000 45
310000 6
1420000 1
630000 7
9190000 1
160000 33
480000 4
7494830000 1
800000 4
10000 9021
1120000 3
13720000 1
10670000 1
330000 4
7515660000 1
6790000 1
12100000 2
3700000 1
16300000 1
650000 3
1760000 1
5170000 1
20010000 3
180000 28
500000 2
2720000 1
12250000 1
3850000 1
820000 2
30000 735
1140000 1
350000 5
2570000 1
9070000 1
670000 3
5190000 1
7495280000 1
200000 14
520000 3
3910000 1
840000 1
50000 306
13680000 1
1160000 3
370000 4
2630000 1
690000 4
1010000 3
220000 13
2440000 1
16090000 1
540000 7
8010000 2
24000000 3
10390000 1
70000 146
4510000 1
390000 6
1500000 2
4040000 1
2180000 1
240000 11
8800000 1
560000 8
5890000 1
880000 1
90000 152
1200000 1
410000 3
12020000 2
730000 1
1840000 2
3290000 1
260000 8
580000 82
17380000 1
2366180000 1
1710000 1
900000 1
12490000 1
2030000 1
110000 76
1220000 1
430000 2
12000000 3
3760000 1
750000 3
15410000 1
1860000 1
1090000 1
280000 11
16030000 1
600000 25
1730000 1
48010000 1
130000 52
450000 4
1560000 1
12060000 1
770000 2
19830000 1
15710000 1
2200000 1
300000 9
16010000 66
2520000 1
3650000 2
620000 8
1750000 2
14430000 1
940000 5
15840000 1
150000 31
1260000 2
2370000 1
470000 3
12040000 1
3800000 1
790000 2
