0 6284379
160000 5
1290000 3
320000 23
480000 3
640000 1
800000 2
15660000 1
960000 1
10000 165
1120000 1
170000 10
1280000 6
330000 11
650000 1
810000 3
970000 2
2080000 1
20000 8
1150000 2
180000 60
1310000 10
340000 3
660000 1
820000 3
1950000 1
30000 5
190000 126
1300000 10
2410000 1
350000 4
510000 4
1780000 1
830000 1
6140000 1
17790000 1
40000 11
200000 111
1330000 5
360000 1
520000 178
1650000 1
50000 5
1160000 3
210000 79
1320000 9
370000 2
5760000 1
530000 56
690000 4
850000 1
60000 2
220000 345
15930000 1
1350000 3
540000 3
13220000 1
1670000 2
700000 3
12450000 1
24000000 2
15920000 2
230000 976
1340000 1
390000 2
1660000 1
710000 1
1030000 2
80000 6
240000 1515
1370000 5
1572190000 1
2660000 1
14290000 1
880000 2
90000 6
6390000 1
1200000 2
5400000 1
250000 1704
1510170000 1
6550000 1
1680000 2
4100000 1
1070000 1
100000 2
1230000 1
260000 1150
740000 2
900000 1
14770000 1
110000 2
270000 758
1380000 1
430000 1
21590000 1
750000 3
910000 1
1250000 1
280000 577
440000 19
760000 4
920000 1
1080000 1
130000 1
1240000 1
14910000 1
290000 493
770000 2
930000 3
140000 6
1270000 2
300000 275
780000 7
940000 2
1100000 1
150000 10
16000000 11
310000 92
470000 3
15370000 1
790000 4
950000 1
