0 18995863
4200000 1
1130000 1
160000 2
1370000 1
480000 1
640000 3
720000 1
13480000 1
960000 1
4190000 1
10000 1959
90000 1
170000 1
650000 12
1760000 1
1840000 1
20000 7
2160000 1
1550000 1
12010000 1
500000 1
660000 5
900000 1
980000 2
3120000 1
30000 8
7640000 1
1380000 1
1540000 1
1620000 2
670000 7
3920000 1
9339450000 1
120000 1
15950000 1
1410000 1
680000 3
2780000 1
1730000 2
840000 1
1000000 1
50000 3
210000 2
2390000 1
1400000 2
530000 1
690000 4
1800000 1
850000 1
60000 1
1110000 3
16010000 32
1430000 1
9910000 1
1670000 1
2760000 1
2840000 1
12590000 1
230000 1
16000000 3
2770000 1
710000 1
790000 1
24010000 1
950000 1
10460000 1
7607290000 1
