0 4302744
15750000 1
1130000 1
480000 3
560000 29
26000000 1
800000 1
880000 1
960000 2
3140000 1
10000 50
1120000 1
2350000 1
1520000 1
570000 85
650000 1
730000 1
810000 2
890000 1
20000 5
13830000 1
340000 1
420000 1
500000 1
580000 34
740000 1
3040000 1
30000 2
110000 1
1140000 2
15090000 1
510000 1
590000 8
830000 1
360000 1
440000 1
520000 4
600000 1
680000 1
760000 1
920000 1
50000 1
1240000 1
210000 2
530000 3
610000 3
850000 1
3030000 1
3110000 1
1270000 1
220000 1
300000 1
1350000 1
380000 1
460000 1
540000 9
700000 1
780000 1
860000 1
4050000 1
24000000 2
70000 1
16000000 5
390000 1
20360000 1
5700000 1
470000 2
67590000 1
550000 11
630000 4
29950000 1
710000 1
3960000 1
790000 2
