0 19789602
1130000 2
80000 1
400000 1
480000 1
560000 2
640000 5
800000 2
960000 1
1321150000 1
10000 64
5289090000 1
330000 2
1440000 1
1520000 2
570000 1
650000 6
730000 1
810000 4
890000 2
1554910000 1
970000 1
20000 4
1150000 1
1321340000 1
500000 2
580000 4
660000 9
820000 2
900000 3
980000 1
1060000 2
1140000 1
3650260000 1
8198960000 1
8199200000 1
590000 2
670000 10
3722060000 1
1555760000 1
1320960000 1
1490000 1
440000 1
520000 2
600000 3
680000 3
760000 3
840000 2
3953010000 1
1000000 1
450000 4
1480000 1
1560000 1
530000 3
610000 4
690000 2
770000 2
850000 3
1555030000 1
460000 2
1607950000 1
620000 6
700000 3
780000 3
860000 2
3685640000 1
1608510000 1
1020000 1
1100000 1
5094210000 1
1321390000 1
5289390000 1
470000 2
550000 2
630000 3
710000 3
790000 2
1030000 1
