0 35105876
4200000 1
6460000 1
3390000 1
27460000 1
12920000 2
4445430000 1
170000 5
1280000 1
8890000 1
4690000 1
8060000 1
3070000 1
4180000 1
20000 27
1150000 2
15970000 1
340000 1
4860000 1
660000 2
2880000 1
2973830000 1
190000 3
5500000 1
16120000 1
8910000 1
40000 8
5290000 1
360000 1
12150000 1
680000 1
14650000 1
2973770000 1
4330000 1
3580000 1
1640000 1
850000 1
60000 1
380000 1
700000 1
3240000 1
230000 1
1340000 3
13070000 1
550000 4
8000000 1
3880000 1
17670000 1
24010000 6
7210000 1
13650000 1
80000 3
400000 1
2660000 1
6860000 1
28020000 1
250000 1
570000 93
890000 1
100000 1
420000 1
12010000 3
28000000 1
6370000 1
270000 1
5580000 1
7800000 1
590000 65
2810000 1
11370000 1
2020000 1
120000 1
440000 1
1570000 1
15380000 1
760000 1
12390000 1
18690000 1
9320000 1
15700000 1
3340000 1
4410000 1
290000 1
7780000 2
610000 4
930000 1
2040000 1
3170000 1
140000 1
4580000 1
16170000 1
12050000 1
13140000 1
780000 2
11240000 1
14590000 1
16000000 62
6650000 1
32010000 1
630000 3
2850000 1
10300000 1
20030000 1
160000 1
6940000 1
3111910000 1
800000 1
5000000 1
6130000 1
10000 2599
15980000 3
1440000 1
650000 2
13250000 1
1760000 1
6280000 1
20010000 5
7410000 1
180000 1
4380000 1
2400000 1
36000000 1
3530000 1
16130000 1
13420000 1
30000 20
4230000 1
12630000 1
17940000 1
6450000 1
2250000 1
2958300000 1
350000 2
2570000 1
4000000 3
990000 2
15790000 1
200000 4
1330000 1
520000 1
16430000 1
840000 2
50000 5
4060000 1
15770000 1
10520000 1
2120000 1
3250000 1
220000 2
540000 1
1670000 1
860000 1
24000000 14
70000 5
6410000 1
12910000 1
24640000 1
710000 2
2930000 1
8160000 1
4040000 1
1030000 1
1050000 1
2180000 1
1370000 1
16070000 1
560000 10
12190000 1
2820000 1
3950000 1
10590000 1
90000 4
2350000 1
410000 2
730000 2
2990000 1
23990000 1
1070000 2
2480000 2
580000 104
7000000 1
3930000 1
110000 1
14770000 1
10890000 1
12000000 2
6850000 1
11210000 1
750000 1
22860000 1
1860000 1
20880000 1
44020000 1
1410000 2
2540000 1
600000 25
13280000 1
8110000 1
2050000 1
4250000 1
130000 1
450000 2
5680000 1
2710000 1
770000 4
14560000 1
16010000 49
4740000 1
32000000 1
620000 2
2690000 1
