0 337545
1130000 1
1210000 1
1290000 1
1770000 1
880000 1
1040000 1
10000 152
1120000 1
1360000 1
570000 3
650000 1
730000 1
890000 1
970000 2
20000 8
1070000 1
1150000 1
1230000 1
1310000 2
1390000 1
1710000 1
740000 1
900000 2
980000 1
1060000 1
1140000 3
1380000 1
670000 1
990000 2
40000 2
1090000 2
1250000 2
1330000 1
440000 1
1490000 2
520000 1
1650000 1
680000 1
920000 1
1000000 1
1080000 1
50000 3
1240000 2
1320000 3
530000 1
610000 1
770000 1
850000 2
930000 1
1110000 1
1350000 1
1430000 1
460000 1
1670000 1
700000 1
780000 1
860000 2
1910000 1
940000 1
1020000 4
70000 1
1180000 1
1340000 2
710000 1
1900000 1
870000 2
1030000 1
