0 20606333
13730000 1
2260000 1
15990000 2
320000 21
5970000 1
12430000 1
5160000 1
10510000 3
4370000 1
1280000 1
20340000 1
490000 7
2750000 1
20000 115
16820000 1
1150000 1
9550000 1
14840000 1
15970000 1
340000 52
12090000 1
660000 1
1712020000 1
1362890000 1
13580000 1
20000000 22
190000 3
6610000 1
16120000 1
510000 2
14540000 1
6140000 1
19850000 1
40000 26
360000 41
15140000 1
15460000 1
14650000 1
29530000 1
5440000 1
4650000 1
5760000 1
28780000 1
530000 4
16420000 3
12300000 3
4970000 1
13370000 1
7230000 1
60000 21
1190000 1
2280000 1
380000 40
14030000 1
1510000 2
4050000 1
13540000 1
7360000 1
230000 1
10850000 1
3560000 1
13070000 1
550000 4
16400000 2
12280000 3
870000 1
24010000 3
80000 7
4280000 1
16880000 1
400000 72
5730000 1
1850000 1
9280000 1
250000 3
1360000 1
570000 70
16380000 1
15270000 1
2830000 1
4300000 1
100000 5
420000 29
17220000 1
10880000 1
12010000 1
16210000 1
740000 1
28000000 1
8290000 1
8510000 1
6370000 1
10730000 1
270000 1
13030000 1
1437130000 1
1700000 2
590000 7
5900000 1
120000 5
5370000 1
10940000 1
440000 5
12070000 1
15380000 1
8270000 1
4410000 1
16020000 2
290000 2
1400000 1
3660000 1
2870000 1
14400000 1
15550000 1
140000 1
1270000 1
460000 5
17260000 1
5710000 1
12050000 1
7930000 1
4130000 1
1100000 1
16000000 277
310000 16
6650000 1
1420000 1
14100000 1
33120000 1
1740000 1
2060000 1
2100000 1
3230000 1
160000 1
13890000 1
480000 4
4680000 1
17280000 1
12270000 1
800000 2
14530000 1
1930000 1
1318000000 1
10000 891
1120000 1
14870000 1
7580000 1
330000 32
1440000 1
15190000 1
16300000 2
12100000 1
12420000 1
9370000 1
20010000 3
4380000 1
1310000 1
500000 6
4700000 1
820000 1
10350000 1
15640000 1
30000 46
1140000 2
350000 46
1460000 1
15170000 2
15490000 1
4000000 1
21120000 1
200000 1
14980000 2
7710000 1
13040000 1
520000 1
8920000 1
15620000 1
50000 21
12890000 1
370000 49
1480000 1
3740000 1
5920000 1
10200000 1
16580000 2
2120000 1
20050000 1
220000 1
14960000 1
10840000 1
540000 2
14190000 1
1670000 2
1758020000 1
16410000 2
11160000 1
12290000 1
24000000 7
70000 8
4510000 1
390000 68
1500000 1
710000 4
15450000 1
9110000 1
15750000 2
6380000 1
9610000 1
13810000 1
240000 4
16070000 3
560000 9
16390000 1
13320000 1
3950000 2
90000 6
410000 41
15110000 1
12020000 2
1520000 1
13170000 1
4930000 1
16540000 1
16050000 2
3610000 1
9950000 2
580000 46
15240000 1
4780000 1
11360000 1
2030000 1
3120000 1
27370000 1
110000 4
5420000 1
34820000 1
13980000 1
430000 15
12000000 2
5740000 1
1540000 1
28010000 1
1090000 1
280000 1
16030000 1
3670000 1
15220000 1
600000 2
5850000 1
12230000 1
14410000 2
5040000 1
15540000 1
2050000 1
11740000 1
15070000 1
450000 8
10950000 1
12060000 1
16500000 2
1880000 1
13450000 1
4140000 1
1110000 1
14880000 1
16010000 38
300000 6
15200000 1
14110000 1
11080000 1
620000 1
6190000 1
940000 1
13620000 1
4270000 1
5380000 1
150000 3
470000 8
14260000 1
7130000 1
1900000 1
790000 1
4120000 1
