0 78738045
80000 2
160000 1
240000 1
480000 13
560000 1
12190000 1
10000 281
90000 2
170000 1
2430000 1
2590000 1
490000 2
8890000 1
570000 1
4020000 1
6120000 1
12420000 1
20000 8
180000 1
15080000 1
580000 4
1710000 1
4230000 1
30000 1
110000 1
190000 12
430000 2
1700000 1
590000 4
40000 4
200000 5
280000 1
440000 1
520000 1
600000 3
3910000 1
130000 1
15860000 1
11740000 1
210000 1
2390000 1
450000 3
530000 4
610000 1
11430000 1
60000 1
300000 1
380000 1
460000 15
540000 3
5950000 1
7280000 1
12530000 1
70000 2
15920000 1
230000 1
16000000 2
390000 1
470000 28
1580000 1
550000 1
630000 1
