0 1764030
320000 1
480000 3
13080000 1
640000 1
960000 1
10000 414
330000 1
490000 1
3860000 1
14360000 1
810000 4
970000 1
20000 9
20010000 1
14840000 1
2400000 1
340000 1
8900000 1
500000 3
13260000 1
16450000 1
820000 5
980000 1
30000 2
510000 2
830000 4
990000 2
360000 2
520000 1
840000 4
9400000 1
530000 4
8020000 3
850000 2
19750000 1
1010000 2
60000 2
4500000 1
540000 3
860000 6
1990000 1
8330000 1
1020000 1
14810000 1
1180000 1
390000 1
550000 5
870000 5
1030000 1
10580000 1
400000 1
12030000 1
720000 2
880000 7
7660000 1
410000 5
12020000 1
570000 14
730000 1
8140000 1
890000 8
260000 2
420000 8
1550000 1
580000 32
11200000 1
900000 2
430000 17
590000 8
28010000 1
910000 5
120000 1
440000 14
16190000 1
600000 2
920000 3
16020000 1
450000 18
14080000 1
731560000 1
930000 6
1110000 1
12660000 1
16010000 15
28690000 1
31840000 1
460000 9
940000 1
6330000 1
16000000 10
6650000 1
18220000 1
470000 6
32010000 1
630000 1
15530000 1
950000 2
