0 1208875
1050000 4
80000 1
1210000 2
1290000 2
1370000 1
1450000 5
480000 1
1530000 1
800000 1
10000 207
90000 1
1280000 1
650000 3
730000 1
970000 3
20000 25
1150000 1
100000 1
1230000 1
1390000 1
740000 3
15705310000 1
1060000 2
30000 5
1140000 1
110000 1
1300000 2
1460000 3
590000 1
670000 2
750000 3
990000 5
40000 8
1250000 2
1410000 1
680000 1
920000 1
1000000 3
50000 5
1080000 2
1160000 2
130000 1
1320000 1
1400000 1
1480000 4
690000 2
1010000 4
60000 2
1110000 1
1190000 2
1270000 3
1430000 6
1510000 1
700000 3
1020000 1
1100000 2
70000 2
1500000 1
550000 1
710000 5
950000 1
1030000 1
