0 15558712
4106360000 1
7590000 1
4520000 1
3923010000 1
1450000 6
4060480000 1
5970000 1
2900000 1
16630000 1
6310000 2
170000 12
1280000 2
44430000 1
27630000 1
4690000 2
5800000 2
10320000 3
9550000 1
11770000 2
340000 17
17140000 2
2560000 2
4860000 1
18590000 1
1790000 1
9380000 1
10490000 1
11600000 1
29590000 1
510000 5
2730000 4
3840000 2
5030000 1
7250000 1
8440000 1
15950000 2
2300000 1
6740000 3
9890000 1
3750000 3
680000 8
11340000 1
8610000 2
2470000 1
3580000 1
13050000 1
14160000 1
8020000 1
850000 4
1960000 1
11510000 1
6400000 1
1190000 3
5630000 1
13220000 1
3503950000 1
32240000 1
12450000 1
1020000 2
2130000 1
3240000 1
4350000 1
5460000 3
7680000 1
26860000 1
12280000 1
13650000 1
3150000 1
80000 17
7670000 2
15100000 1
31900000 1
12030000 4
28830000 1
1530000 2
6050000 2
2980000 2
10410000 1
39990000 1
7500000 3
250000 5
1360000 1
10750000 1
4770000 1
5880000 3
9130000 1
10240000 1
13990000 1
420000 13
17220000 1
2640000 1
19440000 1
4940000 1
9300000 1
7160000 1
4090000 2
20890000 1
14930000 1
16040000 2
590000 682
1913230000 1
2810000 1
3920000 2
5110000 1
6220000 2
5370000 2
15870000 1
2380000 2
35980000 1
9810000 1
6820000 1
760000 8
17560000 1
8270000 3
15700000 1
38800000 1
9640000 1
2550000 1
3660000 1
3934180000 1
11430000 1
930000 2
18840000 1
4260000 4
6480000 1
1270000 1
4060300000 1
10920000 1
7930000 1
12370000 1
14590000 1
1100000 4
2210000 1
3320000 3
35810000 1
5540000 2
6650000 2
7760000 1
8870000 1
12200000 1
3690720000 1
3230000 1
160000 6
4072920000 1
10820000 2
27130000 1
3060000 1
12610000 1
330000 5
4850000 2
16620000 2
9370000 1
3934340000 1
12780000 1
9710000 1
11930000 4
500000 4
1950000 1
22950000 1
4170000 2
8430000 3
9540000 1
29430000 1
10650000 1
12950000 1
15170000 1
20480000 1
670000 8
22780000 1
4000000 1
8600000 2
5450000 1
2460000 2
36060000 1
13040000 1
6900000 1
3910000 3
840000 8
2630000 2
13210000 2
3740000 1
7070000 2
8180000 1
1010000 2
2120000 2
15770000 1
40160000 1
1350000 2
24490000 1
3570000 4
8010000 4
11160000 1
70000 11
1180000 2
34780000 1
4510000 2
7840000 1
39980000 1
3310000 2
240000 6
18170000 1
4121300000 1
7830000 1
1690000 2
9120000 2
3140000 3
410000 24
21410000 1
1520000 2
12020000 5
4930000 1
6040000 1
3504200000 1
10400000 1
5270000 1
12700000 1
7490000 1
580000 150
2030000 1
9460000 1
3922940000 1
12870000 1
15090000 1
750000 7
2970000 1
36570000 1
1090000 1
16030000 15
14410000 1
3990000 1
11420000 1
920000 1
5360000 2
13130000 1
2710000 3
14240000 1
3820000 2
28070000 1
8260000 1
23120000 1
6640000 2
1430000 3
8860000 2
32000000 1
150000 14
1260000 3
2370000 3
24400000 1
6810000 1
9030000 1
12360000 1
13470000 1
12600000 1
9530000 1
3390000 2
320000 8
7910000 1
1770000 2
12430000 1
6290000 1
2110000 2
20020000 9
3220000 3
12770000 1
4060330000 1
6630000 1
17290000 1
490000 4
1600000 4
11150000 1
12260000 1
5010000 2
6120000 1
5350000 3
35840000 1
12940000 1
9870000 1
12090000 2
660000 13
14390000 1
2880000 1
5180000 1
1912830000 1
8590000 1
10810000 2
36010000 3
27610000 1
11920000 1
3706210000 1
830000 9
1940000 4
17630000 1
3050000 2
1170000 3
40020000 2
5610000 2
8760000 2
3503930000 1
10210000 1
1000000 2
27350000 1
4330000 2
2790000 2
3900000 1
39680000 1
24030000 5
7230000 1
60000 16
42060000 1
15930000 1
4500000 1
21300000 1
1510000 1
3730000 3
3961190000 1
9100000 1
5950000 2
8170000 1
230000 5
1340000 1
2450000 2
21470000 2
4670000 2
5780000 1
24800000 1
8000000 2
3502990000 1
20270000 1
400000 24
7990000 1
4920000 1
12350000 2
1850000 1
9280000 1
13800000 1
3923080000 1
6710000 1
570000 56
1680000 1
6200000 1
10560000 1
33700000 1
12010000 15
740000 7
3839590000 1
19760000 1
44030000 1
22060000 1
38390000 1
2020000 2
17710000 1
4240000 1
14740000 1
1250000 3
8680000 1
13120000 1
14570000 2
20950000 1
4150000 1
1080000 2
11580000 1
35830000 1
4410000 2
16020000 128
5520000 1
8850000 2
9960000 2
2870000 1
7310000 1
15850000 1
140000 13
2360000 2
4580000 1
6800000 1
1590000 2
9020000 1
6030000 1
13460000 2
310000 8
1420000 3
2530000 2
8080000 1
12520000 1
23100000 1
2100000 3
15830000 1
480000 1
39410000 1
11140000 1
8070000 1
1930000 2
8410000 2
4072770000 1
2270000 3
3380000 1
18240000 1
14040000 1
6790000 1
27790000 1
650000 6
21650000 1
1760000 1
12420000 1
5170000 2
6280000 1
3210000 1
5510000 1
7730000 1
36000000 2
13100000 1
19520000 1
12250000 3
820000 18
3927710000 1
3040000 1
24040000 1
6450000 1
4092920000 1
8750000 1
12080000 1
13270000 1
3971760000 1
990000 3
7390000 2
4320000 4
3934360000 1
22250000 1
1330000 1
11990000 3
8920000 3
20710000 1
7220000 1
28300000 1
50000 29
1160000 4
5600000 3
16260000 1
9090000 1
23870000 1
13530000 2
3922830000 1
220000 8
13870000 2
4106500000 1
1670000 3
27960000 1
3957070000 1
9260000 1
15920000 1
40010000 1
19090000 1
390000 24
1500000 2
2610000 3
24640000 1
4830000 1
8160000 1
9430000 1
15750000 1
5250000 1
2180000 2
58880000 1
9610000 1
6700000 1
3630000 2
560000 39
21560000 1
8150000 3
5080000 1
2010000 2
12510000 1
19940000 1
9440000 1
2350000 2
3460000 1
23350000 1
12850000 1
13960000 1
730000 7
1840000 3
12340000 1
1070000 1
6360000 1
8500000 1
5590000 1
13020000 1
7810000 1
12170000 3
19600000 1
900000 4
16690000 1
18830000 1
3120000 1
4310000 2
5420000 1
6530000 1
12000000 1
36250000 1
3690920000 1
3934280000 1
17890000 1
4092670000 1
14900000 1
1410000 6
11910000 1
8840000 1
10290000 1
1914690000 1
130000 8
1240000 2
35990000 3
4570000 1
5680000 3
16180000 1
41540000 1
10120000 1
14560000 2
4140000 2
11570000 1
13790000 1
16010000 357
300000 4
2520000 1
4740000 2
1750000 2
3970000 2
48030000 1
13620000 1
3838900000 1
15840000 1
19170000 1
470000 4
3800000 1
2690000 1
4910000 2
26940000 1
8240000 2
9350000 1
8400000 1
5330000 1
2260000 2
15990000 12
9850000 1
6780000 1
3710000 2
20510000 1
640000 15
14370000 2
3946590000 1
8230000 1
5160000 2
2090000 2
25370000 1
9680000 1
13090000 1
14200000 1
6950000 2
8060000 1
810000 13
1920000 1
3934140000 1
11470000 1
12580000 1
4220000 1
1150000 2
6440000 1
3370000 3
24690000 2
30060000 1
10190000 1
12410000 2
980000 2
3200000 1
4107340000 1
20000000 1
36800000 1
4390000 4
6610000 1
7720000 1
24520000 1
8910000 1
11130000 1
27930000 1
3922710000 1
40000 56
7550000 1
1490000 5
12150000 1
9080000 1
2940000 2
16590000 2
7380000 1
210000 10
1320000 3
4650000 1
5760000 1
3706190000 1
22560000 1
1927950000 1
43960000 1
3110000 1
59990000 1
380000 21
1913020000 1
2600000 1
7040000 1
1830000 1
52230000 1
4050000 2
20850000 1
9420000 1
13860000 2
16080000 1
550000 21
1660000 2
19570000 1
2770000 3
3880000 1
4990000 1
6100000 1
24010000 44
22210000 1
5410000 1
15910000 1
19140000 1
6860000 1
23660000 1
4073320000 1
720000 10
28020000 2
17520000 1
8310000 2
5240000 1
25290000 1
8490000 1
13010000 1
2510000 1
3620000 1
20420000 1
890000 4
17690000 1
11390000 1
2000000 1
4300000 1
1230000 5
6520000 1
10880000 2
15400000 1
12330000 2
14630000 1
1060000 3
2170000 2
3280000 1
4470000 3
9940000 1
24600000 2
25630000 1
30150000 1
14460000 1
15570000 2
4104020000 1
3190000 1
120000 12
19990000 2
7630000 2
1570000 2
12070000 1
9000000 2
16510000 1
19820000 1
3020000 2
6350000 2
39950000 1
290000 8
17090000 1
44390000 1
1400000 3
4730000 3
21530000 1
9170000 1
10280000 1
14720000 1
43110000 1
26310000 1
47550000 1
460000 9
4900000 2
7120000 1
1910000 2
4130000 6
16000000 5
630000 43
1740000 2
2850000 1
3960000 3
5070000 2
4073730000 1
11630000 2
5490000 2
2420000 1
36020000 1
17280000 1
13080000 1
3838360000 1
10010000 1
27940000 1
3870000 2
800000 16
11460000 1
4210000 1
37810000 1
15980000 8
8730000 1
24700000 1
3838530000 2
970000 1
20010000 17
4380000 1
1310000 3
6600000 1
3530000 1
5830000 4
17620000 1
10350000 1
30000 988
1140000 1
2250000 3
3360000 1
5660000 4
6770000 3
7880000 1
3503980000 1
9070000 1
31180000 1
12400000 1
27340000 1
3270000 2
13850000 1
200000 8
3839130000 1
10860000 1
4640000 1
1650000 1
12310000 1
9240000 1
24020000 18
7540000 1
28620000 1
370000 17
1480000 2
4810000 3
12140000 1
5920000 1
19750000 1
9410000 1
10520000 1
9750000 1
11970000 1
540000 9
14190000 1
16410000 1
2760000 1
8470000 1
11800000 1
15130000 1
710000 2
2930000 1
4040000 4
5150000 3
1050000 3
11550000 2
8480000 2
5570000 1
2500000 3
9930000 1
7020000 1
14450000 1
3950000 1
880000 2
4060250000 1
5400000 1
19150000 1
14280000 1
7190000 1
2160000 2
27520000 1
1390000 2
6680000 1
8820000 2
3610000 1
5910000 1
8130000 1
31270000 1
12490000 1
110000 15
1220000 3
2330000 4
3440000 1
24440000 1
4630000 1
6850000 2
7960000 1
12320000 1
11210000 1
14620000 1
3922730000 1
24270000 1
3839050000 1
3350000 2
280000 9
3690430000 1
12230000 1
1730000 3
9160000 1
27090000 1
450000 9
31870000 1
1560000 1
10950000 1
12060000 1
6000000 1
10440000 3
7450000 1
620000 156
23760000 2
2840000 1
5060000 1
2070000 2
8390000 1
11720000 1
12830000 1
13940000 1
15050000 1
4093120000 1
790000 12
1900000 1
5230000 2
21000000 2
1130000 1
28590000 1
5650000 1
2580000 3
16310000 1
13240000 2
4030000 4
20830000 1
960000 2
10510000 1
31830000 1
25690000 1
2750000 1
19550000 1
31320000 1
4062080000 1
7270000 1
20000 27695
16820000 2
2240000 1
15970000 4
4540000 2
1470000 2
5990000 2
22790000 1
11280000 1
8210000 1
13580000 1
15800000 1
190000 14
3931260000 1
1300000 1
4710000 1
5820000 4
8040000 2
11450000 1
3852420000 1
12560000 1
6420000 1
9570000 3
360000 11
3923290000 1
21600000 1
1810000 4
9400000 1
3260000 3
12730000 1
13840000 1
6590000 1
7700000 1
530000 1
1640000 1
12300000 2
27990000 1
6080000 1
15630000 1
4095720000 1
3504400000 1
5310000 1
8460000 1
700000 4
14350000 1
31150000 1
3946610000 1
16570000 1
8630000 1
9740000 1
15290000 1
870000 4
1980000 1
42870000 1
3090000 1
7350000 1
1210000 5
5730000 1
22530000 1
13160000 1
2660000 2
29960000 1
23980000 1
4110000 1
14610000 1
1040000 1
4450000 1
5560000 1
22360000 1
2830000 1
100000 9
16900000 1
2320000 1
4620000 4
21420000 1
1550000 1
15720000 1
3838780000 1
39970000 1
270000 6
2490000 1
3600000 2
9150000 2
8120000 1
12480000 2
3510000 1
440000 11
10940000 1
17240000 1
4880000 2
1890000 1
4094520000 1
9320000 1
29450000 1
2230000 1
3340000 1
20140000 2
6670000 2
7780000 1
24580000 1
610000 478
1720000 1
6160000 1
5050000 1
19970000 1
5390000 1
7610000 1
24410000 1
35960000 1
9830000 1
14270000 1
780000 8
16490000 1
17580000 1
3000000 1
19800000 1
5220000 1
6330000 1
24240000 1
9660000 1
26460000 1
10770000 3
1912950000 1
11880000 1
32010000 1
3934160000 1
950000 1
2060000 1
7430000 1
4360000 1
1290000 2
15020000 1
11950000 1
8880000 2
5810000 3
2740000 1
26810000 1
16470000 1
10330000 1
10000 1030860
1120000 3
10670000 1
11780000 1
4530000 1
16300000 2
9050000 1
10160000 2
2910000 1
4020000 2
180000 10
2400000 1
1630000 2
6920000 1
3850000 1
3957110000 1
11440000 1
8370000 1
13740000 1
15960000 2
21350000 1
350000 10
1460000 3
2570000 1
4870000 1
9390000 1
2140000 4
44140000 1
12720000 1
3590000 2
520000 2
8030000 6
1970000 3
9560000 1
2310000 1
690000 8
1800000 1
5130000 1
3250000 1
8620000 1
4072900000 1
13060000 2
17340000 1
15280000 2
12290000 2
860000 3
3080000 2
18790000 1
5300000 2
9900000 1
12120000 1
14340000 2
17510000 1
1030000 2
7510000 1
4440000 1
14940000 1
1370000 3
5890000 1
16390000 2
2820000 1
10250000 1
90000 10
21090000 1
10590000 1
1200000 6
5720000 1
8970000 1
10080000 1
4073330000 1
23990000 4
14600000 2
3922790000 1
260000 7
13830000 1
43550000 1
4780000 1
1710000 3
3930000 1
15880000 1
430000 10
22540000 1
28010000 9
4950000 1
6060000 1
7170000 1
2220000 2
9650000 1
14090000 1
3670000 1
32020000 3
600000 837
5040000 1
12550000 1
19980000 1
2390000 2
770000 8
1880000 1
5210000 2
1110000 1
6320000 1
3330000 2
4072820000 1
10760000 4
5550000 1
35350000 1
940000 3
3160000 2
4270000 5
8710000 1
9820000 1
12040000 3
14260000 3
16480000 1
