0 912169
80000 611
160000 149
240000 59
320000 26
560000 1
10000 17823
90000 467
170000 132
250000 55
330000 23
140040000 1
570000 1
730000 1
20000 6413
100000 368
180000 134
260000 44
340000 16
500000 1
580000 1
660000 2
5910000 1
740000 1
30000 3366
110000 287
190000 110
270000 31
350000 13
510000 1
590000 2
750000 2
40000 2060
120000 237
200000 95
7550000 1
280000 34
360000 2
520000 2
600000 1
680000 1
760000 1
50000 1359
130000 192
210000 76
290000 32
530000 1
770000 1
60000 1039
140000 165
220000 65
300000 34
780000 1
70000 763
150000 146
230000 57
310000 41
7760000 1
630000 1
