0 1765761
2100000 1
5330000 1
2260000 1
15990000 1
3390000 1
2420000 3
2580000 1
1610000 1
2740000 1
3870000 1
10170000 1
1770000 1
1930000 4
4030000 2
10000 1061
1120000 1
3220000 1
2270000 1
3380000 2
1440000 1
2590000 1
1600000 2
1760000 2
1920000 2
4020000 2
20000 10
2240000 2
2400000 1
1470000 2
10960000 1
1630000 3
2720000 2
1790000 1
820000 2
3040000 1
30000 1
3520000 1
26660000 1
1940000 4
3050000 1
4160000 1
2140000 1
5450000 1
1330000 1
3430000 1
520000 1
3750000 1
1650000 1
680000 1
2780000 2
2940000 4
1000000 1
14650000 1
2150000 1
31790000 1
2470000 1
530000 1
1640000 2
1800000 1
3250000 1
2280000 3
3410000 1
380000 1
1510000 2
540000 1
4820000 1
1670000 1
2760000 1
1830000 1
2290000 1
4350000 1
2450000 1
390000 1
1500000 1
3560000 1
2770000 1
710000 1
3880000 1
1980000 1
3090000 1
2180000 2
1210000 1
2340000 1
5570000 1
1370000 1
400000 2
2500000 1
2820000 1
1850000 1
2010000 1
240280000 1
2350000 1
2510000 1
3620000 1
1520000 1
5720000 1
570000 4
1680000 1
730000 2
2990000 1
2000000 1
2160000 1
3290000 1
2320000 2
3450000 1
420000 2
1550000 1
580000 7
4780000 1
1710000 1
1870000 2
3280000 2
2330000 1
2490000 2
1540000 1
590000 15
1700000 2
2810000 1
1860000 3
2970000 1
2020000 2
3130000 1
3190000 2
2380000 1
15060000 1
2540000 2
600000 11
4880000 1
2860000 2
3020000 1
2050000 2
1080000 1
5360000 1
3340000 1
2230000 3
16020000 1
2390000 2
3500000 2
450000 1
3660000 2
1560000 2
610000 11
2710000 1
1720000 1
543950000 1
1880000 3
14560000 1
3030000 1
2040000 1
3170000 2
16010000 4
2360000 4
3490000 1
2680000 2
1590000 1
620000 1
2840000 2
1910000 2
3000000 1
5220000 1
1100000 1
16000000 1
2370000 1
1420000 1
1580000 1
3800000 1
2690000 1
630000 1
1900000 2
790000 1
