0 40873851
12600000 1
1130000 1
11790000 1
320000 9
9850000 1
3710000 1
640000 2
4030000 1
2110000 1
170000 34
9680000 1
33770000 1
6630000 1
490000 10
8060000 1
12260000 1
810000 2
17610000 1
3070000 1
19870000 1
20000 1468
340000 5
1470000 1
9870000 1
660000 4
3149530000 1
2880000 1
12410000 1
4010000 1
20810000 1
20000000 6
190000 27
510000 8
15330000 1
12240000 2
830000 2
1940000 1
40000 374
25240000 1
1170000 2
14820000 1
15950000 2
19100000 1
10700000 1
360000 8
5148090000 1
5930000 1
680000 2
4070000 1
12730000 1
210000 22
1320000 1
11980000 1
530000 4
8930000 1
850000 1
60000 212
14800000 1
10680000 1
380000 6
1510000 1
16250000 1
700000 5
1830000 2
4050000 1
1020000 2
230000 18
17030000 1
14970000 1
2450000 1
550000 7
1660000 1
16400000 1
8000000 1
870000 1
24010000 16
1980000 1
7210000 1
11490000 1
80000 143
1210000 1
8640000 1
3470000 1
400000 3
5730000 1
10090000 1
7990000 1
3790000 1
720000 3
16550000 1
2980000 1
1040000 2
18990000 1
7500000 1
250000 9
10750000 1
1360000 1
570000 133
32070000 1
1680000 1
890000 2
4531920000 1
100000 121
420000 8
12010000 5
1550000 1
23640000 1
2640000 2
3770000 1
740000 1
8290000 1
15720000 2
13820000 1
29510000 1
270000 11
4470000 1
11840000 1
16040000 1
13030000 1
9940000 1
590000 82
2810000 1
3920000 1
9150000 1
16680000 1
6220000 1
12480000 1
120000 150
4560000 1
440000 6
7950000 1
760000 4
23940000 1
290000 6
16020000 3
610000 12
5840000 1
6990000 1
14400000 1
930000 1
12540000 1
14720000 1
140000 62
2360000 1
20290000 1
16170000 1
460000 19
1590000 2
15360000 1
780000 2
3000000 1
9340000 1
2210000 1
3320000 1
31690000 1
16000000 131
310000 4
10770000 1
32010000 1
630000 5
4504400000 1
8080000 1
950000 1
3230000 1
20030000 1
32630000 1
160000 31
1290000 2
9690000 1
2420000 1
480000 13
17280000 1
12270000 1
8070000 1
800000 4
7260000 1
10000 8878
1120000 2
27470000 1
15980000 1
330000 6
650000 1
4850000 1
7110000 1
2080000 1
3210000 1
20010000 5
15810000 1
180000 28
16980000 1
500000 4
820000 7
19840000 1
15640000 1
30000 687
21030000 1
4230000 1
5340000 1
2250000 1
10650000 2
15960000 1
7560000 1
350000 8
18260000 2
670000 3
14380000 1
2890000 2
4000000 1
990000 1
4320000 1
200000 22
1330000 1
7710000 1
16110000 1
520000 8
1650000 1
16430000 1
32420000 1
50000 276
370000 5
690000 1
18600000 1
1800000 1
15470000 1
16580000 1
8180000 1
13530000 1
1010000 1
3250000 1
220000 10
1350000 1
7690000 1
24490000 1
4660000 1
540000 11
8010000 1
860000 2
24000000 16
12590000 2
70000 189
40010000 1
15920000 1
2290000 1
3400000 1
390000 8
4450430000 1
2610000 1
11010000 1
18300000 1
710000 2
1820000 1
4040000 2
9430000 1
1050000 1
2180000 1
7510000 1
13810000 1
240000 14
8800000 1
2500000 1
560000 27
15260000 1
880000 1
2010000 1
4531930000 1
3140000 1
90000 128
1200000 1
35950000 1
3460000 1
410000 4
16220000 1
12020000 2
730000 2
16540000 1
1070000 1
12700000 1
260000 14
16050000 3
6680000 1
22390000 1
9950000 1
3610000 1
580000 138
1710000 2
900000 2
110000 136
5420000 1
7640000 1
430000 10
4630000 1
12000000 5
1540000 1
5740000 1
28010000 4
750000 1
12640000 1
1090000 1
2220000 3
7470000 2
16030000 3
280000 8
14090000 1
32020000 1
600000 23
1730000 2
9160000 1
48010000 1
2050000 1
19980000 1
130000 106
14750000 1
7620000 1
450000 14
1560000 2
19510000 1
2710000 1
15390000 1
770000 3
11270000 1
7150000 1
8260000 1
1110000 1
12660000 1
3330000 1
14880000 1
4420000 1
16010000 110
300000 7
32000000 1
620000 7
2840000 1
5060000 1
940000 1
2070000 2
3160000 1
150000 52
11720000 1
13940000 1
470000 11
27730000 1
12040000 1
3800000 1
790000 4
10460000 1
