0 1694872
1050000 1
1210000 1
400000 1
564980000 1
800000 1
10000 1336
1280000 2
490000 1
730000 1
810000 3
890000 4
970000 1
538960000 1
20000 17
260000 1
580000 1
660000 3
740000 1
820000 1
900000 4
980000 1
30000 3
110000 1
1220000 1
1300000 1
1460000 1
590000 1
670000 3
750000 5
714900000 1
830000 2
910000 2
1090000 1
680000 2
760000 2
840000 1
130000 1
1240000 1
739560000 1
450000 1
610000 1
690000 3
770000 1
850000 5
930000 1
1350000 1
1430000 1
380000 1
540000 1
620000 1
780000 2
860000 3
1180000 1
1340000 3
739580000 1
710000 4
790000 3
870000 1
950000 1
