0 24741983
13730000 1
4364180000 1
2260000 2
15990000 3
1450000 1
4551240000 1
7910000 1
640000 1
10170000 1
4672230000 1
20020000 1
36030000 1
490000 3
1600000 2
3860000 1
810000 1
7270000 1
20000 20
4220000 1
15970000 1
7570000 1
4540000 1
1470000 1
37290000 1
660000 3
980000 1
134210000 1
3200000 1
7400000 1
190000 1
7720000 1
510000 3
1620000 1
830000 1
5030000 1
1940000 1
6140000 1
4160000 1
360000 1
4800000 1
4550790000 1
1000000 1
12730000 1
530000 3
4469630000 1
27990000 1
850000 2
5310000 1
1190000 1
23200000 1
15930000 1
17180000 1
9910000 1
700000 1
134170000 1
1020000 2
14670000 1
4362150000 1
134310000 1
230000 2
1340000 1
11960000 2
13070000 1
550000 6
14180000 1
1660000 1
2770000 1
4990000 1
4826370000 1
24010000 4
3150000 1
1210000 2
11710000 1
2340000 1
19140000 1
24470000 1
6860000 1
2660000 1
10090000 1
4362640000 1
720000 1
4920000 1
13480000 1
15740000 1
4551170000 1
2510000 1
14120000 2
3620000 2
570000 4
4605930000 1
133980000 1
14440000 1
890000 2
2000000 2
1230000 1
12860000 1
35920000 1
4596210000 1
18350000 1
12010000 2
7970000 1
20570000 1
148710000 1
2960000 1
4090000 1
134130000 1
14630000 1
1060000 1
3280000 1
7480000 1
270000 1
1380000 1
13030000 1
4444370000 1
590000 6
4790000 1
13350000 1
133960000 1
7330000 1
4240000 1
1250000 1
440000 1
13120000 1
760000 1
3020000 1
1080000 1
4502670000 1
4671460000 1
4551130000 1
3660000 1
15230000 1
610000 5
1720000 1
4595870000 1
15850000 1
140000 1
1270000 1
4580000 2
780000 1
6030000 1
3000000 1
3320000 1
4362230000 1
16000000 33
5540000 1
3640000 2
630000 4
10300000 1
6180000 1
13630000 1
10500000 1
6300000 1
5490000 1
4671750000 1
3550000 1
11950000 1
8880000 1
12270000 1
1930000 1
10000 793
4826660000 1
4605530000 1
15980000 1
3700000 1
650000 2
133900000 1
14360000 1
2910000 1
970000 1
134260000 1
1310000 1
2400000 1
500000 2
4468550000 1
4826320000 1
5020000 1
820000 1
134050000 1
30000 5
4230000 1
15960000 1
350000 1
4444290000 1
133880000 1
670000 4
4000000 1
13590000 1
4550720000 1
4320000 1
4468170000 1
1330000 1
2460000 1
11990000 1
36060000 1
520000 2
2780000 1
11180000 1
36380000 1
840000 2
16750000 1
50000 1
4550890000 1
7540000 1
134450000 1
2310000 1
13210000 1
3740000 1
4490550000 1
690000 1
5920000 1
2950000 2
4060000 1
9410000 1
1010000 1
3250000 1
1350000 1
6560000 1
29860000 1
540000 5
8940000 1
8010000 1
13380000 1
860000 2
4506710000 1
11480000 1
7520000 1
3720000 1
20520000 1
14340000 1
710000 1
7050000 1
2930000 1
13550000 1
1030000 1
4671510000 1
4829820000 1
1050000 1
8480000 1
6380000 1
4490260000 1
3310000 1
240000 1
560000 7
5890000 1
1690000 2
16390000 1
880000 2
90000 2
1200000 1
6550000 1
2350000 1
7660000 1
12020000 1
4930000 1
39960000 1
3290000 1
13830000 1
3610000 1
580000 3
2800000 1
19920000 1
9460000 1
110000 1
2330000 1
9780000 1
430000 1
1540000 1
12000000 1
15410000 1
750000 5
4950000 1
4672280000 1
2970000 1
7470000 1
4606770000 1
3670000 1
600000 4
3990000 2
5040000 1
24910000 1
6170000 1
7300000 1
134530000 1
4488210000 1
450000 1
1560000 1
19830000 1
8540000 1
20130000 1
16010000 9
11890000 1
9990000 1
4468590000 1
11400000 1
10310000 1
45000000 1
940000 2
4502510000 1
3160000 1
4826600000 1
4605510000 1
7600000 1
5700000 1
470000 1
5230000 1
