0 34098379
1130000 2
15990000 1
320000 1
1450000 1
27780000 1
640000 2
1770000 1
4030000 1
2090000 1
2110000 1
170000 1
1600000 2
3860000 1
810000 3
20000 27
13750000 1
6440000 1
15970000 2
660000 2
1790000 1
4010000 4
980000 1
190000 2
7633950000 1
510000 1
830000 4
1940000 2
4734250000 1
40000 5
1170000 1
7870000 1
680000 2
10210000 1
1810000 1
1000000 1
14650000 1
15780000 1
210000 5
6590000 1
530000 1
6910000 1
6080000 1
1960000 1
9250000 1
60000 2
3410000 1
380000 2
9910000 1
2600000 1
5950000 1
4050000 1
13540000 1
15760000 1
4321260000 1
230000 1
550000 1
1660000 1
3880000 1
870000 2
8320000 1
24010000 7
7210000 1
80000 2
35940000 1
400000 2
15100000 1
12030000 2
720000 1
250000 2
19310000 1
570000 32
169680000 1
890000 3
100000 4
420000 1
12010000 5
13180000 1
740000 3
1060000 1
2170000 1
12710000 1
270000 2
1380000 1
590000 89
2810000 1
12480000 1
3130000 1
120000 6
12800000 1
1570000 1
760000 1
1890000 1
4150000 1
5200000 1
3340000 1
2230000 1
10790000 1
290000 1
610000 12
930000 1
140000 2
1270000 1
1590000 1
51990000 1
780000 2
1100000 2
16000000 14
3640000 1
32010000 1
630000 4
12200000 1
8080000 1
13310000 1
950000 1
160000 4
2420000 1
2740000 1
17600000 1
3060000 1
10000 3876
15980000 1
4530000 1
12930000 1
330000 3
4307140000 1
650000 4
2910000 1
970000 1
20010000 1
180000 2
12780000 1
1310000 1
2400000 1
13100000 1
500000 1
19520000 1
820000 2
4170000 1
30000 21
13740000 1
15960000 1
8750000 1
350000 3
670000 2
6343540000 1
1780000 1
15490000 1
4000000 1
990000 1
2140000 1
4320000 1
200000 4
4640000 1
520000 2
27980000 1
1970000 1
3100000 1
50000 8
25250000 1
1160000 1
6750000 1
11030000 1
13210000 1
6343560000 1
220000 2
540000 1
8010000 1
860000 2
8330000 1
12590000 1
70000 3
6410000 1
1180000 1
390000 4
2610000 1
14340000 1
710000 1
10220000 1
9430000 1
1050000 1
13810000 1
240000 1
560000 8
1690000 1
880000 2
26240000 1
90000 3
27390000 1
410000 4
5720000 1
1520000 1
4748730000 1
730000 3
15430000 1
1840000 1
13490000 1
4100000 2
3290000 1
16050000 1
5590000 1
8820000 1
580000 89
169710000 1
900000 1
15560000 1
16690000 1
110000 5
28010000 4
750000 1
23970000 1
1090000 1
280000 1
600000 49
3990000 1
2050000 1
130000 4
450000 1
1560000 1
770000 1
1880000 1
3030000 1
16010000 102
300000 1
2520000 2
15200000 1
620000 3
9180000 1
12530000 1
9500000 1
150000 2
3480000 1
470000 1
1580000 1
790000 1
4307400000 1
6568080000 1
4120000 1
