0 23258826
80000 9
160000 4
240000 1
320000 4
4278480000 1
400000 2
480000 1
560000 1
720000 1
800000 1
10000 1006
4278250000 2
90000 15
170000 7
4521850000 1
330000 2
410000 3
3281520000 1
570000 1
20000 244
100000 15
180000 2
260000 3
340000 3
500000 1
660000 1
820000 1
9613250000 1
30000 105
110000 11
190000 2
350000 6
510000 23
750000 1
830000 1
40000 67
120000 2
280000 1
360000 4
520000 17
600000 1
680000 1
50000 61
130000 5
210000 2
290000 2
4153800000 2
530000 7
770000 1
60000 31
140000 1
220000 2
300000 1
380000 5
540000 1
700000 1
3995960000 1
4278230000 1
70000 18
150000 1
4274190000 1
310000 2
390000 1
550000 1
710000 2
4414220000 1
790000 2
4414380000 1
