0 2837329
1050000 1
1210000 1
1290000 3
1450000 2
480000 1
960000 1
1040000 3
10000 333
1120000 1
1200000 1
1440000 1
730000 2
970000 3
20000 14
100000 1
1150000 2
1310000 1
1390000 1
1470000 1
660000 1
820000 1
15702280000 1
30000 7
1140000 2
110000 1
1460000 2
670000 1
40000 10
1090000 1
120000 2
1330000 1
1000000 3
50000 6
1160000 1
1320000 1
1400000 1
1480000 1
690000 1
1010000 1
60000 4
1190000 1
1270000 1
4500000 1
1430000 1
15705960000 1
700000 2
1020000 4
1180000 2
1260000 1
1420000 1
1500000 1
15706290000 1
710000 2
950000 1
1030000 3
