0 1216699
1050000 2
1130000 6
1210000 2
160000 1
1290000 1
1450000 4
480000 1
720000 5
1770000 1
960000 1
1040000 5
10000 1676
90000 2
5320000 1
1120000 1
1200000 1
1280000 1
1360000 2
1440000 7
1520000 2
650000 2
970000 2
20000 63
1070000 3
1150000 4
100000 1
1230000 2
1310000 5
1390000 2
1470000 6
660000 4
980000 1
30000 19
1060000 1
1140000 6
1300000 1
1380000 1
1460000 6
1540000 1
1700000 1
590000 1
670000 3
750000 2
830000 1
910000 1
990000 2
40000 6
1170000 3
1330000 3
1490000 3
600000 2
1650000 1
680000 3
760000 1
920000 2
1000000 5
50000 10
1160000 3
130000 1
210000 1
1400000 3
1480000 5
1560000 2
530000 1
690000 3
1010000 6
60000 8
1110000 2
380000 1
1430000 3
1510000 1
620000 1
700000 3
1020000 13
70000 5
150000 1
1180000 1
1340000 3
1420000 3
550000 2
710000 4
950000 2
1030000 3
