0 1251002
14700000 1
160000 1
240000 25
320000 1
10000 55
250000 16
730000 2
970000 1
20000 3
260000 56
1310000 1
1390000 1
660000 2
28000000 2
740000 2
820000 1
30000 1
20000000 1
190000 1
270000 68
1380000 1
430000 3
1460000 1
510000 13
750000 1
990000 2
40000 3
280000 62
440000 4
520000 12
760000 2
840000 1
210000 1
290000 47
1400000 1
370000 1
530000 3
690000 1
1010000 1
60000 1
140000 2
220000 4
300000 23
540000 1
700000 4
860000 2
940000 1
150000 2
230000 15
310000 4
16000000 4
13230000 1
710000 2
24010000 1
950000 2
9350000 1
1030000 1
