0 15904230
80000 8
160000 6
320000 3
1040000 1
10000 4818
90000 5
11620000 1
170000 2
250000 3
1680000 1
20000 92
100000 5
180000 1
260000 1
2400000 1
340000 1
1710000 1
900000 1
30000 30
110000 3
190000 1
270000 2
2410000 1
350000 2
1460000 1
430000 1
40000 20
120000 1
200000 6
280000 2
360000 2
50000 12
130000 2
210000 1
290000 4
370000 2
450000 2
1560000 1
530000 1
610000 1
60000 11
140000 1
220000 1
300000 3
2440000 1
380000 1
460000 1
2760000 1
70000 7
150000 2
2290000 1
230000 2
1580000 1
1740000 1
