0 17781228
2260000 2
3492180000 1
673620000 1
640000 23
16630000 1
2090000 1
170000 8
1280000 4
2430000 1
3540000 2
46690000 1
810000 19
1920000 2
3070000 1
1150000 2
340000 6
2560000 1
13260000 1
1790000 1
980000 2
7720000 1
510000 2
1620000 1
2730000 1
6140000 1
25160000 1
16760000 1
40000 3
7550000 1
4480000 1
1490000 3
680000 14
2940000 1
3341660000 1
210000 1
1320000 1
2470000 2
20380000 1
3492390000 2
8020000 1
674940000 1
850000 4
1190000 4
3410000 2
380000 43
2600000 3
1020000 2
10530000 1
550000 52
1660000 1
19570000 1
3647690000 1
3880000 1
4990000 1
24010000 11
8320000 1
3150000 2
3293730000 1
2340000 2
720000 6
3585140000 1
6390000 1
250000 2
1360000 2
2510000 1
3281760000 1
890000 1
8660000 1
420000 9
2640000 2
3565780000 1
10110000 1
4940000 3
1870000 2
1060000 3
3280000 1
590000 567
1700000 2
3190000 1
120000 1
4560000 1
3830000 1
760000 13
3020000 1
6350000 1
290000 2
1400000 3
2550000 1
930000 2
4260000 2
1270000 2
3490000 2
460000 3
2680000 1
1100000 1
3320000 1
16000000 8
630000 45
1740000 2
3960000 1
3230000 1
160000 2
2420000 1
800000 19
12610000 1
5320000 1
1440000 1
2590000 1
12100000 1
3700000 1
2897860000 1
970000 3
2080000 1
20010000 2
4380000 2
12780000 1
1310000 3
5830000 1
2720000 1
1950000 1
4170000 1
30000 12
2250000 1
10650000 1
12950000 1
6770000 1
670000 9
9070000 1
1780000 2
2890000 1
200000 3
18130000 1
10860000 1
2460000 1
1650000 1
840000 5
15940000 1
370000 29
8770000 1
1480000 3
2630000 1
4810000 1
2910420000 1
5920000 1
9410000 1
1010000 2
2120000 1
7370000 1
1350000 3
540000 20
8010000 1
1990000 2
70000 3
1180000 14
9580000 1
3400000 1
710000 15
1820000 2
2930000 1
4040000 1
1050000 3
2500000 2
1690000 1
880000 4
16710000 1
674500000 1
410000 11
1520000 2
3780000 1
1390000 1
580000 953
16370000 1
2030000 1
110000 2
1220000 6
2330000 2
3440000 1
674800000 1
8990000 1
750000 9
1860000 2
1090000 2
8520000 1
280000 4
2540000 2
28710000 1
1730000 1
920000 2
6170000 1
16670000 1
3180000 1
58770000 1
10950000 1
1560000 1
23630000 1
36310000 1
4420000 1
620000 93
7280000 1
2070000 1
9500000 1
150000 2
1260000 3
3480000 1
10140000 1
790000 15
1900000 1
5230000 2
4200000 1
1130000 4
320000 1
7168840000 1
1770000 1
4030000 1
960000 1
4370000 1
490000 1
1600000 1
20000 47
2240000 1
1470000 2
3646470000 1
660000 11
190000 7
1300000 2
2410000 1
36010000 2
673770000 1
6930000 1
830000 11
1940000 1
1170000 13
360000 12
2910430000 1
3270180000 1
1810000 2
1000000 3
2150000 2
10550000 1
3260000 1
530000 11
60000 4
16860000 1
2280000 2
35880000 1
4500000 1
1510000 3
3730000 1
700000 13
230000 5
1340000 3
3326590000 1
8000000 1
870000 8
1980000 2
1210000 2
400000 10
5730000 1
9280000 1
4110000 1
1040000 4
5560000 1
673550000 1
570000 514
2830000 1
3940000 2
100000 1
12010000 3
673680000 1
1550000 2
8980000 1
740000 10
3294390000 1
25310000 1
270000 2
2490000 2
3269970000 1
3492410000 1
5900000 1
910000 2
3130000 2
1250000 2
440000 3
5690000 1
3351840000 1
1890000 1
1080000 2
12650000 1
2230000 1
16020000 1
9960000 1
610000 145
140000 2
7610000 2
2360000 1
673720000 1
3810000 1
780000 13
3000000 2
674360000 1
310000 1
2530000 1
950000 2
2060000 1
2100000 1
1290000 3
3550000 1
480000 1
2740000 1
11140000 1
16470000 1
1930000 1
7260000 1
7170130000 1
10000 4767
3380000 2
650000 11
1760000 2
4020000 1
3210000 1
180000 11
2400000 1
1630000 2
10030000 1
3473620000 1
9220000 1
820000 13
16770000 1
25230000 1
16830000 1
350000 6
1460000 1
12080000 1
990000 2
2140000 2
4320000 1
1330000 3
3590000 1
520000 4
1970000 1
50000 5
1160000 2
4490000 1
673670000 1
3341350000 1
690000 10
1800000 1
4060000 2
3250000 1
220000 1
4660000 1
860000 10
24000000 2
390000 21
1500000 4
2610000 1
3720000 1
16560000 1
15750000 1
2180000 1
1370000 2
3630000 2
560000 66
13320000 1
1200000 1
2350000 1
3460000 1
8970000 1
730000 12
1840000 1
1070000 2
260000 7
5590000 1
7178150000 1
7000000 1
900000 2
5420000 1
430000 6
1540000 2
2650000 1
3760000 1
14300000 1
6060000 1
673580000 1
3670000 1
600000 226
2860000 2
130000 1
1240000 3
12810000 1
2390000 1
3500000 2
4570000 1
7940000 1
770000 17
3030000 1
4140000 1
1110000 6
3330000 1
16010000 14
300000 4
9990000 1
3326660000 1
940000 2
3160000 1
12040000 2
470000 2
1580000 1
2690000 2
4910000 1
