0 82793710
160000 2
320000 1
3614790000 1
11950000 1
9040000 1
4840000 1
800000 1
4030000 1
10000 124
4210000 1
330000 2
3582330000 1
490000 1
20000 21
1150000 1
14840000 1
500000 1
660000 1
7240000 1
30000 4
20000000 1
190000 1
510000 2
5980000 1
830000 1
40000 5
1170000 1
200000 6
4480000 1
520000 3
840000 4
50000 3
210000 18
370000 2
5760000 1
530000 6
690000 1
850000 3
60000 1
45250000 1
220000 2
540000 8
12130000 1
700000 1
860000 2
24000000 4
14810000 1
70000 2
1180000 1
390000 1
11960000 1
550000 27
710000 1
870000 2
1980000 1
3090000 1
6380000 1
240000 1
400000 2
23500000 1
560000 35
13480000 1
880000 1
1360000 1
2510000 1
410000 1
511180000 1
570000 33
2670000 1
1680000 1
890000 1
26090000 1
260000 1
580000 26
740000 2
1220000 1
10730000 1
270000 1
430000 2
9940000 1
2650000 1
590000 16
2810000 1
750000 1
2220000 1
1410000 1
440000 1
600000 6
8530000 1
450000 1
610000 2
4890000 1
48000000 1
930000 1
3030000 1
15710000 1
1110000 2
620000 4
780000 1
3000000 1
1100000 1
150000 1
1260000 1
16000000 10
310000 1
470000 2
8080000 1
