0 3946448
80000 6148
160000 2
240000 1
560000 85
640000 7
10000 240822
90000 4506
1120000 1
170000 2
570000 82
650000 10
986450000 1
20000 75513
100000 3204
1150000 1
180000 2
1185200000 1
500000 7
580000 52
660000 6
30000 32533
110000 1950
1140000 1
190000 2
430000 1
510000 36
590000 44
670000 6
40000 13124
120000 1201
200000 3
360000 3
520000 71
600000 32
680000 6
50000 10417
130000 617
1185030000 1
370000 1
450000 2
530000 92
610000 28
690000 3
1112250000 1
704420000 1
901660000 1
60000 10036
140000 189
220000 4
540000 105
844670000 1
620000 16
700000 1
824070000 1
70000 8096
150000 33
310000 1
390000 1
470000 1
550000 84
630000 17
