0 4392725
480000 1
640000 2
720000 1
7340000 1
10000 83
1120000 1
170000 1
330000 1
650000 6
20000 8
180000 1
420000 2
500000 1
660000 27
30000 1
9660620000 1
430000 6
590000 1
670000 59
750000 1
8120000 1
7295980000 1
40000 1
1090000 1
3190000 1
1410000 1
440000 10
680000 57
17480000 1
9806270000 1
920000 1
14570000 1
1000000 1
1080000 1
290000 1
450000 8
12060000 1
690000 32
770000 1
1010000 1
1110000 1
220000 1
1430000 1
460000 4
540000 1
700000 11
1340000 1
1420000 1
470000 2
630000 1
710000 2
870000 1
1030000 1
