0 3280968
80000 1
10580000 1
1210000 1
480000 2
640000 2
7990000 1
4920000 1
800000 2
880000 1
7180000 1
10000 199
15980000 1
570000 12
730000 1
1070000 1
20000 3
260000 1
340000 1
580000 31
3930000 1
30000 3
270000 1
430000 1
510000 1
12000000 1
590000 19
28010000 2
40000 1
12800000 1
7812380000 1
600000 11
8441740000 1
50000 1
290000 1
370000 1
450000 3
610000 4
1010000 1
4260000 1
2280000 1
140000 2
1270000 1
220000 1
16010000 13
2440000 1
8780000 1
21460000 1
24000000 1
16000000 5
5540000 1
390000 3
13070000 1
470000 1
550000 1
7812450000 1
790000 1
24010000 3
950000 1
