0 3087734
2100000 1
1370000 1
560000 2
720000 1
33270000 1
800000 1
1040000 1
10000 291
1360000 1
3540000 1
570000 19
650000 1
20000 4
260000 1
340000 1
420000 1
580000 34
820000 1
5180000 1
4563330000 1
30000 1
4519570000 1
190000 1
2410000 1
590000 24
830000 1
4240000 1
1090000 1
440000 1
1650000 1
600000 7
4800000 1
920000 1
3100000 1
50000 1
610000 2
6080000 1
2950000 1
1110000 1
60000 1
16010000 12
13950000 1
1350000 1
620000 2
13700000 1
5540000 1
16000000 3
12910000 1
5700000 1
550000 1
630000 1
710000 1
3960000 1
1900000 1
8240000 1
