0 2783486
1050000 2
1290000 2
1370000 1
1450000 4
1040000 1
10000 247
90000 4
1200000 1
170000 1
1440000 4
330000 1
5131320000 1
15708690000 1
810000 1
20000 16
1070000 1
100000 3
1310000 1
1470000 2
740000 3
980000 1
30000 6
1060000 1
190000 1
1380000 2
1460000 1
590000 1
670000 1
990000 1
40000 8
1090000 1
1330000 1
1410000 5
1490000 1
600000 1
760000 1
1000000 3
50000 6
130000 2
1160000 1
1320000 1
1400000 2
1480000 1
610000 1
690000 2
770000 2
930000 1
1010000 2
60000 5
1190000 1
140000 1
1270000 1
1430000 1
1020000 3
70000 4
1180000 1
150000 1
1260000 3
1420000 2
1500000 1
630000 1
710000 3
950000 2
1980000 1
1030000 1
