0 2146286
1050000 1
80000 2
2260000 1
1370000 1
1450000 1
1530000 1
1610000 1
720000 2
10000 108
90000 1
1200000 1
1280000 2
1360000 1
1440000 2
1520000 1
650000 1
970000 2
20000 24
1150000 1
1310000 1
1390000 2
1470000 1
740000 1
820000 1
1060000 1
30000 12
1220000 1
1380000 2
1460000 3
670000 2
990000 1
40000 4
2220000 1
1250000 1
1490000 1
3910000 1
50000 7
1080000 1
690000 1
60000 2
7963080000 1
1430000 1
1510000 1
3890000 1
940000 2
1020000 2
1100000 2
70000 1
630000 1
710000 2
790000 1
7311470000 1
950000 1
