0 10173966
80000 2415
160000 166
240000 23
320000 16
400000 8
480000 2
560000 2
640000 23
720000 10
800000 1
880000 1
10000 140756
90000 1693
1256310000 1
170000 70
250000 31
330000 7
410000 6
490000 2
570000 1
650000 23
730000 3
810000 1
1293760000 1
20000 47691
100000 1089
180000 42
260000 28
340000 9
420000 4
500000 1
580000 4
660000 30
740000 4
900000 1
30000 23079
110000 857
190000 29
1250110000 1
270000 16
350000 4
430000 3
510000 2
590000 16
670000 21
1256930000 1
750000 2
910000 1
40000 13379
120000 668
1250040000 1
200000 39
280000 15
360000 6
440000 4
520000 1
600000 16
680000 13
760000 3
840000 1
1317880000 1
945770000 1
50000 8192
130000 514
210000 24
290000 13
370000 4
450000 2
530000 2
610000 15
690000 10
770000 2
850000 1
60000 5399
140000 452
220000 41
300000 16
380000 7
460000 5
540000 1
620000 28
700000 5
780000 1
860000 1
70000 3617
150000 323
230000 24
310000 13
390000 11
946170000 1
470000 2
550000 2
630000 33
710000 5
790000 2
