0 2935162
2260000 62
4520000 3
1450000 38
3710000 7
640000 1
17440000 1
2900000 41
5160000 1
2090000 61
1280000 44
2430000 70
3540000 11
810000 4
1920000 70
3070000 25
4180000 4
4220000 3
1150000 85
3370000 16
340000 1
2560000 53
4860000 1
1790000 76
18590000 1
4010000 5
980000 33
3200000 33
4390000 4
510000 2
1620000 54
2730000 53
3840000 4
40000 1
2300000 69
6066370000 1
4480000 2
1490000 52
3750000 12
680000 65
2940000 37
1320000 43
2470000 74
3580000 8
4650000 3
4224090000 1
850000 16
1960000 88
3110000 27
1190000 60
3410000 11
2600000 68
4820000 1
1830000 84
4050000 6
1020000 37
2130000 50
3240000 20
5598360000 1
4350000 7
1660000 59
2770000 44
3880000 6
4990000 1
2019540000 1
3150000 12
80000 1
5410000 1
2340000 61
19140000 1
4600000 1
1530000 78
3790000 5
7932200000 1
720000 14
2980000 36
1360000 47
2510000 90
3620000 9
4770000 3
890000 10
2000000 82
4300000 2
1230000 41
3450000 10
2640000 67
13180000 1
2019190000 1
4940000 1
1870000 86
3086770000 1
4090000 4
17860000 1
1060000 42
2170000 60
3280000 19
4470000 6
590000 2
1700000 63
17390000 1
2810000 46
3920000 4
3190000 28
5370000 1
2380000 68
4560000 2
1570000 49
3830000 6
760000 7
3020000 30
2019790000 1
1400000 56
2550000 67
3660000 7
4730000 1
930000 42
2040000 73
4260000 3
1270000 47
3490000 11
2680000 48
1910000 87
7928060000 1
4130000 4
1100000 56
2210000 57
17900000 1
3320000 13
4430000 6
16000000 1
630000 1
1740000 67
2850000 51
3960000 6
3230000 21
4228000000 1
2420000 75
4680000 5
1610000 64
3870000 5
800000 4
14530000 1
3060000 29
4210000 4
17920000 1
5598500000 1
1440000 41
330000 1
2590000 61
3700000 9
18560000 1
970000 39
2080000 66
4380000 3
1310000 27
3530000 17
500000 1
2720000 51
1950000 78
4170000 5
30000 4
1140000 82
2250000 63
3360000 18
4550000 2
670000 52
1780000 74
2890000 51
4000000 8
3270000 16
7930390000 1
5450000 1
5598710000 1
2460000 72
4640000 3
17320000 1
1650000 56
3910000 10
840000 7
3100000 31
5598540000 1
370000 1
1480000 43
2630000 59
3740000 6
4810000 4
18600000 1
1010000 56
2120000 50
4340000 3
1350000 44
14960000 1
3570000 8
5790000 1
2760000 28
1990000 82
70000 3
1180000 65
2290000 62
3400000 15
4510000 2
710000 28
1820000 66
2930000 30
4040000 6
5150000 1
6994970000 1
1050000 46
3310000 29
2500000 77
4760000 1
1690000 58
3950000 8
880000 8
3140000 22
4290000 3
18000000 1
5400000 1
4229360000 1
410000 1
1520000 60
2670000 46
3780000 9
4930000 1
2160000 59
17870000 1
4460000 1
1390000 43
3610000 8
2800000 32
2030000 67
1220000 61
2330000 88
3440000 15
4630000 3
17230000 1
750000 16
2020290000 1
1860000 84
2970000 35
4080000 6
1090000 59
3350000 10
2540000 50
1730000 77
3990000 9
5194450000 1
920000 31
3180000 23
4250000 6
1560000 48
2710000 39
3820000 9
2200000 70
4420000 2
1430000 45
3650000 3
620000 2
2840000 45
2070000 68
150000 1
1260000 36
2370000 74
3480000 18
4590000 3
1900000 76
790000 2
3010000 20
4120000 5
4200000 6
1130000 75
3390000 18
2580000 58
1770000 66
18570000 1
4030000 7
960000 50
2110000 55
3220000 22
4370000 5
6996490000 1
1600000 49
2750000 47
3860000 7
5995400000 1
5010000 2
20000 8
5350000 1
2240000 74
4540000 3
1470000 38
3690000 13
660000 31
2880000 35
1300000 44
2410000 73
3520000 11
4710000 1
6994530000 1
830000 12
1940000 75
3050000 33
4160000 4
1170000 66
3430000 10
2620000 59
4800000 1
1810000 62
4070000 10
1000000 41
2150000 56
3260000 28
4330000 1
1640000 54
2790000 34
3900000 9
4970000 2
2280000 68
4500000 2
1510000 56
3730000 9
700000 32
2920000 26
1340000 44
2450000 78
3560000 17
5193430000 1
870000 5
1980000 75
3090000 25
4280000 5
1210000 66
3470000 8
42240000 1
2660000 56
5996460000 1
1850000 76
18650000 1
4110000 8
1040000 39
2190000 49
3300000 15
4450000 2
5560000 1
1680000 55
17370000 1
2830000 50
3940000 7
2320000 58
4620000 2
1550000 72
3770000 5
740000 22
2960000 36
1380000 43
2490000 93
3600000 4
29830000 1
4790000 1
910000 16
2020000 75
6070150000 1
3130000 30
4240000 4
1250000 44
3510000 10
5690000 1
2700000 54
4880000 1
1890000 86
4150000 7
17880000 1
1080000 58
2230000 72
3340000 14
4410000 7
16020000 1
1720000 56
2870000 44
3980000 7
5050000 1
3170000 16
5390000 1
140000 1
2360000 79
4580000 4
1590000 66
3810000 4
6996780000 1
780000 2
7929190000 1
3000000 29
7928380000 1
1420000 43
2530000 76
3640000 11
950000 35
2060000 64
2100000 46
4360000 2
1290000 56
3550000 9
2740000 54
1930000 84
4190000 5
10000 190
1120000 63
2270000 55
3380000 10
4530000 1
650000 3
1760000 70
2910000 34
4020000 3
3210000 31
2400000 60
5510000 1
4700000 3
1630000 65
3850000 9
820000 7
3040000 31
4230000 3
1460000 41
2570000 68
3680000 5
5192040000 1
4870000 2
990000 42
2140000 62
4320000 3
1330000 62
3590000 8
5770000 1
2780000 39
1970000 72
50000 1
1160000 76
2310000 73
3420000 13
4490000 2
690000 51
1800000 76
4060000 6
2950000 38
5130000 1
3250000 18
2440000 63
5193910000 1
4660000 2
1670000 54
3890000 5
860000 6
3080000 29
6410000 1
5997120000 1
1500000 51
2610000 48
11010000 1
3720000 9
4830000 2
1030000 48
2180000 63
4440000 3
1370000 44
3630000 6
560000 3
2820000 39
2010000 61
1200000 57
2350000 79
3460000 11
730000 15
1840000 77
2990000 37
5190200000 1
4100000 4
1070000 51
18960000 1
3290000 13
2480000 65
4780000 2
1710000 72
3930000 11
900000 10
3120000 32
6068160000 1
4310000 1
1540000 73
2650000 50
3760000 8
2220000 56
4227070000 1
4400000 1
1410000 38
3670000 10
600000 1
2860000 40
2050000 66
1240000 56
2390000 78
3500000 6
4570000 3
770000 4
1880000 87
3030000 27
4140000 4
1110000 65
3330000 17
2520000 67
4740000 1
1750000 73
3970000 7
940000 29
3160000 31
4270000 4
1580000 69
2690000 57
3800000 13
18700000 1
