0 2931914
160000 2
240000 1
1370000 1
5730000 1
560000 1
720000 1
3280720000 1
800000 1
2980000 1
1040000 1
10000 216
5320000 1
1200000 1
570000 25
650000 1
8060000 1
810000 1
20000 7
12620000 1
1550000 1
580000 38
740000 1
16690000 1
16770000 1
4673540000 1
510000 1
2650000 1
590000 25
3050000 1
2140000 1
1090000 1
1170000 1
1410000 1
360000 1
8920000 1
600000 12
2940000 1
2756560000 1
4250000 1
2310000 1
5680000 1
610000 3
8460000 1
16010000 7
2600000 1
540000 3
780000 1
4050000 1
1260000 1
9660000 1
16000000 10
16160000 1
4750000 1
630000 1
790000 1
