0 44958880
2100000 1
1130000 1
160000 6
16960000 1
19060000 1
320000 3
480000 1
640000 14
1770000 1
800000 11
5000000 1
9200000 1
960000 1
10000 1855
1120000 1
170000 3
28580000 1
330000 4
490000 2
650000 11
810000 12
970000 2
20000 1267
9550000 1
180000 10
8580000 1
1310000 1
340000 3
500000 3
660000 9
1790000 1
5020000 1
820000 7
17620000 1
30000 956
1140000 1
190000 4
1300000 2
350000 5
510000 3
670000 5
1780000 1
830000 4
990000 2
40000 47
200000 10
17000000 1
2300000 1
9730000 1
1330000 1
360000 3
2460000 1
3590000 1
520000 8
680000 9
840000 6
1000000 1
50000 20
1160000 1
210000 12
11820000 1
1320000 3
370000 4
530000 8
445250000 1
4810000 1
690000 3
1800000 1
850000 5
60000 22
1190000 1
220000 7
380000 1
2600000 1
540000 16
15280000 1
700000 9
2760000 1
860000 2
70000 28
16870000 1
1180000 2
662870000 1
230000 3
390000 1
550000 36
3720000 1
6890000 1
710000 3
870000 1
1030000 1
1050000 2
80000 12
452070000 1
240000 11
1370000 1
400000 1
560000 31
702130000 1
720000 6
1850000 1
880000 4
13640000 1
90000 7
16890000 1
1200000 1
250000 30
410000 3
774350000 1
570000 71
13170000 1
1680000 1
32230000 1
730000 4
890000 1
1070000 1
100000 6
6360000 1
260000 46
1390000 2
420000 1
580000 61
740000 5
9300000 1
900000 1
2030000 1
23030000 1
110000 8
1220000 1
270000 27
430000 1
17230000 1
9940000 1
590000 24
750000 7
910000 3
2020000 1
1090000 4
120000 8
350420000 1
1250000 1
280000 6
440000 4
10940000 1
2540000 1
600000 6
776560000 1
26930000 1
760000 1
1890000 1
920000 1
26120000 1
1080000 2
19980000 1
130000 11
452020000 1
1240000 1
290000 4
8690000 1
10790000 1
450000 5
610000 8
1720000 1
770000 7
930000 3
7310000 1
140000 4
1270000 1
2360000 1
300000 2
16010000 1
2520000 1
460000 1
29940000 1
620000 11
780000 3
940000 1
1100000 1
150000 5
310000 4
16000000 9
470000 4
13150000 1
630000 16
790000 4
12360000 1
950000 2
