0 9682500
160000 63
320000 15
1450000 3
480000 9
1610000 1
640000 2
800000 1
960000 1
10000 30976
5320000 1
1120000 1
170000 57
330000 13
490000 9
1600000 1
4850000 1
970000 1
3070000 1
20000 6733
180000 48
2240000 1
1310000 1
5510000 1
340000 15
1470000 1
500000 210
660000 1
1790000 3
820000 1
980000 1
2596250000 1
30000 2965
4230000 1
1140000 3
190000 45
1300000 1
350000 11
1460000 2
510000 155
1620000 2
670000 2
1940000 1
990000 1
40000 1515
1170000 1
200000 50
1330000 1
5610000 1
360000 13
520000 15
2652690000 1
840000 2
1970000 2
50000 967
1160000 1
210000 60
1320000 1
370000 16
4650000 1
530000 6
1640000 1
850000 1
1010000 1
60000 675
220000 38
2896440000 1
380000 16
540000 6
700000 2
860000 2
1020000 1
70000 455
1180000 2
230000 36
390000 8
1500000 2
550000 11
1660000 1
710000 1
870000 3
1030000 1
1050000 5
3150000 1
80000 321
6380000 1
1210000 1
240000 39
2896500000 1
400000 19
1530000 2
560000 4
1690000 1
720000 1
880000 1
2010000 2
90000 228
250000 33
410000 10
570000 6
3165150000 1
2670000 1
1680000 3
4930000 1
890000 1
1070000 2
100000 187
1230000 2
260000 25
4620000 1
420000 10
580000 5
1710000 1
740000 1
1870000 1
900000 3
1060000 1
110000 156
1220000 1
270000 20
430000 13
2650000 1
590000 3
1700000 1
750000 1
1860000 1
910000 1
1090000 4
2596320000 1
120000 142
5370000 1
280000 22
440000 11
1501960000 1
600000 4
2700000 1
4880000 1
760000 1
1890000 1
920000 3
3020000 1
1080000 1
130000 115
290000 9
1400000 1
450000 15
610000 1
1880000 1
2040000 2
140000 80
1270000 1
300000 17
1430000 2
460000 15
1590000 1
780000 1
1910000 1
940000 2
1100000 2
3160000 1
2210000 1
150000 68
5380000 1
1260000 1
310000 21
470000 6
1580000 1
630000 2
1740000 2
1900000 1
950000 1
