0 4798195
15830000 1
14860000 1
8560000 1
15990000 1
9690000 1
480000 6
2740000 1
3488300000 1
14370000 1
14530000 1
12430000 1
4030000 1
10000 1627
8410000 1
170000 1
11940000 1
490000 8
1600000 1
3700000 1
16300000 1
650000 1
7110000 1
4020000 2
8220000 1
1920000 1
6280000 1
20000 23
3239070000 1
20010000 3
9550000 1
11770000 1
500000 6
11120000 1
660000 2
5020000 1
4010000 1
24040000 1
16770000 1
4170000 1
38780000 1
30000 6
4230000 1
20000000 1
15960000 1
12790000 1
350000 1
510000 8
670000 1
13270000 1
2890000 1
40000 2
5610000 1
520000 6
2620000 1
6900000 1
16750000 1
6250000 1
50000 3
653380000 1
9560000 1
370000 1
3580000 1
530000 4
11030000 1
690000 1
10200000 1
60000 1
220000 1
380000 1
540000 8
17500000 1
7040000 1
1990000 1
24000000 5
11640000 1
70000 1
40010000 1
1180000 1
390000 2
2450000 1
16080000 1
9900000 1
550000 4
1660000 1
7050000 1
24010000 8
80000 1
6540000 1
8640000 1
3470000 1
7670000 1
12030000 1
560000 7
3236540000 1
1690000 1
720000 1
4920000 1
5080000 1
19780000 1
8310000 1
13640000 1
39990000 1
250000 1
1360000 1
13010000 1
410000 1
6710000 1
570000 76
71970000 1
16540000 1
23990000 1
15730000 1
100000 1
260000 2
2320000 1
420000 4
12010000 1
680990000 1
580000 96
3770000 1
14310000 1
10270000 1
11360000 1
44030000 1
41080000 1
1220000 2
270000 1
430000 2
590000 55
750000 1
10420000 1
5370000 1
653470000 1
440000 6
6820000 1
600000 11
14250000 1
20630000 1
760000 1
6010000 1
48010000 1
3020000 1
4250000 1
16020000 2
290000 1
7620000 1
1400000 1
450000 5
610000 5
4890000 1
3820000 1
770000 1
16010000 90
7610000 1
1430000 1
24570000 1
460000 10
15200000 1
620000 1
780000 5
12370000 1
10310000 1
2210000 1
16000000 31
2370000 1
310000 1
1420000 1
470000 8
12040000 1
630000 1
6020000 2
