0 9321029
160000 1
15990000 1
320000 2
480000 4
640000 1
960000 1
10000 624
2110000 1
1120000 1
15980000 1
490000 3
650000 2
810000 2
4930360000 1
970000 1
2080000 1
20000 56
20010000 1
180000 1
13910000 1
6600000 1
340000 5
500000 2
660000 2
980000 1
30000 14
1140000 2
190000 4
350000 5
19210000 1
510000 2
670000 1
14380000 1
830000 2
40000 3
8440000 1
200000 1
14980000 1
360000 1
520000 1
680000 1
12470000 2
1000000 1
50000 3
210000 1
8770000 1
370000 4
530000 2
14320000 1
690000 2
850000 1
60000 4
14800000 1
1190000 1
220000 1
6560000 1
380000 2
540000 3
700000 1
860000 1
70000 1
13700000 1
230000 1
13860000 1
390000 4
550000 1
710000 2
1820000 1
870000 1
12440000 1
13550000 1
1050000 1
240000 1
19300000 1
400000 2
720000 1
880000 2
1040000 1
90000 1
250000 3
410000 1
570000 1
6560570000 1
890000 1
14600000 1
1070000 1
100000 1
260000 3
420000 4
580000 3
740000 3
900000 1
12490000 1
45120000 1
110000 2
270000 3
15043210000 1
430000 1
14140000 1
590000 2
14300000 1
750000 1
910000 1
1090000 1
120000 2
8520000 1
280000 4
10780000 1
440000 3
1570000 1
600000 4
760000 1
13760000 1
290000 2
450000 3
1560000 1
770000 1
930000 1
140000 2
300000 5
16010000 2
460000 3
780000 1
940000 1
14730000 1
1100000 1
8390000 1
15840000 1
45320000 1
310000 5
16000000 3
10770000 1
470000 2
630000 2
1740000 1
790000 2
