0 3282263
3150000 1
7833020000 1
400000 2
4600000 1
560000 1
640000 1
880000 1
4110000 1
10000 68
90000 1
250000 1
570000 32
730000 1
4100000 1
2080000 1
20000 10
1070000 1
340000 1
2480000 1
580000 45
660000 1
820000 1
25310000 1
1300000 1
3680000 1
590000 21
670000 1
4950000 1
14460000 1
990000 1
40000 2
2380000 1
1410000 1
3590000 1
600000 4
4250000 1
9145750000 1
5680000 1
3580000 1
610000 2
690000 1
7230000 1
2040000 1
3170000 1
60000 1
4260000 1
16010000 1
2360000 1
3490000 1
540000 1
620000 2
1830000 1
24000000 1
150000 1
390000 3
5700000 1
550000 5
630000 1
710000 1
