0 6730803
15990000 1
320000 1
400000 1
8800000 1
640000 1
3950000 1
880000 7
2010000 1
10000 75
7878560000 1
3700000 1
890000 4
20000 5
1070000 1
100000 1
8580000 1
5590000 1
500000 2
19440000 1
21500000 1
740000 1
900000 1
2427840000 1
350000 2
430000 2
510000 11
24600000 1
2730000 1
750000 1
830000 1
40000 2
1090000 1
19990000 1
120000 1
2460000 1
520000 19
600000 1
840000 1
2390000 1
530000 22
610000 1
850000 10
15550000 1
9330000 1
60000 1
13710000 1
2440000 1
540000 21
860000 31
70000 2
3320000 1
16000000 1
310000 1
550000 3
2973560000 1
870000 24
