0 637425
320000 2
480000 38
640000 4
800000 7
960000 9
10000 213
4210000 1
490000 39
650000 2
810000 5
970000 1
20000 3
20010000 1
180000 15
340000 3
500000 33
660000 1
820000 4
980000 3
1140000 1
20000000 1
190000 9
350000 1
510000 41
670000 3
830000 9
990000 3
200000 7
520000 41
6900000 1
840000 8
1000000 2
50000 1
1160000 1
210000 1
370000 3
530000 37
3740000 1
850000 14
1010000 1
60000 1
8460000 1
380000 5
540000 41
860000 18
1020000 3
390000 15
550000 35
870000 13
24010000 1
1030000 2
240000 1
400000 35
560000 22
880000 10
1040000 2
250000 2
410000 78
1520000 1
570000 17
890000 10
1070000 1
100000 1
8500000 1
260000 4
420000 153
580000 13
740000 1
900000 9
1060000 1
110000 1
270000 1
430000 214
590000 8
5900000 1
1860000 1
910000 10
1090000 2
280000 2
440000 295
600000 4
920000 8
13600000 1
1080000 2
290000 9
450000 246
610000 3
930000 8
28230000 1
1110000 1
2200000 1
140000 1
1270000 1
300000 10
460000 183
620000 6
940000 7
310000 3
8710000 1
16000000 1
470000 93
630000 7
790000 1
950000 5
