0 3472015
35700000 1
3230000 1
4360000 1
14860000 1
480000 3
640000 1
15660000 1
10000 804
31670000 1
490000 1
1600000 1
12100000 1
810000 2
970000 1
15670000 1
20000 23
1150000 2
7410000 1
20010000 1
16980000 1
10800000 1
2400000 1
21340000 1
340000 1
1470000 1
500000 2
8050000 1
9220000 1
4010000 1
8370000 1
4170000 1
12570000 1
30000 5
20000000 1
350000 4
3520000 1
510000 2
2890000 1
30230000 1
10340000 1
2140000 1
13690000 1
40000 1
200000 1
360000 4
2460000 1
2620000 1
50000 1
1320000 1
370000 3
530000 2
5920000 1
380000 1
540000 2
14350000 1
8010000 1
16570000 1
3080000 1
24000000 2
70000 1
3400000 1
16080000 1
390000 5
11010000 1
550000 4
1660000 1
8160000 1
7210000 1
16720000 1
80000 1
400000 6
560000 2
8960000 1
3790000 1
720000 1
26890000 1
15580000 1
1200000 1
2350000 1
7660000 1
410000 6
570000 39
3940000 1
1070000 1
15730000 1
18960000 1
3450000 1
420000 8
12010000 3
580000 61
2640000 1
28000000 1
740000 1
430000 2
12000000 5
590000 16
3920000 1
28010000 1
13510000 1
14740000 1
9490000 1
280000 1
440000 5
12070000 1
600000 6
920000 1
10450000 1
13760000 1
26440000 1
290000 1
450000 5
610000 1
16010000 24
5550000 1
460000 3
14270000 1
11240000 1
19800000 1
940000 1
1100000 1
12830000 1
16000000 51
470000 4
32010000 1
630000 1
790000 2
16640000 1
