0 3276446
33600000 1
2260000 11
7590000 1
1450000 84
6780000 1
3710000 8
5970000 1
2900000 21
5160000 3
2090000 52
6310000 1
170000 1
1280000 136
2430000 9
3540000 9
4690000 1
5800000 1
810000 28
17610000 1
1920000 73
3070000 19
4180000 3
4220000 4
1150000 192
3370000 12
2560000 35
16290000 1
4860000 3
1790000 107
7080000 1
4010000 4
980000 133
3200000 18
4390000 1
1620000 144
17310000 1
2730000 34
3840000 10
7250000 1
40000 7
5290000 2
8440000 1
2300000 9
19100000 1
1490000 89
6740000 1
15140000 1
3750000 4
5930000 2
2940000 20
1320000 104
2470000 13
4650000 3
3580000 9
5760000 2
6910000 1
850000 36
1960000 78
9250000 1
3110000 24
1190000 139
3410000 14
5630000 1
2600000 36
4820000 1
1830000 79
4050000 4
1020000 154
6270000 1
2130000 41
18930000 1
3240000 14
4350000 2
7680000 1
1660000 139
2770000 45
3880000 4
3150000 18
5410000 1
2340000 6
19140000 1
1530000 98
3790000 4
720000 1
6050000 1
2980000 19
1360000 98
2510000 19
3620000 3
4770000 1
5880000 1
890000 8
2000000 60
4300000 2
1230000 174
6520000 1
3450000 12
420000 1
17220000 1
5750000 1
2640000 44
3599380000 1
1870000 75
4090000 4
1060000 173
2170000 31
3280000 17
4470000 1
5580000 1
6690000 1
9940000 1
7800000 1
1700000 143
2810000 26
3920000 5
5110000 2
3190000 22
120000 1
2380000 6
1570000 125
14250000 1
3830000 5
760000 32
6010000 1
3020000 22
19820000 1
1400000 82
2550000 31
3660000 5
9170000 1
930000 16
2040000 60
13610000 1
4260000 5
6480000 1
1270000 150
3490000 7
17260000 1
2680000 36
15653740000 1
1910000 56
4130000 4
1100000 184
2210000 22
3320000 13
5540000 1
1740000 116
2850000 16
3960000 2
5070000 1
3230000 5
5490000 3
2420000 6
1610000 134
6940000 1
3870000 4
800000 26
6130000 1
3060000 12
4210000 4
5320000 2
1440000 63
2590000 40
3700000 4
5960000 1
4850000 1
970000 79
2080000 48
13305470000 1
4380000 2
1310000 118
3530000 13
2720000 35
18430000 1
5020000 2
1950000 77
30000 10
1140000 187
2250000 28
3360000 16
4550000 1
7880000 1
1780000 109
3703280000 1
2890000 15
5190000 3
3270000 17
200000 1
5450000 4
2460000 15
4640000 1
1650000 145
3910000 6
840000 33
3100000 18
7540000 1
20220000 1
1480000 80
2630000 34
3740000 5
4810000 3
5920000 2
1010000 139
2120000 51
3599830000 1
4340000 3
1350000 85
3570000 9
2760000 34
4980000 1
17660000 1
7200000 1
1990000 56
1180000 157
2290000 11
3400000 11
4510000 3
5620000 1
6730000 3
1820000 79
2930000 13
4040000 3
1050000 182
6380000 1
3310000 23
2500000 17
7830000 1
1690000 130
7020000 1
3950000 5
880000 18
3140000 24
4290000 2
5400000 1
6550000 2
7660000 1
1520000 100
2670000 38
3780000 3
3598380000 1
4930000 1
6040000 4
7190000 2
2160000 40
4460000 1
1390000 77
3610000 13
2800000 27
5100000 1
28160000 1
2030000 51
1220000 172
2330000 9
3440000 16
17230000 1
5740000 1
750000 23
1860000 70
2970000 15
4080000 1
1090000 182
3350000 18
5530000 1
2540000 31
1730000 142
3990000 1
920000 15
3180000 20
4250000 2
5360000 3
7620000 2
1560000 146
2710000 41
3820000 5
6000000 4
18680000 1
2200000 20
1430000 72
3650000 4
2840000 27
5060000 2
2070000 54
21070000 1
3703710000 1
1260000 141
2370000 9
3480000 11
5700000 1
1900000 74
790000 36
3010000 14
4200000 4
1130000 172
3390000 12
320000 2
5650000 1
2580000 43
7910000 1
1770000 109
7100000 1
4030000 3
960000 55
2110000 40
18910000 1
3220000 21
5480000 2
1600000 143
2750000 32
3860000 2
5660040000 1
6120000 1
7270000 1
20000 22
5350000 1
2240000 19
19040000 1
4540000 2
1470000 87
3690000 5
2880000 23
5990000 1
190000 2
1300000 130
8590000 1
2410000 11
3520000 6
6930000 1
830000 35
1940000 76
3050000 17
4160000 2
1170000 177
13286510000 1
3430000 14
5610000 2
2620000 30
4800000 1
1810000 92
7060000 1
4070000 3
1000000 158
6250000 1
2150000 34
3260000 19
4330000 3
1640000 118
2790000 20
3900000 7
5310000 3
2280000 11
4500000 3
1510000 98
3730000 4
700000 2
2920000 13
7360000 1
1340000 91
2450000 7
3596970000 1
3560000 12
4670000 2
870000 14
1980000 80
18780000 1
3090000 20
4280000 2
1210000 153
3470000 10
2660000 39
1850000 76
9280000 1
4110000 3
1040000 184
2190000 36
3300000 23
5560000 2
1680000 127
2830000 20
3940000 2
2320000 7
7650000 1
1550000 114
3770000 4
740000 9
2960000 22
5260000 2
8510000 1
7480000 1
1380000 64
2490000 18
3600000 9
4790000 1
910000 12
2020000 54
3130000 18
4240000 2
1250000 140
6500000 1
3510000 11
5690000 1
2700000 45
4880000 2
1890000 68
4150000 1
1080000 184
3340000 13
2230000 20
19030000 1
4410000 1
610000 1
1720000 147
2870000 15
3980000 3
5050000 2
7310000 1
3170000 19
2360000 10
4580000 1
1590000 142
3810000 6
780000 40
6030000 1
3000000 11
5220000 1
6330000 2
3703870000 1
1420000 77
2530000 28
3640000 8
8080000 1
950000 31
2060000 63
2100000 42
7430000 2
1290000 134
6620000 1
3550000 16
5810000 1
2740000 48
11140000 1
8070000 1
5000000 2
17600000 1
1930000 73
10000 643
1120000 188
2270000 16
3380000 12
5662650000 1
6790000 2
1760000 99
2910000 21
4020000 4
5170000 2
3210000 19
2400000 10
5510000 1
7730000 1
4700000 2
1630000 153
6920000 1
3850000 3
820000 20
3040000 12
4230000 4
5340000 1
1460000 96
2570000 33
3680000 5
4870000 2
7090000 1
19690000 1
8200000 1
990000 139
2140000 37
4320000 3
17000000 1
1330000 98
6580000 1
3590000 12
5770000 1
2780000 29
8030000 1
4960000 3
22890000 1
1970000 78
50000 3
1160000 192
2310000 14
3420000 19
5600000 2
1800000 105
2950000 15
4060000 2
5130000 1
6240000 2
3250000 19
15655400000 1
5470000 1
2440000 25
4660000 1
1670000 120
3890000 7
860000 26
9260000 1
6110000 2
3080000 19
5300000 2
390000 1
1500000 112
2610000 44
3720000 9
13230000 1
5940000 1
7050000 1
1030000 162
5250000 1
2180000 38
4440000 1
1370000 84
3630000 13
2820000 15
2010000 61
1200000 163
2350000 4
3460000 13
730000 3
1840000 80
2990000 16
4100000 6
14600000 1
1070000 208
3290000 22
2480000 19
20410000 1
4780000 1
1710000 139
3930000 3
900000 13
16690000 1
3120000 12
18830000 1
4310000 3
6530000 1
1540000 109
2650000 40
3760000 4
4950000 1
6060000 2
7170000 1
3703520000 1
2220000 14
1410000 74
8840000 1
3670000 5
5850000 1
2860000 27
5040000 2
2050000 51
7300000 2
1240000 169
2390000 4
3500000 14
5680000 2
770000 40
1880000 68
3030000 22
4140000 5
1110000 207
3330000 19
5550000 2
2520000 29
4740000 3
1750000 116
14430000 1
3970000 5
940000 30
6190000 1
3160000 23
4270000 2
5380000 1
7600000 2
1580000 137
2690000 33
3800000 5
4910000 1
7130000 2
8240000 1
