0 22710587
80000 21
467820000 1
240000 1
320000 1
2420000 1
400000 2
480000 1
2580000 1
560000 4
640000 1
720000 3
800000 2
2010000 1
10000 23551
90000 9
170000 3
1200000 1
1360000 1
330000 1
410000 3
490000 1
570000 1
650000 9
730000 2
1920000 1
20000 1302
2160000 1
100000 7
180000 1
1230000 1
7773270000 1
260000 1
420000 3
500000 1
660000 34
820000 1
30000 139
110000 4
190000 1
1300000 1
350000 1
430000 6
1460000 1
510000 1
670000 76
750000 2
990000 1
40000 59
120000 2
3350000 1
360000 1
440000 15
4800000 1
680000 94
3478810000 1
760000 1
920000 1
1000000 1
1080000 2
50000 48
370000 1
450000 13
1640000 1
2710000 1
690000 70
1720000 1
770000 2
850000 2
60000 30
220000 1
92620000 1
380000 1
460000 17
540000 1
700000 28
780000 3
5060000 1
860000 1
2070000 1
8032110000 1
70000 23
2370000 1
20280000 1
2530000 1
470000 6
3640000 1
14180000 1
630000 1
710000 9
10220000 1
790000 1
7772910000 1
870000 2
1030000 1
7290000 1
