0 4650982
2100000 1
8400000 1
20030000 1
3230000 1
160000 1
1290000 1
320000 1
4520000 1
480000 1
4840000 1
6940000 1
640000 1
960000 1
10000 2733
15980000 1
3380000 1
2750000 1
14520000 1
20000 14
3210000 1
20010000 1
180000 1
1310000 1
31960000 1
13100000 1
2720000 1
8050000 1
12250000 1
20810000 1
980000 1
4170000 1
30000 11
190000 1
10650000 1
3360000 1
36010000 1
4246100000 1
31970000 1
24680000 1
2730000 1
8360000 1
2140000 1
40000 2
7390000 1
1170000 2
200000 1
6580000 1
360000 1
19260000 1
10860000 1
4800000 1
680000 1
9240000 1
24990000 1
14490000 1
9560000 1
4330000 1
1480000 1
9090000 1
16580000 1
8340000 1
5310000 1
12740000 1
4340000 1
220000 1
11810000 1
4140100000 1
2440000 1
16250000 1
7850000 1
21460000 1
8010000 1
700000 1
8170000 1
4050000 1
15600000 1
4195260000 1
5140000 1
70000 3
11640000 1
390000 1
1660000 1
4990000 1
2930000 2
32250000 1
14500000 1
870000 1
24010000 6
80000 1
10580000 1
240000 1
4440000 1
5570000 1
4087700000 1
560000 1
720000 1
3950000 2
1850000 1
23980000 1
44010000 2
250000 1
10910000 1
3940000 1
1840000 1
890000 1
1070000 2
5270000 1
3290000 1
1230000 1
260000 1
5590000 1
14150000 1
4780000 1
2640000 1
740000 1
4090000 1
8290000 1
10570000 1
2170000 1
3280000 1
11840000 1
2490000 1
430000 3
590000 1
8990000 1
2810000 1
750000 1
1860000 2
910000 1
2020000 1
3190000 1
28550000 1
1250000 1
3510000 1
2540000 1
440000 1
600000 1
16350000 1
5850000 1
3830000 1
2860000 2
7300000 1
11580000 1
1240000 1
3340000 1
12380000 1
2040000 1
4140000 1
140000 2
1270000 1
16010000 39
6640000 1
3490000 1
4580000 1
9020000 1
11400000 1
150000 2
12830000 1
1260000 1
2370000 1
1420000 1
2530000 1
470000 1
32010000 2
1580000 1
630000 1
24720000 1
8080000 1
2850000 1
12360000 1
21870000 1
3010000 1
6180000 1
950000 1
7290000 1
13630000 1
