0 2258783
14860000 1
160000 1
15990000 2
13890000 1
320000 3
9040000 1
17440000 1
800000 2
12430000 1
10000 521
9520000 1
330000 1
15670000 1
20000 5
20010000 2
11610000 1
340000 8
12940000 1
36000000 1
16290000 1
13260000 1
8050000 1
30000 1
20000000 6
350000 8
29750000 1
2570000 1
8040000 1
1484680000 1
40000 2
10540000 1
13850000 1
360000 5
14010000 1
16590000 1
370000 7
530000 1
8020000 2
14320000 1
60000 3
380000 1
4820000 1
12290000 1
24000000 2
70000 1
14810000 1
1555320000 1
390000 2
550000 1
12440000 1
4280000 1
15910000 1
14940000 1
240000 1
16070000 1
400000 2
15260000 1
560000 8
1690000 1
16390000 1
10250000 1
18000000 1
250000 2
13960000 2
18160000 1
35120000 1
5720000 1
570000 33
9130000 1
8660000 1
16050000 1
1561710000 1
420000 1
580000 17
1710000 1
16530000 1
15880000 1
12000000 1
590000 3
750000 1
4080000 1
120000 2
16030000 2
280000 1
440000 2
10940000 1
16670000 2
15860000 1
16020000 6
5210000 1
3170000 1
11570000 1
16010000 32
460000 1
17580000 1
14430000 1
14590000 1
14730000 1
16000000 73
310000 1
5540000 1
4590000 1
32010000 2
9030000 1
9190000 1
790000 1
3010000 1
11410000 1
15690000 1
