0 16580140
11630000 1
3230000 1
160000 1
3390000 1
4190000 1
10000 892
15980000 2
650000 1
3860000 1
810000 1
13410000 1
8380000 1
2080000 1
20000 19
500000 1
660000 2
6314150000 1
30000 4
2250000 1
2410000 1
36010000 1
4550000 1
4527180000 1
1460000 1
510000 1
3680000 1
5820000 1
4687890000 1
4870000 1
670000 1
2890000 1
1940000 1
520000 1
680000 1
50000 2
2310000 1
4490000 1
370000 1
2470000 1
5920000 1
690000 1
4970000 1
1483550000 1
60000 1
2120000 1
5681240000 1
5630000 1
380000 3
540000 2
860000 1
24000000 4
3080000 1
70000 1
3240000 1
5167750000 1
390000 2
2610000 1
550000 2
8000000 1
4526350000 1
870000 1
4040000 1
10380000 1
24010000 1
3090000 1
3150000 2
4280000 1
1210000 1
560000 1
3950000 1
2010000 1
2190000 1
1200000 1
25610000 1
570000 37
730000 1
4100000 1
12010000 1
580000 108
740000 2
2960000 1
3120000 1
8510000 1
1540000 2
12000000 3
590000 78
750000 3
4240000 1
280000 1
600000 33
760000 2
2860000 1
3990000 1
2050000 1
3340000 1
4410000 1
610000 2
4140000 1
1110000 1
2200000 1
4260000 1
16010000 8
780000 3
3000000 1
15680000 1
4130000 1
9500000 1
4677940000 1
150000 1
3320000 1
16000000 14
790000 1
4440530000 1
12360000 1
5070000 1
13470000 1
