0 14435397
1130000 1
80000 1
160000 1
1290000 2
1370000 1
320000 1
400000 4
5082950000 1
1530000 1
480000 1
640000 21
1276730000 1
720000 1
10000 199
2110000 1
9520000 1
3682730000 1
3884090000 1
1416860000 1
6630000 1
410000 8
3682140000 1
650000 32
5083020000 1
20000 4
1310000 1
260000 1
1276350000 1
2480000 1
420000 21
18739330000 1
1630000 1
660000 21
2030000 1
3120000 1
30000 1
110000 1
270000 1
430000 18
1393070000 1
1393150000 1
670000 6
1415260000 1
1860000 1
2020000 1
3883960000 1
1090000 1
120000 1
3129080000 1
1410000 1
3884280000 1
360000 1
440000 15
1570000 1
1650000 1
680000 3
3128750000 1
3682690000 1
130000 2
1240000 2
1402120000 1
210000 1
3129250000 1
370000 2
2470000 1
450000 5
530000 1
690000 3
1960000 1
1110000 1
1393750000 1
16010000 1
5082970000 1
460000 2
540000 1
3682250000 1
1830000 1
1393260000 1
780000 1
2070000 1
1100000 1
1393660000 1
3129030000 1
1180000 1
230000 2
5460000 1
16000000 1
1420000 2
1500000 1
7760000 1
470000 2
1580000 1
630000 4
3128720000 1
