0 1989095
80000 2
160000 2
480000 2
560000 4
4840000 1
880000 8
2980000 1
10000 13
43040000 1
170000 1
410000 1
1520000 1
570000 1
1600000 1
730000 1
890000 1
20000 1
3370000 1
8660000 1
1070870000 1
3690000 1
660000 1
30000 1
270000 1
430000 1
510000 8
830000 2
910000 1
4160000 1
40000 1
1410000 1
520000 14
840000 2
50000 2
370000 1
26600000 1
530000 13
2870000 1
850000 5
8460000 1
9590000 1
1270000 1
24490000 1
380000 1
3452340000 1
460000 1
540000 6
860000 8
150000 1
16000000 1
550000 4
8000000 1
30190000 1
870000 16
