0 1140829
160000 1
6460000 1
1290000 1
4520000 2
6620000 1
480000 20
5810000 1
9040000 1
800000 1
10000 2591
9520000 1
15980000 1
4530000 1
25530000 1
490000 10
1600000 1
650000 1
22920000 1
9370000 1
20000 12
6440000 1
1310000 1
10800000 2
25540000 1
500000 14
3690000 1
660000 1
5990000 1
7240000 1
30000 4
4230000 1
350000 1
510000 14
8910000 1
4710000 1
830000 2
3050000 1
17790000 1
37920000 1
1330000 1
360000 1
520000 8
8030000 1
47930000 1
1810000 1
20870000 1
5120000 1
8350000 1
18950000 1
21130000 1
210000 1
7540000 1
11820000 1
370000 1
1480000 1
530000 13
4810000 1
6910000 1
690000 1
1960000 1
21930000 1
3110000 1
1010000 1
60000 2
1350000 2
2440000 1
380000 1
1510000 1
14190000 1
540000 4
5790000 1
8940000 1
700000 1
4050000 1
860000 1
1826510000 1
16730000 1
24160000 1
3240000 1
13700000 1
15920000 1
33830000 1
390000 1
2450000 1
1500000 1
550000 8
1660000 1
710000 2
1820000 1
870000 1
1980000 2
19950000 1
240000 1
3470000 1
400000 2
5730000 1
1530000 1
560000 4
6860000 1
15260000 1
5890000 1
2820000 1
18650000 1
14610000 1
6390000 1
90000 1
13800000 1
1200000 2
2350000 1
2510000 1
410000 6
22520000 1
570000 5
10080000 1
22680000 1
17530000 1
6200000 1
8300000 1
100000 1
10560000 1
11690000 1
2320000 1
420000 4
1550000 1
3610000 1
580000 9
7970000 1
13660000 1
110000 1
3280000 1
270000 1
31730000 1
430000 3
36090000 1
13030000 1
7800000 1
590000 12
34190000 1
10260000 1
14460000 1
16520000 1
910000 1
3130000 1
6340000 1
4240000 1
280000 1
11910000 1
1410000 1
440000 12
28710000 1
600000 6
17400000 1
14250000 1
760000 1
5040000 1
11420000 1
3020000 1
4150000 1
11580000 1
5520000 1
3500000 1
1400000 1
450000 15
7780000 1
610000 3
16010000 13
460000 6
2680000 1
13300000 1
2840000 1
23920000 1
1910000 1
1100000 1
9660000 1
1260000 1
38030000 1
1420000 1
6810000 1
470000 12
4750000 2
630000 1
8080000 1
790000 1
3960000 1
17590000 1
