0 99368673
80000 1
400000 1
560000 1
286970000 1
5970000 1
880000 9
275660000 1
10000 28
1113910000 1
330000 2
410000 1
3860000 1
890000 1
109020000 1
20000 11
260000 1
340000 3
420000 6
12010000 1
580000 1
820000 1
166520000 1
30000 10
110000 2
270000 1
350000 3
430000 4
510000 48
1276660000 1
590000 1
830000 7
248390000 1
40000 9
360000 1
440000 2
520000 342
840000 1
461230000 1
50000 4
2960180000 1
290000 1
1362460000 1
450000 1
530000 63
850000 52
60000 1
140000 1
300000 1
380000 1
460000 1
540000 2
620000 1
860000 264
48250000 1
375450000 1
550000 2
31060000 1
630000 1
9270000 1
870000 102
