0 12861051
1050000 1
80000 3
1130000 1
160000 2
240000 1
320000 1
2500000 1
2900000 1
2980000 1
1040000 1
10000 1948
90000 3
1120000 1
170000 1
250000 1
2510000 1
2590000 1
20000 17
100000 3
15810000 1
180000 2
2240000 1
340000 1
30000 6
6173080000 1
110000 2
190000 2
270000 2
350000 1
2490000 1
2570000 1
2810000 1
8040000 1
40000 4
1090000 1
120000 3
200000 4
280000 1
360000 1
5610000 1
1080000 1
50000 1
130000 1
1240000 1
210000 1
2550000 2
8020000 1
60000 2
140000 2
220000 1
16010000 1
4740000 1
2840000 1
1100000 1
70000 2
150000 2
1180000 1
230000 1
310000 1
2530000 1
1030000 1
