0 19397965
1130000 1
160000 2
111300000 1
5490000 1
5810000 1
24710000 1
10000 61
170000 2
6630000 1
330000 1
17290000 1
3700000 1
1760000 1
20000 10
1150000 1
180000 2
4700000 1
30000 9
190000 5
350000 1
20320000 1
510000 9
5820000 1
1620000 1
830000 2
16760000 1
40000 6
2140000 1
200000 3
520000 34
840000 3
3100000 1
50000 2
210000 6
7700000 1
1480000 1
530000 12
2630000 1
3311040000 1
850000 8
1960000 1
1400820000 1
1010000 1
60000 2
1190000 1
220000 4
380000 2
540000 18
2920000 1
860000 31
24000000 1
1020000 1
230000 8
550000 5
870000 39
20840000 1
6100000 1
80000 4
1210000 1
240000 2
400000 1
560000 4
3790000 1
10250000 1
880000 13
90000 13
250000 5
6710000 1
5720000 1
4770000 1
730000 1
890000 2
1070000 1
260000 1
13990000 1
4780000 1
580000 2
900000 1
1060000 1
110000 1
16040000 1
430000 2
910000 2
120000 5
4720000 2
1695160000 1
5040000 1
12550000 1
130000 2
8530000 1
290000 1
610000 1
3820000 1
140000 3
4740000 1
5870000 1
19010000 1
150000 1
16000000 3
310000 1
6650000 1
630000 1
5860000 1
