0 13056526
3791680000 1
160000 9
320000 4
1450000 3
480000 2
800000 3
960000 2
10000 1688
1120000 2
170000 4
2270000 1
1280000 2
330000 4
5565060000 1
490000 2
650000 2
810000 1
970000 3
20000 368
8420000 1
1150000 1
180000 6
8580000 1
1310000 1
340000 2
1470000 1
10951660000 1
820000 1
980000 2
8370000 1
30000 143
8430000 1
1140000 1
190000 9
350000 5
510000 3
670000 1
15490000 1
830000 2
2890000 1
40000 54
1170000 1
200000 7
2460000 1
520000 1
1650000 1
2780000 1
1000000 3
50000 42
210000 8
8610000 1
1320000 1
370000 4
2470000 1
3792050000 1
530000 1
2790000 1
850000 1
1010000 1
60000 35
15770000 1
1190000 1
220000 5
1350000 1
380000 5
540000 2
5790000 1
860000 3
70000 29
8470000 1
1180000 1
230000 3
1340000 1
390000 4
5565080000 1
1500000 1
550000 2
870000 1
1030000 1
1050000 1
80000 20
4280000 1
240000 4
8640000 1
2500000 1
400000 2
1530000 1
560000 1
5890000 1
2980000 1
1040000 2
15740000 1
90000 14
5400000 1
250000 6
1360000 1
10951730000 1
1520000 2
570000 4
1680000 1
730000 2
890000 1
100000 14
8500000 1
260000 7
8660000 1
1390000 1
420000 1
1550000 1
2640000 1
580000 1
900000 1
15720000 1
1060000 2
110000 10
2170000 1
1220000 1
5564960000 1
270000 1
1380000 1
430000 3
6025530000 1
1860000 2
15570000 1
910000 1
120000 8
1250000 1
280000 3
1410000 1
440000 3
8840000 1
2540000 1
1570000 1
600000 4
2700000 1
760000 1
3020000 1
920000 1
1080000 1
5564860000 1
130000 14
8530000 1
290000 6
5520000 1
450000 4
2710000 1
770000 2
1880000 1
930000 1
1110000 1
4260000 1
140000 12
300000 2
16010000 1
1430000 1
1590000 1
620000 1
780000 1
6030000 1
940000 2
8390000 1
1100000 1
150000 6
5380000 1
1260000 1
310000 3
2530000 1
470000 3
2690000 1
950000 1
3791520000 1
