0 49127942
1130000 1
3230000 1
3310000 1
3390000 1
240000 1
560000 1
720000 1
9522000000 1
10000 610
3220000 1
170000 2
490000 1
570000 1
650000 1
730000 1
890000 1
20000 12
1070000 1
180000 2
1230000 1
260000 1
500000 1
580000 1
820000 1
3040000 1
1060000 1
30000 1
3200000 1
1140000 1
190000 1
270000 2
3440000 1
1620000 1
590000 1
670000 1
1780000 1
750000 1
830000 1
40000 3
1090000 1
3270000 1
200000 1
3430000 1
520000 1
920000 1
50000 1
3260000 1
3340000 1
290000 1
530000 1
610000 1
690000 1
770000 1
60000 1
140000 1
220000 1
16010000 1
300000 3
460000 2
540000 1
1100000 1
70000 2
150000 1
1260000 1
470000 1
550000 2
630000 1
2770000 1
710000 1
790000 1
7874580000 1
870000 1
950000 1
2060000 1
