0 2590347
1130000 3
12920000 1
6780000 1
15180000 1
640000 2
1770000 1
2090000 1
170000 1
1280000 5
490000 2
1600000 2
2750000 1
810000 4
6120000 1
20000 14
1150000 4
3370000 1
1790000 2
1300000 1
3520000 1
510000 1
1620000 2
11130000 1
830000 1
1940000 1
1170000 5
11830000 1
1490000 1
6250000 1
2150000 1
1320000 4
530000 1
1640000 3
1127900000 1
8020000 1
850000 5
1960000 2
1190000 5
2280000 1
1510000 2
700000 1
1830000 1
2920000 1
2130000 1
1340000 1
550000 11
1660000 3
10060000 1
3880000 1
870000 10
24010000 3
1210000 4
11710000 1
3470000 1
400000 2
1530000 2
720000 2
1850000 1
13480000 1
2190000 1
8490000 1
1360000 2
570000 39
1680000 2
890000 5
15590000 1
2000000 1
1230000 3
3450000 1
420000 4
1550000 2
740000 1
590000 23
1700000 2
910000 2
1250000 5
440000 5
1570000 5
2700000 1
760000 2
1080000 1
11580000 1
2230000 1
290000 1
2550000 1
610000 1
1720000 1
930000 2
1270000 6
460000 9
1590000 3
7930000 1
14270000 1
780000 3
1910000 1
3320000 1
16000000 5
8870000 1
630000 1
1740000 2
950000 2
14700000 1
2100000 1
1290000 3
13890000 1
3550000 1
4680000 1
480000 2
1610000 2
800000 9
4190000 1
10000 980
1120000 2
3380000 1
3700000 1
1760000 2
16620000 1
970000 1
15810000 1
1310000 3
36000000 1
500000 2
4700000 1
15320000 1
14230000 1
820000 3
1950000 1
30000 5
1140000 4
2250000 1
670000 2
1780000 2
990000 1
2140000 2
15790000 1
5450000 1
200000 1
1330000 4
3590000 1
520000 1
1650000 5
12310000 2
840000 7
6090000 1
1970000 1
50000 3
1160000 5
9560000 1
4490000 1
690000 2
1800000 1
220000 2
1350000 2
540000 1
1670000 3
13380000 1
860000 9
3080000 1
24000000 1
1990000 1
1180000 3
390000 2
1500000 6
710000 1
1820000 1
4040000 1
1050000 1
240000 1
10740000 1
1370000 1
560000 8
1690000 2
880000 12
21880000 1
1200000 3
410000 2
1520000 1
1840000 1
1070000 1
260000 1
16050000 1
13020000 1
580000 65
1710000 5
900000 8
11360000 1
2030000 1
1220000 1
430000 2
1540000 4
2650000 1
12320000 1
750000 3
1860000 1
2970000 1
10420000 1
1090000 1
600000 4
920000 1
2050000 2
1240000 4
11740000 1
4570000 2
450000 10
1560000 2
15390000 1
770000 1
1880000 1
4140000 1
1110000 1
2200000 1
16010000 12
620000 1
1750000 3
2070000 2
1260000 2
470000 4
13150000 1
1580000 3
10140000 1
790000 6
1900000 2
9350000 1
