0 48111428
80000 1
3230000 1
160000 4
3390000 1
240000 1
320000 2
400000 3
560000 1
640000 1
2090000 1
10000 267
14790000 1
90000 4
170000 4
250000 2
2510000 1
570000 1
20000 15
100000 1
1150000 1
180000 1
3290000 1
260000 3
3370000 1
5590000 1
340000 1
12010000 1
2560000 1
660000 1
9156090000 1
30000 5
110000 1
190000 2
270000 2
350000 2
430000 1
510000 1
12000000 1
590000 1
4790000 1
670000 1
750000 1
40000 8
3190000 1
120000 2
3270000 1
200000 2
280000 2
360000 4
520000 1
680000 2
2860000 1
50000 4
130000 5
3340000 1
4410000 2
13840000 1
210000 1
290000 2
370000 1
530000 1
60000 5
140000 2
3330000 1
220000 2
300000 1
380000 1
540000 1
70000 6
150000 5
3400000 1
230000 2
16000000 2
2530000 1
550000 2
630000 1
870000 1
