0 21581578
80000 1
5318400000 1
320000 3
400000 1
640000 2
10000 45
5318410000 1
5125690000 1
170000 1
330000 6
3592990000 1
650000 2
20000 1
1070000 1
340000 2
420000 1
500000 8
580000 1
1170860000 1
3766210000 1
110000 1
5318590000 1
3815090000 1
350000 1
510000 51
670000 1
3948700000 1
910000 1
1090000 1
5318520000 1
1600580000 1
520000 21
3766270000 1
3766350000 1
1680860000 1
5318450000 1
4926550000 1
3815070000 1
530000 3
60000 1
140000 1
380000 1
540000 2
620000 1
310000 2
5125750000 1
1170750000 1
4926770000 1
630000 1
1170830000 1
1030000 1
