0 25386564
4200000 1
26330000 1
6460000 1
7590000 1
15990000 2
12920000 1
12110000 1
640000 6
28910000 1
2900000 1
2110000 1
4366290000 1
170000 1
10830000 1
4173730000 1
490000 1
2750000 1
155890000 1
13410000 1
20000 21
2240000 1
15970000 1
155420000 1
4169380000 1
4252210000 1
1470000 1
2560000 1
660000 6
9060000 1
4010000 1
980000 1
20000000 1
190000 3
4710000 1
510000 1
17310000 1
5030000 1
26030000 1
1940000 1
11450000 1
15650000 1
40000 3
1170000 1
9570000 1
15950000 1
2620000 1
680000 5
5930000 1
4266560000 1
10550000 1
3260000 1
4283680000 1
5440000 2
11980000 1
8020000 1
3900000 2
850000 1
1960000 1
7230000 1
60000 2
1190000 2
17180000 1
4267070000 1
4820000 1
700000 2
5140000 1
1020000 1
2130000 2
4350000 1
12750000 1
1340000 1
2450000 2
155870000 1
8000000 1
870000 1
24010000 5
3150000 1
3848300000 1
80000 7
6540000 1
35940000 2
4215640000 1
4267170000 1
2660000 1
720000 3
14290000 1
4217090000 1
1850000 1
13480000 1
14610000 1
1040000 3
250000 1
22360000 1
570000 1
5880000 1
7030000 1
8140000 1
3940000 1
2000000 2
18800000 1
4283330000 1
10560000 1
4300000 1
1230000 1
18350000 1
740000 1
13500000 1
17860000 1
1060000 2
2170000 1
24280000 1
270000 2
4187700000 1
3920000 1
42750000 1
2020000 2
3130000 1
120000 1
2380000 1
15060000 1
4187570000 1
7950000 1
760000 2
4174080000 1
1890000 1
14570000 1
4217370000 1
4252100000 1
2230000 1
14910000 1
10790000 1
290000 1
6670000 2
4730000 1
610000 2
12220000 1
1720000 1
930000 1
140000 1
13950000 2
3490000 1
4251440000 1
3810000 1
780000 4
3000000 1
22020000 1
7440000 1
155310000 1
3320000 1
4430000 1
16000000 44
310000 1
5540000 1
1420000 1
155630000 1
3640000 1
4750000 1
5860000 1
1740000 2
4260170000 1
11410000 1
6180000 1
2060000 1
2740000 1
6940000 1
12270000 1
5000000 1
13400000 1
800000 1
3848210000 1
10000 1280
1120000 1
4196510000 1
6470000 1
3380000 1
155410000 1
330000 1
5640000 1
6790000 1
4173890000 1
650000 4
3848360000 1
20010000 1
155260000 1
15000000 1
13100000 1
500000 1
29050000 1
4174060000 1
5020000 1
820000 1
17620000 2
4272880000 1
8370000 1
30000 1
10650000 1
15960000 2
11760000 1
4169390000 1
350000 1
33950000 1
14060000 1
2570000 1
3680000 1
670000 5
2890000 1
11290000 1
990000 1
4169240000 1
200000 1
1330000 1
9730000 1
14170000 1
8920000 1
1650000 2
4217130000 1
840000 1
4365020000 1
8350000 2
3100000 1
4174320000 1
13680000 1
1160000 1
4490000 1
370000 1
30010000 1
28940000 1
690000 8
9090000 1
1010000 1
18920000 2
17830000 1
5470000 1
220000 1
1350000 2
4192720000 1
4660000 1
5790000 1
11160000 1
13380000 1
6110000 1
24000000 2
25130000 1
8330000 1
70000 3
1180000 1
7520000 1
9580000 1
155710000 1
4207470000 1
710000 3
5940000 1
1820000 1
1050000 1
8480000 2
240000 2
8800000 1
2500000 1
3630000 1
7830000 1
37230000 1
560000 2
5890000 1
10250000 1
880000 2
4188010000 1
155150000 1
14790000 1
1200000 1
5400000 1
4610000 1
10910000 1
12020000 1
5720000 2
730000 2
1840000 1
2990000 1
7190000 1
3290000 1
1390000 1
13020000 1
580000 3
4780000 1
5910000 1
900000 1
4217270000 1
6230000 1
155190000 1
9460000 1
11680000 1
1220000 1
4365360000 1
9780000 1
13980000 1
12000000 2
3760000 1
7960000 1
12320000 1
750000 2
18660000 1
11530000 1
4169160000 1
8520000 1
280000 2
1410000 2
6660000 2
7790000 1
600000 2
1730000 1
3847930000 1
2860000 1
3863920000 1
920000 2
7300000 1
19980000 1
41970000 1
10630000 2
32660000 1
4169330000 1
155450000 1
2390000 2
4190570000 1
2710000 2
4890000 1
3820000 1
770000 2
4276830000 1
12380000 1
3030000 1
4140000 2
5210000 1
1110000 2
4169180000 1
4420000 1
16010000 25
300000 1
620000 2
3970000 1
10310000 1
940000 1
155170000 1
3160000 1
14730000 1
5380000 1
4283620000 1
1260000 4
4169350000 1
4252240000 1
9820000 1
3480000 1
4173790000 1
470000 1
1580000 1
1900000 3
4120000 2
