0 13526130
480000 1
560000 1
640000 2
720000 1
4641940000 1
10000 1128
490000 2
1680000 1
1760000 2
1840000 1
4142710000 1
20000 12
4419810000 1
4143090000 1
1230000 1
1470000 1
5405850000 1
580000 2
660000 1
4559980000 1
740000 2
30000 2
510000 2
4559830000 1
590000 5
670000 3
750000 2
4419650000 1
4420840000 1
1250000 1
4224000000 1
1570000 2
600000 5
1650000 1
680000 1
725590000 1
1160000 1
370000 2
530000 2
610000 3
4890000 1
1720000 1
1880000 1
5406300000 1
4142750000 1
16010000 5
725940000 1
1590000 1
540000 1
620000 2
700000 1
4223790000 1
70000 1
390000 1
1500000 1
4766220000 1
550000 1
630000 3
4585230000 1
