0 1502749
1210000 1
1290000 1
1610000 2
1770000 1
1850000 1
800000 1
960000 1
10000 545
2110000 1
1280000 1
1520000 1
650000 1
1760000 1
810000 1
2000000 1
1070000 1
20000 12
100000 1
1310000 2
1390000 1
340000 1
1630000 1
3700990000 1
1710000 1
900000 1
30000 4
2170000 1
1300000 1
1460000 1
750000 1
1780000 1
990000 4
40000 3
1250000 1
1570000 1
600000 1
1650000 1
680000 1
760000 1
920000 1
1000000 2
1080000 1
50000 2
1400000 1
1480000 1
1560000 1
1720000 1
13530000 1
930000 2
1010000 1
1190000 1
1430000 2
1590000 1
620000 1
860000 1
1910000 1
15653350000 1
1260000 1
16000000 1
1420000 1
1580000 2
1660000 1
710000 1
1900000 1
950000 1
2060000 1
