0 29370103
80000 14
3778110000 1
160000 3
3923980000 1
240000 1
400000 1
3728110000 1
3544760000 1
2997540000 1
4092300000 1
4405930000 1
3755890000 1
10000 1180
90000 18
170000 1
250000 1
330000 2
3218440000 1
490000 2
4092310000 1
4213120000 1
20000 263
100000 9
3778090000 1
180000 6
340000 4
3218470000 1
420000 1
500000 8
580000 3
2997520000 1
4399770000 1
30000 131
110000 10
3778160000 1
190000 1
350000 4
510000 59
590000 1
3728640000 1
4213140000 1
40000 57
120000 9
3923940000 1
200000 4
360000 3
520000 73
600000 1
4213090000 1
50000 61
130000 5
210000 2
370000 1
530000 14
4400410000 1
3291110000 1
3755840000 1
60000 28
3778130000 1
140000 6
220000 1
300000 2
380000 1
460000 1
540000 1
4092240000 1
2997560000 1
3755870000 1
70000 28
230000 1
310000 1
390000 2
470000 1
710000 1
4213100000 1
