0 16059391
15990000 1
12920000 1
1450000 1
15180000 1
640000 2
13240000 1
1770000 1
5970000 1
7100000 1
2900000 1
8230000 1
4030000 1
2110000 1
18910000 1
170000 1
2430000 1
490000 2
810000 1
10320000 1
12580000 1
20000 60
12620000 1
4220000 1
1150000 1
3370000 1
9870000 1
3690000 1
660000 1
1790000 1
2880000 1
4010000 1
20000000 1
2410000 1
16120000 1
510000 1
8040000 1
40000 1
13690000 1
6420000 1
1170000 1
360000 2
3750000 1
680000 2
10210000 1
2150000 3
13840000 1
210000 1
10870000 1
16100000 1
3580000 2
8930000 1
6080000 1
850000 1
9250000 1
60000 1
8460000 1
5310000 1
1190000 2
7530000 1
380000 6
8780000 1
16250000 1
4820000 1
5950000 1
16570000 1
7360000 1
4350000 1
2450000 1
3560000 1
550000 7
8950000 1
1660000 1
2770000 1
17670000 1
24010000 13
80000 2
8640000 1
4600000 2
400000 9
12030000 2
16230000 1
6860000 1
720000 1
1447800000 1
1850000 1
4110000 1
1040000 1
8810000 1
2510000 1
570000 102
5880000 1
13330000 1
9130000 1
8140000 1
2000000 1
15890000 1
420000 8
4620000 1
12010000 3
10110000 1
26910000 1
1060000 2
5260000 1
270000 1
3836010000 1
21270000 1
8830000 1
590000 39
7010000 1
2020000 2
3130000 1
64010000 1
19990000 1
1250000 2
6500000 1
13930000 1
440000 5
1570000 1
12070000 1
24750000 1
3830000 1
760000 2
6010000 1
1080000 1
11580000 1
16020000 4
290000 1
9960000 1
610000 4
1720000 1
3894200000 1
20780000 1
930000 1
15850000 1
11730000 1
140000 1
12050000 2
460000 4
23600000 1
3810000 1
10150000 1
4900000 1
780000 2
21230000 1
16000000 119
310000 1
32010000 1
630000 2
1740000 1
14420000 1
3960000 1
5070000 1
6180000 1
2100000 1
20030000 1
7750000 1
480000 2
1610000 1
800000 4
10330000 1
10000 2839
1120000 2
14870000 1
5640000 1
2590000 1
3700000 1
650000 3
14360000 1
4020000 3
20010000 2
180000 2
1310000 1
10800000 1
9710000 1
500000 2
3915110000 1
820000 3
5020000 1
30000 6
8430000 1
1140000 1
350000 3
2570000 1
12080000 1
1780000 1
2140000 1
10540000 1
3910000 1
840000 1
50000 4
1160000 4
4490000 1
370000 3
5920000 1
690000 3
16580000 1
2950000 1
5130000 1
220000 1
7690000 1
4660000 1
540000 1
8010000 1
860000 1
24000000 23
10390000 1
16730000 1
12590000 2
70000 2
40010000 1
2262020000 1
3400000 1
4510000 2
390000 6
1500000 1
6730000 1
3720000 1
710000 1
9110000 1
4040000 1
15750000 1
560000 14
15260000 1
13320000 1
5080000 1
410000 16
31910000 1
12020000 1
6870000 1
4930000 1
730000 2
16540000 1
1070000 3
2160000 1
6360000 1
16050000 1
8820000 1
580000 96
4780000 1
5910000 1
1710000 1
10270000 1
110000 2
2330000 1
7640000 1
3440000 1
8670000 1
13980000 1
430000 7
12000000 3
7960000 1
4950000 2
28010000 1
750000 1
1090000 2
4400000 2
1410000 1
7790000 2
14090000 1
2540000 1
600000 16
6980000 1
1730000 1
2860000 1
8110000 1
48010000 1
4250000 1
130000 1
1240000 1
6510000 1
11740000 1
35990000 1
3500000 1
450000 7
16180000 1
2710000 1
4890000 1
770000 3
7150000 1
1110000 2
11570000 1
4420000 1
16010000 62
12980000 1
32000000 2
620000 3
5870000 1
1750000 3
6960000 1
8090000 1
3970000 1
2070000 2
7280000 1
8390000 1
5380000 1
7600000 1
6490000 1
13940000 1
470000 5
790000 3
