0 2771900
1050000 1
80000 1
6460000 1
240000 1
3470000 1
400000 1
560000 2
4840000 1
4920000 1
5970000 1
880000 7
10000 22
90000 2
170000 2
5720000 1
890000 1
20000 5
100000 2
900000 1
30000 1
110000 1
190000 3
5500000 1
510000 3
3680000 1
830000 1
40000 5
120000 3
200000 1
4480000 1
520000 14
50000 2
130000 1
1240000 1
210000 3
530000 7
850000 1
220000 2
16010000 1
380000 1
540000 7
4740000 1
620000 1
3890000 1
860000 18
341710000 1
150000 1
230000 4
16000000 3
310000 1
550000 2
2770000 1
870000 16
950000 1
3090000 1
