0 1767130
3230000 1
2260000 1
160000 2
15990000 1
2420000 1
480000 1
7910000 1
8070000 1
16470000 1
15500000 1
960000 1
4190000 1
10000 200957
20020000 1
170000 1
5800000 1
8220000 1
9370000 1
970000 1
20000 6204
5350000 1
180000 1
4380000 1
265750000 1
424220000 1
660000 1
5990000 1
29050000 1
820000 2
312270000 1
1950000 1
15640000 1
251650000 1
30000 600
11600000 1
1140000 1
190000 1
15960000 1
7720000 1
3680000 1
10020000 1
12240000 1
9070000 1
670000 1
474790000 1
3050000 1
40000 69
13690000 1
18940000 1
200000 1
5450000 1
273930000 1
360000 1
1490000 1
520000 1
19420000 1
3750000 1
4960000 1
18610000 1
1000000 1
50000 13
210000 1
1320000 1
285490000 1
370000 2
9880000 1
12140000 1
4810000 1
8020000 2
690000 1
24030000 1
1010000 1
60000 2
20050000 1
2280000 1
4500000 1
380000 1
700000 3
583780000 1
591090000 1
860000 1
6110000 1
28120000 1
1020000 1
4350000 1
390000 1
11960000 1
2610000 1
710000 3
1820000 1
870000 2
80000 3
2180000 1
240000 1
400000 3
285680000 1
3790000 1
90000 2
5560000 1
570000 1
8970000 1
2830000 1
1070000 1
100000 2
3290000 1
331580000 1
2320000 1
439770000 1
12010000 1
274230000 1
580000 2
740000 1
597470000 1
8130000 1
11360000 1
900000 1
110000 1
4310000 1
13820000 1
2330000 1
270000 2
430000 2
7800000 1
2650000 2
13190000 1
4950000 1
6060000 1
910000 1
6220000 1
9490000 1
120000 7
2220000 1
1250000 1
16030000 4
280000 1
440000 3
760000 1
1080000 1
2230000 1
16020000 31
2390000 1
1400000 1
450000 1
391600000 1
610000 1
770000 1
5050000 1
1110000 1
4260000 1
11730000 1
16010000 10
5550000 1
10760000 1
4580000 1
207150000 1
780000 2
8090000 1
3160000 1
8390000 1
3320000 1
5380000 1
150000 1
470000 1
12040000 1
235350000 1
630000 1
3800000 1
12200000 1
813360000 1
1740000 1
1900000 1
950000 1
