0 17981446
1130000 5
320000 6
7910000 1
4030000 1
960000 3
15820000 1
170000 115
1280000 1
15030000 1
490000 2
1600000 1
810000 35
1920000 1
20000 55
1150000 3
19040000 1
660000 4
1790000 1
12410000 1
980000 2
21980000 1
10490000 1
20000000 4
190000 1029
15010000 2
510000 161
15330000 1
830000 34
9230000 1
4160000 1
40000 34
1170000 3
360000 1
680000 3
9400000 1
18950000 1
210000 3297
530000 13
850000 13
9250000 1
19910000 1
60000 11
22110000 1
1190000 7
9590000 1
380000 2
700000 2
81550000 1
4050000 1
12750000 1
230000 1995
26540000 1
21470000 1
550000 2
1660000 1
870000 9
14780000 1
80000 42
1210000 1
8640000 1
13970000 1
1040000 1
12690000 1
250000 859
10750000 1
5560000 1
1680000 3
890000 9
6200000 1
1230000 2
420000 3
16210000 1
740000 3
28000000 2
12330000 1
44030000 1
12710000 1
270000 477
15250000 1
590000 1
910000 5
2508120000 1
120000 2
1250000 6
440000 6
9000000 1
4880000 1
760000 8
1080000 1
290000 35
1400000 1
6990000 1
25970000 1
930000 3
15850000 2
140000 72
1270000 8
460000 3
14270000 1
780000 8
10470000 1
1100000 3
23130000 1
2210000 1
16000000 48
310000 7
630000 2
25990000 1
950000 2
13630000 2
160000 98
4360000 2
1290000 2
480000 3
10010000 1
6940000 1
800000 24
1930000 1
10000 331
1120000 1
330000 1
650000 1
12420000 1
970000 2
180000 411
20650000 1
820000 40
1950000 1
30000 40
4089040000 1
670000 4
990000 5
200000 3110
520000 58
1650000 1
11180000 1
840000 19
50000 21
9560000 1
1160000 4
8770000 1
15150000 1
690000 2
1010000 1
220000 3603
8620000 1
540000 3
1670000 1
4980000 1
860000 16
24000000 11
70000 5
15920000 1
1180000 1
40010000 1
390000 2
710000 2
1050000 1
240000 1501
14940000 1
560000 1
5890000 1
16390000 1
9120000 1
14450000 1
880000 7
12510000 1
90000 10
1200000 1
410000 1
16220000 1
44000000 1
1070000 2
260000 681
16050000 1
1390000 1
14150000 1
900000 10
110000 1
1220000 2
15880000 1
430000 3
12000000 1
750000 2
18660000 1
1090000 3
280000 143
12230000 1
920000 1
130000 17
1240000 3
4570000 1
450000 4
22480000 1
770000 1
1880000 1
9330000 1
1110000 3
300000 9
18230000 1
620000 1
17420000 1
18550000 1
940000 3
26300000 1
150000 69
12830000 1
1260000 5
16160000 1
470000 6
10140000 1
6020000 1
790000 17
