0 17254407
160000 1
560000 11
640000 1
880000 25
10000 66
3175170000 1
2240960000 1
15030000 1
330000 1
410000 1
570000 4
650000 2
6161970000 1
730000 1
890000 9
20000 14
100000 1
340000 4
500000 1
740000 1
900000 4
6162220000 1
7240000 1
6162380000 1
30000 4
350000 3
510000 9
750000 3
2393610000 1
40000 1
360000 1
520000 17
1496950000 1
760000 3
1510680000 1
840000 5
6162240000 1
50000 2
370000 2
530000 21
2630000 1
850000 6
60000 1
1510000 1
540000 19
8170000 1
2920000 1
860000 9
150000 1
16000000 1
2258060000 1
550000 8
870000 32
2394840000 1
