0 4478480
11630000 1
160000 1
5490000 1
15020000 1
12110000 1
640000 1
16630000 1
6290000 1
4190000 1
10000 1965
25530000 1
650000 1
810000 1
5010000 1
6280000 1
20000 17
20010000 2
9550000 1
15970000 1
10800000 1
340000 1
15160000 1
660000 1
10190000 1
1880830000 1
9220000 1
4010000 1
8370000 1
30000 15
350000 1
3520000 1
3680000 1
670000 1
8200000 1
360000 1
11990000 1
2780000 1
8030000 1
50000 2
1160000 1
12730000 1
15940000 1
5760000 1
60000 1
380000 1
540000 3
70000 1
6730000 1
7840000 1
18300000 1
5780000 1
550000 1
10060000 1
24010000 6
13550000 1
16720000 1
22210000 1
25440000 1
15100000 1
560000 3
720000 2
14290000 1
90000 2
570000 22
4100000 1
9630000 1
1390000 1
12010000 2
580000 29
8130000 1
2170000 1
15880000 1
7640000 1
11840000 1
9940000 1
590000 18
28010000 4
4080000 1
2220000 1
7630000 1
280000 1
3670000 1
4720000 1
600000 4
7950000 1
5850000 1
15380000 1
2860000 1
14410000 1
1080000 1
4250000 1
16020000 1
7940000 1
1720000 1
770000 1
1880000 1
2573040000 1
3030000 1
3170000 1
16010000 43
2360000 2
4580000 1
14270000 1
5870000 1
4130000 1
14730000 1
16000000 6
1740000 1
2850000 1
790000 1
6180000 1
18860000 1
