0 14248208
1949310000 1
2260000 1
802370000 1
320000 4
2202440000 1
640000 12
1770000 2
2146220000 1
960000 1
2090000 2
2110000 2
170000 1
1280000 2
2430000 1
2163660000 1
2035720000 1
490000 5
1600000 1
2750000 1
20000 56
1958860000 1
340000 2
1470000 1
1250340000 1
1605850000 1
660000 4
1790000 1
980000 3
481360000 1
482550000 1
2410000 1
510000 2
1484200000 1
830000 1
1940000 1
1196230000 1
917370000 1
40000 2
360000 2
680000 2
1810000 3
1251810000 1
4070000 1
1000000 1
2187390000 1
210000 3
2470000 2
530000 3
1640000 2
1960000 1
60000 1
1190000 1
2280000 1
1484010000 1
380000 15
1510000 2
1830000 1
2063750000 1
230000 3
1340000 1
1218850000 1
550000 5
1660000 1
2036020000 1
1980000 1
80000 3
2064730000 1
2340000 1
400000 29
481790000 1
720000 4
250000 3
1360000 1
570000 4
2138860000 1
100000 2
1230000 1
420000 20
1550000 1
4256650000 1
1492690000 1
740000 1
1870000 1
2214450000 1
1605280000 1
1060000 2
2170000 1
1605600000 1
270000 2
16040000 1
590000 4
1700000 1
1249720000 1
1660840000 1
2020000 1
120000 3
2145460000 1
2064770000 1
1196570000 1
1250000 1
2380000 1
440000 7
1570000 1
760000 2
290000 7
16020000 2
1484260000 1
610000 4
1251880000 1
140000 2
2122620000 1
802590000 1
460000 4
780000 1
1910000 1
3000000 1
1100000 1
1420000 1
1959230000 1
630000 10
1740000 2
950000 1
802210000 1
2100000 2
160000 4
2420000 1
2186610000 1
480000 5
10000 778
4210000 1
1196520000 1
1120000 1
2063850000 1
330000 1
1440000 1
1959170000 1
802680000 1
1218990000 1
650000 5
2080000 1
180000 2
1310000 1
2214900000 1
500000 1
2120840000 1
2036070000 1
820000 2
1950000 1
2139090000 1
30000 10
350000 3
1460000 1
1605840000 1
2570000 1
670000 1
990000 2
2140000 1
200000 1
520000 2
2163950000 1
50000 2
1492420000 1
1484020000 1
370000 4
1959130000 1
2035840000 1
1605900000 1
1219030000 1
1484340000 1
690000 1
1800000 1
1010000 1
2120000 1
220000 1
2440000 1
2186910000 1
3661490000 1
860000 1
1990000 1
70000 4
2290000 1
390000 19
710000 3
1050000 1
2180000 1
1492230000 1
1661200000 1
3660910000 1
2186690000 1
560000 2
880000 1
90000 2
1200000 2
410000 19
1520000 1
730000 1
1840000 2
2064570000 1
1070000 3
4256170000 1
260000 1
2214980000 1
580000 4
1219040000 1
2202700000 1
1710000 1
900000 2
2030000 3
110000 3
4256320000 1
430000 7
1540000 2
92990000 1
750000 2
2139000000 1
2120260000 1
1492190000 1
280000 3
1410000 1
600000 2
2050000 1
130000 3
1240000 1
450000 6
1560000 1
1492660000 1
770000 1
1110000 1
2202020000 1
300000 7
620000 9
1750000 1
2840000 2
1196260000 1
2214570000 1
150000 3
4590000 1
470000 4
1580000 1
482910000 1
790000 1
