0 2993096
1050000 8
1130000 1
320000 1
400000 2
560000 3
640000 2
720000 13
800000 3
880000 7
960000 1
1040000 3
10000 3378
1360000 1
570000 6
650000 1
730000 12
970000 2
20000 94
1070000 11
1150000 1
340000 1
3454360000 1
420000 1
500000 1
580000 4
660000 2
740000 10
820000 5
1186730000 1
900000 4
980000 2
1060000 10
30000 4
3360000 1
430000 1
510000 9
590000 1
750000 6
830000 1
1758230000 1
910000 4
990000 1
40000 3
1090000 1
1170000 1
1330000 1
520000 6
600000 1
760000 4
840000 5
920000 2
1000000 3
1080000 5
50000 1
370000 1
530000 6
610000 2
770000 2
850000 7
60000 3
3189880000 1
1270000 1
380000 5
1510000 1
460000 1
540000 4
620000 3
700000 4
860000 9
940000 4
1020000 1
1100000 1
1260000 1
1340000 1
310000 1
550000 3
630000 2
710000 13
870000 7
950000 1
1030000 2
