0 1038541
4200000 2
13730000 1
1130000 1
6460000 1
1450000 1
6780000 1
7910000 1
640000 8
960000 1
2110000 1
27310000 1
170000 1
9680000 2
2430000 1
490000 3
1600000 1
3860000 1
810000 1
10320000 1
7270000 1
20000 15
5350000 1
1150000 1
2240000 1
24370000 1
9870000 2
660000 3
9060000 1
1790000 1
818700000 1
980000 2
4390000 1
8590000 1
510000 3
13110000 1
53130000 1
5030000 1
830000 1
10340000 1
1940000 1
1170000 1
2300000 1
4480000 1
29680000 1
1666570000 1
2620000 1
14330000 1
680000 1
1000000 2
2150000 2
18950000 1
530000 5
1640000 1
850000 1
29100000 1
13370000 1
1960000 1
3110000 1
60000 2
5310000 1
1190000 1
2280000 1
12900000 1
380000 1
9910000 2
7040000 1
1020000 1
2130000 1
3240000 1
18140000 1
6570000 1
7680000 1
2450000 1
550000 5
1660000 1
3880000 1
4990000 1
870000 1
24010000 1
33520000 1
11490000 1
15910000 1
3470000 1
4600000 1
400000 3
2660000 1
10090000 1
720000 3
21720000 1
2980000 1
1040000 2
8490000 1
7500000 1
3300000 3
4450000 1
10750000 1
2510000 1
3620000 1
570000 7
700020000 1
890000 2
9470000 1
30470000 1
4300000 1
14760000 1
19120000 1
24450000 1
4620000 1
1550000 1
8980000 1
740000 1
1870000 1
8290000 1
1060000 1
20080000 1
24280000 1
270000 1
590000 9
8120000 1
42750000 1
32370000 1
910000 2
2020000 1
3190000 1
1250000 1
12070000 1
2700000 2
3830000 1
6010000 1
760000 1
22810000 1
16020000 2
2550000 1
610000 9
11430000 1
930000 2
460000 2
13140000 1
2680000 1
3000000 1
1910000 2
13460000 1
15680000 1
2210000 2
24240000 1
5540000 1
1420000 1
2530000 1
30900000 1
630000 6
1740000 1
12200000 1
21870000 1
950000 1
33440000 1
28430000 1
7430000 1
160000 1
10820000 1
480000 6
920130000 1
10000 695
1120000 1
1440000 1
1354180000 1
24700000 1
12100000 1
650000 7
21650000 1
2910000 1
970000 4
13570000 1
11930000 1
500000 5
1630000 2
11440000 1
8430000 1
15960000 1
44250000 1
43460000 1
670000 4
13270000 1
1780000 1
2890000 1
11670000 1
2460000 2
520000 6
20390000 1
8920000 2
16430000 1
3910000 1
4960000 1
50000 1
13680000 1
1160000 1
1480000 1
14320000 1
690000 4
1800000 1
12460000 1
1010000 1
1350000 2
3570000 1
4660000 1
540000 7
14190000 1
860000 2
6110000 1
15600000 1
16730000 1
8330000 1
70000 1
16870000 1
8470000 1
9580000 1
1180000 2
390000 2
2610000 1
710000 5
4040000 1
1030000 1
1050000 2
15750000 1
31740000 1
13000000 1
560000 6
1690000 2
5890000 1
2820000 1
23820000 1
6210000 1
3140000 1
90000 1
1200000 1
15900000 1
7980000 1
730000 1
1070000 1
2160000 1
4460000 1
8820000 1
25620000 1
580000 8
906500000 1
7320000 1
110000 1
5420000 1
1220000 1
11680000 1
15880000 1
2330000 1
7640000 1
12870000 1
430000 1
45600000 1
750000 1
1860000 1
38550000 1
10420000 1
44060000 1
19020000 1
5530000 1
12960000 1
1410000 1
7790000 1
2540000 1
600000 10
1730000 1
9160000 1
14410000 1
37590000 1
2050000 2
130000 2
1240000 1
450000 3
29930000 1
10120000 1
4890000 1
770000 1
7150000 1
1110000 1
16010000 24
1430000 1
620000 3
12210000 1
2840000 1
3970000 2
15520000 1
1260000 1
10930000 1
470000 1
790000 3
