0 12572309
14700000 1
80000 1
4280000 1
8640000 1
480000 1
560000 1
960000 1
10000 142
170000 1
250000 2
3460000 1
410000 1
3620000 1
730000 1
20000 7
260000 1
340000 1
420000 5
6840000 1
28000000 1
30000 9
20000000 1
1140000 1
430000 14
5740000 1
510000 113
17390000 1
1700000 1
16440000 1
40000 18
14980000 1
360000 1
14010000 1
440000 9
520000 45
14250000 1
50000 4
1160000 1
370000 1
450000 2
530000 14
16780000 1
60000 2
140000 2
220000 1
380000 2
460000 1
540000 2
15360000 1
70000 1
150000 1
1260000 1
16000000 11
470000 2
710000 1
4910000 1
85660000 1
