0 5115031
160000 2
1290000 1
4680000 1
640000 1
5000000 1
800000 1
4030000 1
960000 1
10000 2136
1120000 1
170000 2
15980000 3
11780000 1
6524630000 1
650000 1
13250000 1
810000 1
4020000 1
6456920000 1
970000 1
12580000 1
20000 13
20010000 2
180000 2
8740000 1
340000 1
500000 1
11120000 1
660000 3
820000 1
1950000 1
12410000 1
30000 7
1140000 1
190000 2
350000 1
36010000 1
2890000 1
830000 1
40000 5
1170000 2
15950000 1
8600000 1
1330000 1
11020000 1
680000 1
1970000 1
50000 9
1160000 1
10710000 1
4490000 1
14000000 1
1480000 1
3110000 1
4822270000 1
60000 3
13710000 1
7530000 1
2280000 1
15930000 1
5630000 1
380000 1
1510000 2
1670000 1
8010000 1
24000000 1
70000 2
40010000 2
15920000 1
230000 1
14970000 1
550000 2
710000 3
1820000 1
24010000 5
1980000 1
80000 1
4440000 1
400000 2
4600000 1
560000 9
4760000 1
720000 1
880000 1
90000 2
250000 2
14950000 1
1360000 1
410000 2
570000 12
2670000 1
12180000 1
730000 1
1070000 1
100000 2
1230000 1
7490000 1
3290000 1
260000 3
7810000 1
12010000 1
580000 39
8980000 1
7970000 2
900000 1
110000 2
270000 1
9780000 1
1540000 1
2650000 1
590000 44
8120000 1
28010000 2
750000 1
910000 1
4822370000 1
2020000 1
3130000 1
1090000 1
120000 1
12800000 1
440000 1
600000 39
760000 2
920000 1
9320000 1
3180000 1
130000 5
16020000 1
290000 1
1400000 1
1560000 1
610000 16
1720000 1
770000 1
2870000 1
16660000 1
3030000 1
3170000 2
140000 2
5390000 1
16010000 64
300000 1
1590000 1
620000 2
780000 2
2840000 1
1910000 1
28200000 1
14590000 1
940000 1
1100000 1
310000 1
13940000 1
3480000 1
470000 1
32010000 1
790000 1
19810000 1
2060000 1
