0 2167872
1130000 1
2260000 2
320000 2
1450000 1
640000 2
1770000 1
960000 4
2110000 1
170000 3
490000 3
810000 4
1920000 2
20000 1267
340000 1
1470000 2
1790000 1
2880000 1
980000 2
190000 3
1300000 2
510000 3
830000 5
1966880000 1
30230000 1
1940000 1
40000 7
1170000 3
15950000 2
680000 3
1810000 2
1000000 4
2150000 1
210000 2
2470000 1
530000 1
1640000 1
850000 11
60000 2
1190000 1
380000 4
1510000 2
700000 2
1020000 2
2130000 1
15760000 1
230000 2
1340000 3
550000 2
1660000 1
870000 17
80000 2
1210000 1
2340000 2
400000 1
1530000 1
720000 3
1850000 1
1040000 1
2190000 2
250000 4
570000 3
890000 22
420000 1
1550000 1
740000 2
1870000 1
1060000 1
2170000 1
270000 3
1380000 1
1700000 1
590000 1
910000 19
120000 2
1250000 3
2380000 3
440000 2
760000 4
1890000 1
1400000 1
2550000 1
610000 2
930000 18
2040000 2
140000 1
1270000 1
780000 2
1910000 2
3000000 1
1100000 2
2210000 1
310000 1
2530000 1
630000 2
1740000 2
2850000 1
950000 14
2060000 1
1290000 2
480000 1
3870000 1
800000 1
10000 4902
1998590000 1
1120000 1
330000 4
650000 1
1760000 2
970000 11
180000 2
1310000 1
2400000 1
500000 2
1630000 1
820000 3
10350000 1
30000 31
1140000 1
2250000 1
15960000 1
350000 2
670000 3
1780000 1
990000 6
1650000 1
840000 4
1970000 1
50000 8
1950410000 1
1480000 2
2630000 1
690000 2
1010000 2
1753260000 1
2120000 3
220000 1
1350000 1
2440000 1
540000 2
860000 9
1990000 2
70000 2
2290000 1
390000 3
1500000 1
2610000 1
710000 1
1030000 3
15750000 1
240000 3
1370000 1
2500000 2
560000 1
1690000 1
880000 10
2010000 3
1520000 1
2670000 1
730000 3
15430000 1
1070000 2
260000 2
580000 1
1710000 2
900000 18
2030000 1
110000 3
430000 2
1540000 1
750000 3
1860000 2
2970000 1
1090000 1
280000 4
1410000 2
600000 1
920000 18
2050000 3
130000 2
15860000 1
2390000 1
450000 1
770000 2
1880000 1
2200000 2
300000 4
2520000 1
620000 3
2840000 1
940000 10
150000 2
470000 1
2690000 1
790000 2
1900000 3
