0 1398486
160000 1
400000 9
480000 1
640000 4
93040000 1
1930000 1
880000 1
10000 157
170000 1
250000 1
410000 12
650000 2
93050000 1
1840000 1
2122060000 1
20000 4
1070000 1
2320000 1
1947550000 1
420000 1
500000 3
2066240000 1
660000 3
740000 1
30000 2
110000 1
2490000 1
430000 2
1460000 1
1959270000 1
590000 1
2163960000 1
1780000 1
120000 1
1410000 1
360000 1
440000 3
520000 1
840000 1
290000 1
370000 1
1400000 1
450000 1
2550000 1
1949820000 1
530000 1
610000 1
850000 2
300000 1
380000 4
460000 1
620000 1
700000 3
860000 1
150000 1
310000 2
390000 6
1500000 1
470000 5
1949800000 1
1218930000 1
1959310000 1
550000 2
630000 2
2202750000 1
790000 1
950000 1
