0 3868951
4200000 3
2100000 1
160000 1
3390000 1
1290000 1
10820000 1
5650000 1
11950000 1
3710000 1
2900000 1
3060000 1
10000 996
1440000 1
2430000 1
3540000 2
3700000 1
49900000 1
2910000 2
3070000 1
4220000 1
20000 10
3210000 1
2400000 1
5167700000 1
2560000 1
7080000 1
4010000 2
6150000 1
4170000 1
30000 2
2250000 1
15010000 1
2570000 1
1620000 1
2730000 2
3840000 1
830000 1
16840000 1
8440000 1
200000 1
520000 1
3750000 1
3260000 2
4330000 2
2310000 1
4490000 2
370000 4
2470000 1
3580000 1
3740000 1
4060000 1
2950000 1
5130000 1
3250000 1
2280000 1
380000 1
5630000 1
2600000 1
3730000 1
13220000 1
70000 2
3240000 1
2290000 1
3400000 1
8630000 1
3560000 1
2610000 1
550000 1
12120000 1
2930000 1
14500000 1
4440610000 1
2180000 1
4440000 2
2340000 2
3470000 1
400000 2
3630000 1
560000 2
1850000 1
2980000 1
4110000 1
2350000 2
250000 1
4610000 1
570000 16
730000 1
100000 1
15890000 1
12010000 1
1550000 1
580000 48
2640000 1
7000000 1
2800000 1
12490000 1
2030000 1
110000 1
2170000 1
2330000 1
270000 1
590000 63
5110000 1
3130000 1
2220000 1
4400000 1
2540000 2
600000 19
3830000 1
3990000 1
4150000 1
7460000 1
2230000 2
3340000 1
290000 1
4570000 1
2550000 1
3660000 1
4890000 1
3820000 1
2870000 2
1880000 1
2200000 1
16010000 6
2680000 1
780000 1
12370000 1
3970000 1
4130000 1
16000000 2
6650000 1
12040000 1
790000 2
950000 1
