0 4553579
1210000 1
320000 1
1370000 1
400000 1
480000 1
1610000 1
640000 1
800000 1
960000 1
1040000 1
10000 165
90000 1
1200000 1
4370000 1
330000 1
410000 1
490000 2
7849000000 1
650000 4
9915180000 1
1070000 3
20000 5
100000 1
1470000 1
420000 11
660000 19
30000 1
2170000 1
4470000 1
430000 7
510000 2
14140000 1
590000 1
670000 70
1780000 1
10540000 1
1410000 1
440000 15
680000 86
1730000 1
760000 1
920000 1
50000 2
370000 1
450000 12
610000 1
690000 56
1720000 1
850000 1
3030000 1
1190000 1
300000 1
2520000 1
460000 11
1510000 1
540000 1
620000 1
700000 26
860000 1
1020000 2
2530000 1
470000 2
630000 1
710000 1
1820000 1
870000 1
