0 81175841
1450000 1
12110000 1
4840000 1
1930000 1
960000 1
10000 103
1120000 2
6470000 1
2270000 1
6790000 1
10000000 1
1600000 1
12260000 1
379440000 1
970000 1
12580000 1
20000 27
660000 1
820000 1
12410000 1
28240000 1
30000 3
20000000 1
15960000 1
11920000 2
14380000 1
3050000 1
40000 4
2300000 1
520000 1
8030000 1
13520000 1
50000 5
2150000 1
2310000 1
12890000 1
9720000 1
1480000 1
530000 1
1640000 1
690000 1
3900000 1
60000 1
40000000 1
15930000 1
380000 1
700000 1
24000000 1
10390000 1
12590000 1
70000 2
4350000 1
230000 1
390000 1
4703380000 1
550000 2
7050000 1
80000 1
1370000 1
11870000 1
2500000 1
6700000 1
8800000 1
2660000 1
560000 2
720000 3
5080000 1
2010000 1
12510000 1
3517940000 1
250000 1
410000 4
2510000 1
7820000 1
570000 1
730000 1
100000 2
260000 1
420000 4
71980000 1
28000000 2
740000 2
14470000 1
900000 4
5580000 1
12000000 1
750000 4
1860000 1
910000 1
120000 2
2380000 1
280000 1
2540000 1
2700000 1
760000 1
920000 1
130000 2
290000 1
12540000 1
1110000 2
140000 1
300000 1
32000000 1
15360000 1
780000 1
940000 1
2070000 1
16000000 5
1740000 1
