0 2388263
1370000 1
480000 1
640000 1
720000 2
1770000 1
800000 1
880000 1
960000 1
10000 291
2110000 1
1360000 1
2670000 1
650000 3
730000 1
810000 1
970000 1
20000 1
1070000 1
1390000 1
420000 1
500000 1
660000 8
820000 2
900000 1
1060000 1
430000 1
6770000 1
670000 12
4950000 1
1250000 1
3430000 1
1410000 1
680000 8
760000 1
840000 1
920000 3
1080000 2
1160000 1
1240000 1
4490000 1
450000 3
1480000 1
530000 1
610000 1
690000 11
3110000 1
140000 1
16010000 2
3490000 1
460000 1
620000 1
700000 5
780000 2
470000 1
710000 2
1740000 1
870000 1
3010000 1
950000 1
