0 26620847
160000 16
320000 4
6620000 1
480000 1
640000 3
1770000 1
800000 3
8045680000 1
10000 9962
170000 8
15980000 2
330000 4
1440000 1
490000 2
6790000 1
650000 3
810000 3
10320000 1
970000 1
20000 1803
12620000 1
180000 22
1310000 1
340000 5
1470000 1
500000 2
2560000 1
660000 2
9060000 1
820000 1
980000 2
13580000 1
30000 691
190000 11
350000 8
36010000 1
7377040000 1
1620000 1
670000 4
830000 1
5030000 1
40000 400
2140000 1
27340000 1
200000 15
360000 5
520000 3
8437380000 1
680000 4
4070000 1
1000000 2
8350000 1
50000 283
210000 14
370000 5
530000 1
690000 4
8131350000 1
1010000 1
60000 176
220000 10
380000 4
6720000 1
540000 1
700000 1
8010000 1
860000 1
24000000 1
70000 136
7364400000 1
1180000 1
230000 14
390000 6
550000 3
1660000 1
13230000 1
710000 2
8000000 1
870000 2
7364230000 1
80000 71
12680000 1
8408750000 1
240000 4
400000 2
560000 5
720000 2
10250000 1
3496780000 1
8150000 1
3464470000 1
90000 87
12690000 1
1200000 1
250000 4
10750000 1
410000 3
12020000 1
570000 20
8970000 1
1680000 1
730000 2
890000 1
2000000 1
100000 67
260000 6
420000 1
12010000 1
580000 135
900000 1
110000 62
1220000 1
270000 11
430000 3
1540000 1
11050000 1
590000 163
750000 3
8131370000 1
7170000 1
14620000 1
120000 40
280000 6
16030000 1
440000 1
1570000 1
600000 57
2700000 1
760000 3
130000 37
12650000 1
14750000 1
6510000 1
290000 4
610000 24
770000 1
13450000 1
3030000 1
140000 17
16010000 19
300000 3
2520000 1
460000 1
620000 6
1750000 1
780000 5
3464410000 1
150000 23
16000000 13
310000 4
1420000 1
2530000 1
8870000 1
1580000 1
15210000 1
3800000 1
790000 1
13470000 1
7290000 1
