0 17205635
12600000 1
13650000 1
12680000 1
2180000 1
12760000 1
28670000 1
11870000 1
15100000 1
28750000 1
13240000 1
10000 422
12610000 1
28420000 1
13720000 1
1200000 1
170000 1
250000 1
12930000 1
28740000 1
410000 1
13170000 1
12260000 1
27120000 1
12500000 1
20000 59
100000 1
1150000 1
12010000 1
28890000 1
660000 1
1710000 1
12250000 1
30000 18
3760000 1
670000 1
13270000 1
12320000 1
13430000 1
27060000 1
15650000 1
40000 1
12640000 1
28630000 1
1650000 1
14410000 1
27090000 1
22890000 1
12470000 1
12550000 1
50000 2
290000 1
14990000 1
11900000 1
15150000 1
14160000 1
3740000 1
1720000 1
690000 2
12300000 1
13450000 1
13610000 1
12900000 1
15200000 1
12130000 1
3810000 1
13380000 1
70000 1
12750000 1
28520000 1
12120000 1
710000 1
12360000 1
12520000 1
