0 3388977
2260000 2
21320000 1
1450000 23
640000 63
2900000 1
2090000 1
24220000 2
170000 16781
16970000 1
1280000 33
2430000 2
810000 188
816590000 1
9210000 1
1920000 8
4180000 1
1150000 35
340000 2382
14070000 1
2560000 2
16290000 3
1723450000 1
1790000 7
10190000 1
980000 103
970220000 1
6610000 1
16120000 10
510000 6
1620000 10
2730000 1
24050000 1
40000 61622
5290000 1
13690000 1
2300000 2
24350000 1
1490000 14
680000 78
5930000 1
24180000 1
210000 10458
1320000 32
2470000 2
4650000 1
850000 147
1960000 2
28310000 1
14800000 1
1190000 36
20210000 1
380000 172
16250000 6
7850000 1
1830000 10
1020000 72
2130000 2
1157830000 1
14970000 1
16080000 7
550000 10
1660000 4
11170000 1
13390000 1
24010000 3
80000 28728
16880000 1
2340000 1
24470000 1
9770000 1
1530000 8
720000 583
6050000 1
16550000 1
2980000 1
24300000 2
250000 5413
1360000 24
2006240000 1
4770000 1
16380000 1
8140000 1
890000 206
2000000 7
24130000 1
4300000 1
1230000 23
20250000 1
420000 29
16210000 15
2640000 2
13180000 1
32200000 1
907790000 1
1870000 6
12330000 2
11520000 1
1060000 63
2170000 1
20080000 2
16040000 7
5580000 1
6690000 1
590000 184
1700000 6
12160000 1
5110000 1
120000 22792
1503900000 1
2380000 1
1570000 16
12070000 1
14250000 1
760000 210
24260000 1
8530000 1
290000 4121
1400000 22
12970000 1
2550000 1
16340000 4
917350000 1
930000 185
12540000 2
2040000 2
1270000 36
593840000 1
20290000 1
16170000 21
460000 2
2680000 1
10150000 1
1910000 6
1100000 35
28360000 1
2210000 1
20120000 1
16000000 7
8870000 1
884520000 1
630000 79
1740000 12
12200000 1
15530000 1
3230000 1
160000 20126
16150000 30
20350000 1
1610000 10
6940000 1
800000 160
48130000 1
24060000 1
4210000 1
330000 2631
1440000 15
2590000 1
28110000 1
970000 105
2080000 4
20010000 1
15810000 1
1310000 37
12780000 2
500000 3
11120000 1
1950000 4
12570000 1
30000 71988
1140000 42
10650000 1
2250000 2
24360000 1
6770000 1
16280000 4
670000 64
1780000 6
11290000 1
2890000 1
1231060000 1
24190000 2
200000 12721
16110000 11
1650000 8
840000 169
6090000 1
9240000 1
24020000 1
7540000 1
370000 589
1480000 22
12140000 1
7070000 1
1010000 70
2120000 3
7370000 1
1350000 31
14960000 1
540000 12
8940000 1
2760000 2
1990000 5
15600000 1
70000 22312
2290000 2
1180000 30
16240000 5
710000 369
1820000 4
10220000 1
12440000 1
1050000 52
24310000 5
240000 5901
16070000 9
908420000 1
1690000 4
880000 190
16890000 1
15900000 1
7660000 1
20260000 2
410000 59
1520000 14
2670000 1
4930000 1
2160000 4
20090000 1
4460000 1
1390000 30
580000 118
16370000 1
2800000 2
2030000 5
1504640000 1
110000 19277
1220000 27
16200000 10
884640000 1
750000 211
1860000 6
13510000 1
1090000 56
11590000 1
3350000 1
280000 4485
16030000 12
5530000 1
36140000 1
12230000 1
1730000 3
920000 175
16930000 1
8690000 1
9800000 1
450000 3
1560000 8
2710000 2
24740000 1
16500000 1
1504550000 1
9330000 1
2200000 1
1242710000 1
1948440000 1
14880000 1
1430000 15
16330000 7
620000 70
2070000 1
12530000 1
150000 26938
1260000 23
2370000 2
16160000 25
790000 181
1900000 10
1130000 29
3390000 1
320000 2894
16310000 9
1945750000 1
1770000 5
960000 111
6290000 1
1948350000 1
20020000 1
13880000 1
16140000 30
7740000 1
490000 2
824670000 1
1600000 13
12260000 1
13410000 1
5010000 1
20000 133468
16820000 1
2240000 5
1470000 17
660000 60
8210000 2
5180000 1
24200000 1
190000 13413
1300000 31
16990000 1
36010000 1
3520000 1
830000 142
1940000 5
4160000 2
1170000 33
20230000 1
360000 1326
16270000 4
1810000 9
15460000 1
1000000 69
9400000 1
2150000 4
14990000 1
16100000 4
7700000 1
530000 2
1640000 9
2790000 1
3900000 1
13370000 1
6080000 1
7230000 1
24030000 2
15630000 1
16740000 1
60000 33025
2280000 1
24330000 1
1510000 12
700000 142
8170000 1
33370000 1
24160000 1
230000 6565
1340000 26
870000 181
1980000 11
10380000 1
24150000 2
1210000 29
20270000 1
400000 66
16230000 9
13160000 2
15420000 1
1850000 5
1040000 67
2190000 1
3300000 1
16060000 5
570000 25
1680000 10
12180000 1
16700000 1
100000 24249
2320000 1
4620000 1
1550000 15
12010000 1
740000 303
270000 4625
1380000 15
2490000 4
14140000 1
16360000 2
910000 185
28170000 1
2020000 6
4240000 1
1250000 30
440000 12
5690000 2
16190000 9
2700000 1
1723430000 1
1890000 3
4150000 1
1080000 51
2230000 5
20140000 2
16020000 5
7780000 2
610000 74
1715020000 1
12220000 2
1720000 10
14400000 1
2870000 1
3980000 1
24110000 1
15850000 2
140000 55907
12820000 1
2360000 1
816360000 1
1590000 14
1230510000 1
3810000 1
780000 160
8250000 1
5220000 2
10470000 1
310000 3101
10770000 1
1420000 14
16320000 2
965510000 1
950000 148
28210000 1
2060000 5
2100000 1
1290000 34
480000 4
2740000 1
16470000 1
1930000 3
1157590000 2
10000 288790
1120000 42
11780000 1
12930000 1
1951880000 1
16300000 3
650000 63
1760000 3
24210000 1
180000 15222
5510000 1
2400000 1
16130000 7
20330000 1
1630000 15
820000 145
21820000 1
6150000 1
24040000 1
14550000 1
20160000 3
350000 2215
1460000 19
9860000 1
2570000 1
12080000 1
20800000 1
990000 63
2140000 3
20070000 1
1330000 25
3590000 1
11990000 1
520000 3
957970000 1
2780000 1
1970000 7
15620000 1
50000 52100
1160000 38
24340000 2
2310000 2
5600000 1
16260000 7
690000 102
1800000 8
4060000 1
2950000 1
5130000 1
24170000 1
220000 7844
16090000 2
1670000 13
860000 167
3080000 1
13700000 1
20200000 1
390000 100
1714760000 1
2020960000 1
1500000 11
2610000 2
1030000 48
2180000 3
20110000 1
593740000 1
1370000 25
11870000 1
560000 11
2006570000 1
16390000 1
2820000 1
884830000 1
2010000 4
7340000 1
90000 28634
1200000 36
3460000 1
16220000 8
907760000 1
730000 389
1840000 6
25100000 1
1070000 53
18960000 1
3290000 1
24290000 2
260000 4914
16050000 10
9950000 1
1710000 3
1514860000 1
900000 178
16910000 1
6530000 1
9780000 1
430000 12
1540000 17
28010000 2
6060000 1
19770000 1
44060000 1
2220000 1
20150000 1
1410000 16
32020000 1
600000 118
16350000 8
5850000 1
2860000 1
22970000 1
2050000 2
130000 124594
1240000 25
12810000 1
2390000 1
16180000 15
10120000 1
770000 182
1880000 9
1110000 34
13790000 1
300000 3781
16010000 34
10760000 1
7770000 1
1750000 10
12210000 1
24890000 1
940000 173
24080000 1
8710000 1
470000 3
1580000 12
14260000 1
24720000 1
2690000 3
8240000 1
