0 1490562
1050000 1
1130000 1
1370000 1
1610000 1
1690000 2
1930000 1
960000 2
1040000 1
10000 618
1120000 1
1280000 1
1360000 1
1440000 1
1520000 1
1760000 1
20000 17
1070000 1
1470000 1
1550000 1
660000 1
1710000 1
740000 1
30000 16
1540000 1
510000 1
1780000 1
15042820000 1
910000 2
1940000 1
15650000 1
40000 5
1250000 1
200000 1
1330000 2
1490000 2
1730000 1
1810000 1
3990000 1
1890000 1
1970000 1
1000000 1
1240000 1
1320000 1
1480000 1
1720000 1
690000 1
850000 1
930000 2
1010000 1
60000 2
1110000 1
1190000 1
1270000 1
16010000 1
1590000 1
620000 1
780000 1
860000 1
1990000 1
940000 1
70000 1
16000000 1
1660000 2
1740000 2
710000 1
1820000 1
790000 3
