0 7753316
160000 34
1290000 2
320000 13
1450000 1
640000 3
800000 5
960000 1
10000 15787
170000 29
330000 19
1440000 1
490000 3
650000 2
810000 4
970000 1
20000 3828
1150000 1
180000 45
2240000 1
2256740000 1
1310000 2
340000 5
500000 141
1630000 1
660000 3
30000 1693
1140000 1
190000 40
350000 18
1460000 1
510000 57
670000 2
830000 1
40000 893
1170000 1
2276630000 1
200000 32
2300000 1
1330000 2
360000 11
520000 9
680000 2
840000 2
50000 613
1160000 1
4330000 1
210000 23
370000 10
1480000 2
690000 1
850000 1
60000 350
1190000 1
220000 15
3256070000 1
380000 9
1510000 1
2600000 1
540000 3
700000 2
4050000 1
860000 1
1020000 1
70000 272
230000 11
390000 8
1500000 1
550000 2
710000 1
1050000 1
80000 155
1210000 2
240000 14
400000 6
720000 1
880000 3
1040000 1
90000 112
3300000 1
1200000 1
250000 17
1360000 2
410000 6
890000 2
100000 110
1230000 5
260000 22
420000 2
580000 2
3770000 1
740000 2
1870000 1
900000 1
110000 85
270000 12
1380000 1
430000 2
1540000 2
590000 2
750000 3
4240000 1
120000 75
1682000000 1
280000 20
1410000 2
440000 3
1570000 2
600000 1
1080000 2
130000 69
1240000 1
4410000 1
290000 17
450000 3
1560000 1
610000 1
770000 2
930000 1
1110000 1
140000 63
300000 15
1430000 1
460000 5
620000 1
780000 2
940000 1
1100000 1
150000 39
310000 14
1420000 1
470000 1
2690000 1
630000 1
790000 1
