0 3138053
480000 1
560000 2
640000 1
10000 419
90000 1
4530000 1
3540000 1
5910370000 1
570000 6
650000 1
1680000 1
13410000 1
1070000 1
20000 3
580000 26
3850000 1
1870000 1
8370000 1
30000 3
3280000 1
2410000 1
1380000 1
590000 41
13270000 1
1860000 2
4000000 1
1090000 1
40000 1
3270000 1
120000 1
5868890000 1
200000 1
13930000 1
1490000 1
600000 32
680000 1
3830000 1
210000 1
290000 1
32030000 1
610000 7
850000 1
16010000 9
380000 1
620000 3
3810000 1
4980000 1
860000 1
1100000 1
150000 1
16000000 1
215460000 1
630000 2
1740000 1
