0 3464687
15990000 2
2420000 1
6620000 1
18250000 1
640000 2
800000 1
2900000 1
1930000 1
4030000 1
6290000 1
10000 399
27310000 1
15820000 1
1120000 1
170000 1
15980000 1
14040000 1
490000 1
3700000 1
650000 2
1760000 1
4020000 1
4180000 1
20000 5
15810000 1
20010000 2
180000 1
15970000 1
3370000 1
500000 1
7240000 1
30000 1
1300000 1
3360000 1
4596280000 1
4710000 1
3840000 1
670000 2
9070000 1
1780000 1
1170000 2
1330000 1
3430000 1
520000 1
37350000 1
680000 2
840000 1
8450000 1
3260000 1
8930000 1
690000 2
850000 1
2120000 1
15930000 1
1350000 1
28770000 1
540000 1
15280000 1
5300000 1
8470000 1
6410000 1
17030000 1
11960000 1
6730000 1
4501940000 1
550000 2
710000 1
1030000 2
15910000 1
240000 2
400000 1
560000 1
15900000 1
1360000 1
5560000 1
9760000 1
410000 1
6870000 1
570000 2
24290000 1
12010000 1
580000 1
2800000 1
5910000 1
110000 1
12000000 1
590000 3
3920000 1
910000 1
1090000 1
5530000 1
13120000 1
600000 2
3830000 1
760000 1
5200000 1
1560000 1
610000 2
4890000 1
2870000 1
3030000 2
7310000 2
14720000 1
16010000 8
134540000 1
620000 2
2840000 1
16000000 6
17110000 1
1580000 1
630000 3
12200000 1
6020000 1
