0 715770
1130000 2
1210000 1
1370000 1
1450000 3
640000 1
800000 1
10000 215
5565890000 1
1200000 1
1280000 1
1520000 1
570000 1
730000 1
810000 1
970000 2
20000 52
1070000 1
1150000 1
2400000 1
1390000 2
980000 1
30000 19
1380000 1
750000 1
3130000 1
990000 2
40000 1
1410000 1
680000 1
760000 2
1810000 1
1000000 1
50000 2
1080000 1
130000 1
1160000 1
210000 1
1480000 2
1560000 2
3820000 1
690000 1
1010000 1
1110000 1
1430000 3
1510000 1
540000 1
780000 1
1020000 2
1500000 1
790000 1
870000 1
950000 2
1030000 4
