0 2380918
6380000 1
2580000 1
1690000 1
3790000 2
720000 1
960000 1
10000 691
15820000 1
170000 2
650000 1
15350000 1
4020000 1
970000 1
20000 5
35680000 1
100000 1
260000 1
2640000 1
580000 1
5910000 1
740000 1
30000 3
15800000 1
110000 1
190000 1
15170000 1
590000 1
40000 2
2460000 1
440000 1
1570000 1
520000 1
600000 2
3180000 1
290000 1
3660000 1
530000 2
6910000 1
610000 1
2120000 1
5310000 1
16010000 1
3570000 1
460000 1
540000 1
620000 1
16490000 1
3890000 1
3080000 1
3255900000 1
150000 1
230000 1
16000000 1
390000 1
6810000 1
630000 1
1740000 1
22740000 1
3010000 1
24010000 1
