0 2289111
1050000 2
1130000 2
1290000 1
1370000 1
1450000 2
2500000 1
720000 2
7100000 1
880000 1
960000 2
7969110000 1
1040000 4
10000 601
1120000 1
1200000 1
1360000 1
1440000 6
2510000 2
1520000 1
650000 2
1760000 1
730000 2
6028130000 1
970000 6
20000 63
1070000 1
1150000 1
100000 1
1390000 4
1470000 2
1790000 1
740000 2
7539110000 1
980000 2
30000 15
1060000 1
1380000 1
1460000 5
4790000 1
6930000 1
830000 1
910000 1
990000 2
1170000 1
120000 1
1330000 3
1410000 2
1490000 1
520000 1
600000 1
680000 2
760000 2
1000000 1
1080000 2
50000 4
1320000 1
3790900000 1
1400000 4
1480000 2
1560000 1
690000 1
850000 1
930000 1
1010000 1
1110000 1
60000 5
1190000 1
4500000 1
1350000 1
300000 1
1430000 1
1510000 1
7930000 1
700000 2
940000 2
1020000 3
1340000 2
5620000 1
1420000 3
630000 2
950000 4
1030000 1
