0 5411733
5250000 4
5330000 3
80000 1
160000 1
4360000 1
320000 1
4600000 1
3630000 1
560000 1
5080000 1
5240000 3
10000 201
5320000 3
90000 1
5400000 1
650000 1
2910000 1
20000 4
5270000 2
100000 1
5350000 2
2320000 1
3610000 1
660000 1
900000 1
5180000 2
5260000 5
5340000 3
110000 1
3760000 1
2810000 1
5190000 1
40000 2
5290000 3
5370000 1
5450000 2
32862640000 1
2700000 1
840000 1
5120000 1
6170000 1
5200000 4
5280000 2
4250000 1
5360000 3
5210000 4
60000 3
5310000 1
4340000 1
3330000 1
5550000 1
3570000 1
460000 1
3810000 1
780000 1
5140000 1
5220000 4
5300000 6
3320000 1
5380000 1
16000000 1
5150000 2
5230000 4
