0 12063072
1050000 2
1130000 1
1530000 1
560000 2
640000 9
720000 1
800000 3
880000 1
10000 170
410000 4
570000 1
650000 8
3252280000 1
730000 4
810000 1
20000 2
969100000 1
420000 2
660000 3
3286920000 1
740000 3
820000 3
30000 2
4691450000 1
1060000 1
1380000 1
430000 3
510000 3
590000 3
670000 4
750000 4
3252380000 1
830000 1
3377350000 1
10999980000 1
1410000 1
440000 5
520000 1
680000 1
760000 4
920000 2
50000 1
4854240000 1
1320000 1
450000 4
530000 4
610000 4
770000 5
3692840000 1
930000 1
4854030000 1
1270000 1
1430000 1
540000 2
4854430000 1
620000 3
700000 1
780000 6
968990000 1
1420000 1
4854340000 1
470000 3
550000 4
630000 6
710000 1
790000 7
870000 1
1030000 1
