0 15177638
2100000 1
160000 1
4360000 1
3390000 1
320000 1
480000 4
640000 3
2900000 1
800000 2
960000 1
10000 279
490000 1
10000000 1
650000 13
970000 2
6609110000 1
20000 14
9870000 1
500000 4
3690000 1
660000 68
1790000 1
820000 2
30000 3
1140000 1
1300000 1
1460000 1
510000 1
670000 88
31340000 1
40000 3
2140000 1
520000 1
680000 102
840000 1
7598820000 1
50000 2
3260000 1
690000 44
3900000 1
16580000 1
60000 2
220000 1
1510000 2
540000 1
1670000 1
8010000 1
700000 26
15600000 1
70000 2
1500000 1
550000 1
3720000 1
710000 12
10338760000 1
80000 1
2340000 1
720000 9
3950000 1
2010000 1
1360000 1
410000 4
730000 2
890000 1
1390000 1
420000 3
12010000 1
580000 1
1710000 1
740000 2
2960000 1
900000 1
430000 8
590000 1
7597130000 1
9810000 1
440000 11
6608980000 1
920000 2
130000 1
6670000 1
450000 10
770000 1
11270000 1
4140000 1
140000 1
300000 1
5550000 1
1430000 1
460000 13
780000 1
3000000 1
940000 1
1100000 1
150000 2
1260000 1
310000 1
16000000 1
470000 10
1900000 1
950000 1
