0 20907640
6300000 1
160000 1
240000 1
2340000 1
400000 1
1634540000 1
10000 628
90000 1
250000 1
12850000 1
4610000 1
570000 1
5880000 1
20000 5
100000 2
180000 2
260000 1
12010000 1
660000 1
10110000 1
30000 7
1755530000 1
12870000 1
1380000 1
12000000 1
40000 4
120000 2
200000 1
3590000 1
3991460000 1
12550000 1
50000 4
130000 1
210000 1
21290000 1
1320000 1
290000 1
370000 1
60000 1
140000 1
220000 1
300000 2
16010000 4
380000 1
1651930000 1
1990000 1
70000 1
150000 1
16000000 4
390000 1
630000 1
