0 9900741
160000 89
320000 2
640000 2
800000 25
960000 1
10000 261827
1120000 2
1576140000 1
170000 58
1409450000 1
1280000 1
330000 2
650000 3
810000 25
1394400000 1
1541240000 1
970000 6
20000 84551
1150000 2
180000 42
660000 8
820000 30
980000 2
30000 35684
190000 30
510000 1
670000 3
830000 26
1539120000 1
40000 17581
1170000 3
200000 13
1445180000 1
360000 1
3214370000 1
680000 9
840000 35
50000 9572
1160000 1
210000 8
370000 1
1480000 1
530000 1
690000 6
850000 34
1010000 2
60000 5507
220000 19
380000 1
700000 8
860000 22
1020000 3
70000 3179
1180000 1
230000 9
1590030000 1
550000 1
710000 8
3214700000 1
870000 23
1030000 6
1050000 2
80000 1890
1582370000 1
1210000 3
240000 6
400000 3
1540850000 1
560000 2
720000 8
1503370000 1
880000 22
1040000 3
90000 1277
1200000 2
250000 9
570000 1
1580740000 1
730000 8
890000 16
1070000 2
100000 797
1230000 2
260000 9
740000 9
879480000 1
900000 12
1407110000 1
1060000 3
110000 558
1220000 1
270000 5
590000 1
750000 13
910000 18
2020000 1
1090000 4
120000 390
1250000 2
280000 1
440000 2
1590080000 1
600000 2
1538950000 1
760000 6
920000 11
1080000 4
130000 248
1240000 1
290000 2
1394200000 1
610000 3
770000 5
930000 8
1110000 1
140000 160
1270000 1
300000 4
460000 1
620000 5
1520070000 1
780000 14
1574750000 1
1393420000 1
940000 10
150000 132
1260000 2
310000 2
470000 1
630000 3
1499140000 1
790000 20
1269650000 1
950000 5
1503580000 1
