0 4103158
12600000 1
80000 5
160000 1
240000 22
1290000 2
320000 124
400000 2
800000 1
23900000 1
880000 2
8310000 1
960000 3
10000 122
90000 2
15900000 1
250000 36
330000 47
730000 2
810000 2
970000 3
12500000 1
20000 5
100000 1
2088900000 1
260000 57
340000 8
420000 2
740000 2
900000 1
3040000 1
30000 2
190000 1
1300000 1
270000 63
350000 3
2059830000 1
430000 6
510000 107
750000 2
830000 3
910000 1
40000 4
5370000 1
13770000 1
1250000 1
280000 130
360000 1
440000 1
520000 44
760000 1
840000 1
920000 1
8350000 1
50000 5
8450000 1
290000 188
17330000 1
530000 17
850000 1
140000 2
220000 5
300000 280
540000 1
780000 1
6030000 1
940000 2
1020000 2
12590000 1
8390000 1
150000 3
230000 17
310000 208
16000000 6
710000 1
790000 1
870000 3
