0 2529079
80000 17
160000 7
240000 6
320000 10
400000 3
560000 8
720000 2
880000 1
10000 17620
90000 12
170000 11
250000 9
330000 9
410000 1
20000 4758
100000 16
180000 11
260000 7
340000 13
420000 1
500000 24
820000 1
900000 1
30000 4002
110000 16
190000 8
270000 5
350000 17
510000 50
590000 1
40000 4290
120000 7
200000 11
280000 6
360000 26
520000 32
760000 1
50000 97
130000 13
210000 15
290000 2
370000 16
530000 15
60000 31
140000 12
220000 2
300000 12
380000 10
540000 12
700000 1
70000 27
150000 11
230000 5
310000 4
390000 11
550000 14
710000 1
790000 1
