0 2853584
160000 1
15990000 3
12920000 1
14210000 1
560000 1
640000 1
5000000 1
10000 190
2190000 1
570000 2
548110000 1
20900000 1
20000 2
2240000 1
340000 1
7730000 1
580000 23
10030000 1
740000 1
2170000 1
3440000 1
270000 1
590000 24
670000 1
1860000 1
910000 1
40000 1
9490000 1
20310000 1
3590000 1
1490000 1
440000 1
600000 15
680000 1
48010000 1
1080000 1
8770000 1
1560000 1
610000 6
1640000 1
14720000 1
7450000 1
1190000 1
300000 1
460000 1
8010000 1
860000 1
24000000 1
940000 1
548440000 1
16000000 2
390000 1
790000 1
2060000 1
1030000 1
