0 717659
80000 1
1130000 1
1210000 1
1290000 1
1370000 3
1450000 4
1530000 1
640000 1
800000 1
3950000 1
960000 2
1040000 3
10000 272
1440000 3
1520000 1
650000 1
2830000 1
730000 1
4100000 1
970000 3
20000 55
180000 1
1230000 2
1470000 3
740000 3
1950000 1
900000 1
980000 1
30000 18
1060000 1
1140000 1
5565200000 1
670000 2
990000 1
40000 2
1090000 1
1170000 2
1490000 2
520000 1
680000 2
1000000 1
50000 4
1080000 1
130000 1
7310890000 1
1400000 3
6750000 1
1560000 1
7534760000 1
770000 1
930000 1
1010000 3
8340000 1
60000 2
1110000 1
1350000 2
1430000 2
1510000 1
620000 1
860000 1
1100000 1
150000 1
1260000 1
1340000 2
870000 1
950000 2
1980000 1
1030000 3
