0 21600467
4606410000 1
240000 1
400000 1
560000 1
1610000 2
10000 370
1520000 1
1760000 1
4525380000 1
4561080000 1
20000 11
1150000 1
4525900000 1
4529010000 1
1390000 1
340000 1
420000 1
4529250000 1
580000 1
1630000 1
30000 1
1060000 1
4950340000 1
1220000 1
4469170000 1
430000 1
1620000 1
4608010000 1
590000 2
1860000 1
990000 1
1090000 1
4618000000 1
4561460000 1
4950690000 1
440000 1
520000 1
600000 1
3654240000 1
1080000 1
50000 1
370000 2
1560000 1
610000 1
60000 1
1110000 1
1190000 1
4529050000 1
1270000 1
300000 1
4469360000 1
4108720000 1
620000 3
4618500000 1
4109040000 1
4608280000 1
1260000 1
9660000 1
390000 1
550000 4
1660000 2
