0 3207766
16800000 1
4335910000 1
4333970000 1
240000 1
15990000 1
480000 1
560000 12
720000 1
16630000 1
2090000 1
10000 71
2110000 1
15030000 1
570000 43
810000 1
20000 4
24290000 1
12010000 3
580000 52
660000 1
15480000 1
30000 1
430000 1
12000000 1
590000 14
750000 1
19990000 1
280000 1
360000 1
440000 1
1570000 1
520000 1
600000 4
12730000 1
4490000 1
450000 1
530000 1
610000 1
15470000 1
16010000 3
540000 1
780000 2
10230000 1
24000000 4
11480000 1
9580000 1
16000000 15
11800000 1
390000 1
12040000 1
32010000 1
550000 6
630000 1
12440000 1
24010000 3
