0 41271997
16800000 1
2260000 1
15990000 3
1450000 1
6780000 1
5348280000 1
2900000 1
19700000 1
170000 18
34880000 1
2430000 1
810000 2
17950000 1
3370000 1
340000 5
8740000 1
5670000 1
1790000 1
4010000 1
980000 1
9380000 1
20000000 2
4390000 1
510000 8
1620000 2
12240000 1
21830000 1
40000 440
2300000 2
1490000 3
3750000 1
680000 2
7380000 2
210000 24
8610000 1
5760000 1
1190000 1
380000 1
1830000 2
1020000 1
3240000 1
14970000 1
550000 15
24010000 12
3150000 1
80000 165
720000 1
14290000 1
2980000 1
10410000 1
250000 12
11860000 1
8140000 2
890000 1
2000000 1
420000 6
13180000 1
4940000 1
1870000 1
1060000 1
3280000 1
16040000 1
1700000 1
590000 64
120000 45
2380000 1
4560000 1
15060000 1
12070000 1
760000 3
11260000 1
3020000 1
290000 11
1400000 2
15230000 1
5319960000 1
930000 2
2040000 1
14720000 1
10920000 2
460000 4
4900000 1
1910000 1
4130000 1
1100000 1
16000000 102
8870000 1
4551470000 1
630000 2
2850000 2
6180000 1
160000 27
5490000 1
1610000 2
19540000 1
12270000 1
800000 7
3060000 1
15980000 3
7580000 1
330000 11
8730000 1
1440000 1
12100000 1
4850000 1
9370000 1
20010000 4
1310000 1
6600000 1
9710000 1
500000 8
2720000 1
8050000 1
15640000 1
22950000 1
30000 856
1140000 1
4530270000 1
670000 1
4000000 1
12400000 1
200000 25
15300000 1
10050000 1
5348400000 1
840000 2
6090000 1
14490000 1
5280000 1
4553150000 1
14830000 1
370000 7
1480000 1
14320000 1
8180000 1
20860000 1
1010000 3
1350000 3
6560000 1
3570000 2
540000 10
16410000 1
8010000 3
70000 197
1180000 1
3400000 1
4510000 1
710000 2
1820000 1
11330000 1
1050000 3
240000 16
880000 1
410000 4
21410000 1
1520000 1
3780000 2
15430000 1
4498160000 1
6680000 1
580000 117
2800000 1
13340000 1
5100000 1
2030000 1
110000 59
1220000 3
2330000 1
15090000 1
16200000 1
750000 3
12320000 1
11210000 1
2970000 1
11590000 1
1090000 1
280000 4
16030000 1
28710000 1
4502170000 1
920000 3
13600000 1
450000 6
21370000 1
1560000 2
4420000 1
1430000 1
8860000 1
32000000 1
620000 4
25980000 1
5060000 1
7280000 1
9500000 1
150000 29
1260000 3
15050000 1
5700000 1
10140000 1
790000 3
1130000 3
320000 3
5650000 1
2580000 1
4840000 2
21640000 1
4030000 1
960000 1
11620000 1
20020000 1
6630000 1
16140000 1
490000 3
20000 1539
7570000 1
12940000 1
660000 6
17460000 1
13580000 1
190000 24
2410000 1
36010000 2
13110000 1
830000 2
1940000 1
2670790000 1
1170000 2
360000 6
15460000 1
4070000 1
17800000 1
9400000 1
1000000 3
13840000 1
23390000 1
7700000 1
16100000 1
530000 4
60000 253
5310000 1
2280000 1
15930000 1
6720000 1
700000 5
230000 14
1340000 1
2450000 1
4670000 1
23690000 1
6890000 1
16400000 1
8000000 4
870000 1
1980000 1
7350000 1
1210000 2
400000 4
10900000 1
13160000 1
1850000 1
4110000 1
1040000 1
570000 125
5090000 1
100000 104
5430000 1
2320000 1
12010000 4
1550000 2
740000 1
2960000 1
5260000 1
270000 13
2490000 2
1380000 1
910000 1
1250000 1
440000 2
5690000 1
2700000 1
1890000 2
14570000 1
4150000 1
2965610000 1
16020000 5
8850000 1
610000 5
1720000 1
19970000 1
3170000 1
140000 46
2360000 1
12050000 1
4563980000 1
780000 1
3000000 1
6330000 1
310000 9
3640000 2
32010000 1
6970000 1
950000 1
6620000 1
480000 8
52010000 2
8070000 1
1930000 1
10000 8791
2270000 1
3380000 1
17130000 1
650000 4
1760000 1
2910000 2
4020000 1
180000 23
13910000 1
36000000 1
16130000 1
6920000 1
3850000 1
820000 1
4230000 1
15960000 1
350000 4
1460000 1
990000 1
2140000 1
7390000 1
1330000 2
14980000 1
3590000 1
520000 4
43970000 1
50000 349
9560000 1
4490000 1
5600000 1
14000000 1
690000 2
5130000 1
6240000 1
3250000 1
220000 16
1670000 4
3890000 1
860000 1
24000000 8
40010000 1
390000 1
14340000 1
8160000 1
16560000 1
40300000 1
560000 33
11060000 1
13320000 1
5080000 1
7340000 1
90000 140
1200000 1
2350000 1
10080000 1
730000 2
13490000 1
23990000 1
4100000 1
1070000 1
260000 16
12170000 1
900000 2
9780000 1
430000 2
12000000 5
2650000 1
2671440000 1
28010000 1
9310000 2
1410000 1
600000 17
11100000 1
19980000 1
130000 52
2390000 1
16180000 1
770000 2
12380000 1
3030000 2
16010000 112
300000 7
4740000 1
12210000 1
940000 1
13620000 1
3160000 2
470000 3
12040000 2
2690000 1
24720000 1
6020000 1
