0 2412897
1050000 1
2180000 1
4923110000 1
1370000 1
1450000 1
13000000 1
400000 1
10000 2166
2029020000 1
16890000 1
2405670000 1
15980000 1
1440000 2
330000 1
490000 1
5038050000 1
9290000 1
20000 311
4220000 1
100000 1
1230000 1
740000 1
192850000 1
30000 6
430000 1
2730000 1
5070400000 1
590000 1
40000 1
120000 1
21200000 1
7550000 1
360000 1
680000 2
4908280000 1
50000 2
1400000 1
370000 1
2550000 1
450000 1
1480000 1
530000 1
1720000 1
140000 1
3330000 1
1350000 1
16010000 6
8780000 1
460000 1
540000 1
3890000 1
3240000 1
150000 1
3320000 1
5540000 1
390000 1
2530000 1
5070280000 1
15290000 1
710000 2
8320000 1
11410000 1
