0 15307350
1130000 1
3884080000 1
320000 41
640000 5
2900000 1
960000 4
2090000 2
2110000 1
170000 106
1280000 2
490000 19
1600000 1
5800000 1
1920000 2
20000 16511
1150000 3
3563240000 1
2240000 1
340000 20
660000 2
1790000 1
980000 1
3200000 1
190000 67
1300000 1
510000 81
1620000 1
40000 3350
1170000 4
360000 23
3562730000 1
680000 4
1000000 4
2150000 2
210000 88
4275280000 1
1320000 1
530000 74
1640000 2
2790000 1
850000 4
6080000 1
1960000 5
60000 1441
1190000 4
2280000 1
3410000 1
380000 24
1830000 1
1020000 4
6270000 1
2130000 2
230000 66
1340000 1
3560000 1
550000 16
870000 5
1980000 1
3090000 1
80000 671
1210000 2
400000 13
4533390000 1
1040000 2
2190000 1
250000 77
570000 15
4451800000 2
1680000 1
890000 2
2000000 1
4235190000 1
100000 414
1230000 1
4237630000 1
420000 16
1870000 1
1060000 1
6370000 1
2170000 1
270000 50
4451820000 2
590000 4
1700000 1
910000 2
2020000 3
3190000 1
120000 260
3884040000 1
1250000 2
440000 19
760000 2
1890000 1
1080000 2
3340000 1
2230000 3
290000 31
610000 4
930000 1
140000 149
1270000 3
4667490000 1
460000 19
5710000 1
780000 2
1100000 3
3562020000 1
2210000 1
310000 26
1420000 1
630000 5
3562660000 1
1740000 1
950000 2
160000 115
1290000 1
480000 11
1610000 3
800000 3
1930000 1
10000 98596
1120000 2
330000 34
650000 5
1760000 2
970000 6
2080000 1
180000 99
3508800000 1
500000 27
1630000 1
30000 6749
1140000 1
350000 26
1460000 1
670000 6
990000 3
200000 86
520000 106
1650000 2
6900000 1
840000 2
1970000 1
50000 1916
1160000 2
3884130000 1
2310000 1
3420000 1
370000 17
3727110000 1
690000 1
1800000 1
5130000 1
1010000 4
220000 82
6560000 1
3508840000 1
3570000 1
540000 23
1670000 1
3890960000 1
860000 1
1990000 1
70000 939
1180000 2
2290000 1
390000 12
710000 2
1820000 2
1030000 4
1050000 4
2180000 1
240000 70
1370000 2
5570000 1
560000 7
1690000 4
880000 2
4235180000 1
90000 477
1200000 2
3460000 1
410000 14
1520000 1
730000 1
3562840000 1
1840000 1
1070000 5
2160000 2
260000 45
3610000 1
580000 3
1710000 2
900000 1
3120000 1
110000 284
1220000 1
430000 15
3727130000 1
750000 1
1860000 1
1090000 4
2220000 2
280000 41
1410000 2
600000 12
1730000 3
920000 2
130000 224
450000 18
1560000 1
4275680000 1
770000 1
1880000 1
1110000 2
300000 38
1430000 1
620000 12
1750000 1
940000 1
2070000 1
150000 126
1260000 1
2370000 1
470000 23
4274590000 1
4533720000 1
790000 1
1900000 1
