0 1275373
1130000 1
160000 1
320000 2
400000 17
560000 5
720000 1
960000 1
1040000 1
10000 114
330000 7
410000 8
570000 13
970000 2
20000 4
340000 7
420000 11
500000 1
580000 18
980000 2
1060000 1
1140000 1
350000 7
430000 7
590000 8
670000 1
750000 1
990000 4
1170000 2
1250000 1
360000 14
440000 1
600000 2
840000 1
1000000 1
3180000 1
50000 1
130000 1
1240000 1
2310000 1
370000 11
1110000 1
1190000 1
380000 10
1590000 1
540000 2
1020000 1
1100000 2
1180000 1
150000 1
16000000 3
310000 2
390000 9
550000 1
790000 1
