0 4964862
80000 32
160000 27
240000 21
320000 14
400000 2
560000 4
10000 32074
90000 29
170000 23
250000 13
330000 21
410000 1
570000 1
20000 8628
100000 26
180000 22
260000 7
340000 50
500000 23
30000 8398
110000 37
190000 23
270000 20
350000 52
430000 1
510000 51
40000 6637
120000 28
200000 26
280000 15
360000 54
520000 24
680000 1
50000 64
130000 33
210000 19
290000 19
370000 35
530000 12
850000 1
60000 26
140000 24
220000 22
300000 24
380000 19
540000 15
860000 1
70000 34
150000 24
230000 17
310000 15
390000 5
893790000 1
550000 15
829210000 1
870000 1
