0 7314773
1130000 2
2260000 1
1450000 155
7910000 1
1770000 3
2900000 6
4030000 1
1280000 265
3986990000 1
3540000 1
17290000 1
2750000 3
1920000 2
3070000 1
20000 10
1150000 53
2240000 2
340000 2
1470000 26
2560000 1
1790000 66
2880000 6
7289490000 1
15800000 1
190000 2
1300000 97
2410000 1
11920000 1
510000 3
17310000 1
1620000 1
2730000 5
1940000 17
14540000 1
3050000 5
40000 1
1170000 190
2300000 87
11830000 1
1490000 5
18290000 1
2620000 1
3750000 1
1810000 65
7060000 1
5120000 1
9400000 1
2150000 75
8022780000 1
1320000 50
2470000 1
530000 11
1640000 4
1960000 27
3110000 2
60000 3
1190000 248
2280000 45
1510000 3
2600000 1
3730000 1
1830000 29
2920000 2
2130000 11
17030000 1
1340000 108
550000 10
1660000 4
5291850000 1
870000 11
1980000 40
3150000 2
80000 1
1210000 204
2340000 4
8640000 1
400000 1
18330000 1
2660000 1
6860000 1
3790000 1
1850000 10
2190000 14
3300000 1
1360000 143
4222900000 1
10750000 1
2510000 1
4770000 1
570000 3
1680000 3
18480000 1
2830000 15
890000 9
2000000 25
7041290000 1
1230000 187
2320000 47
1550000 3
2640000 2
1870000 3
2960000 1
34660000 1
2170000 60
1380000 238
1700000 6
590000 1
2810000 12
2020000 8
120000 1
1250000 188
2700000 10
760000 1
1400000 212
7780000 1
1720000 2
2870000 9
930000 1
2040000 15
3170000 1
1270000 288
2360000 2
3490000 1
2680000 6
1910000 1
2210000 8
3320000 1
1420000 255
2530000 1
7760000 1
3640000 1
1740000 2
2850000 23
2060000 8
2100000 1
3230000 1
160000 1
1290000 201
1610000 3
2740000 2
1930000 6
27130000 1
3060000 1
10000 115
3985680000 1
2270000 15
1440000 245
330000 1
2590000 2
1760000 2
17450000 1
2910000 1
970000 1
2080000 1
1310000 43
2400000 1
500000 1
1630000 1
2720000 4
820000 1
1950000 30
3040000 1
30000 1
1140000 35
2250000 3
3360000 1
1460000 76
2570000 1
1780000 34
1635560000 1
2890000 5
2140000 36
1330000 73
18130000 1
520000 16
1650000 4
2780000 2
840000 2
1970000 31
50000 1
1160000 152
6430000 1
2310000 65
3420000 1
1480000 8
18280000 1
690000 2
1800000 22
15470000 1
2950000 2
2120000 5
1350000 125
3570000 1
4660000 1
540000 3
860000 7
1990000 30
3080000 2
25270000 1
1180000 216
2290000 58
1500000 1
2610000 1
3720000 1
1820000 39
2930000 2
2180000 31
1370000 178
2500000 2
560000 7
1690000 5
2820000 9
880000 11
2010000 20
3140000 1
14790000 1
90000 1
1200000 227
18000000 1
2350000 7
9760000 1
2670000 13
3780000 1
730000 1
1840000 17
4100000 1
2160000 91
6360000 1
9630000 1
1390000 240
1748570000 1
1710000 5
2800000 3
900000 5
2030000 7
5375960000 1
110000 1
1220000 159
2330000 26
5290380000 1
1540000 2
12000000 1
2650000 4
750000 2
1860000 4
2970000 1
2220000 3
1410000 222
2540000 1
1730000 2
2860000 14
3990000 1
2050000 12
3180000 1
1240000 169
2390000 1
2710000 9
3820000 1
1880000 2
3030000 2
5210000 1
2200000 9
1430000 269
2520000 2
3650000 1
37250000 1
1750000 4
2840000 18
2070000 3
3160000 2
1260000 245
2370000 4
35970000 1
7020720000 1
1580000 2
2690000 10
3800000 1
1900000 2
