0 33639728
8480000 1
1130000 2
80000 1
160000 1
1290000 1
320000 3
1690000 1
1040000 1
10000 247
1120000 1
90000 1
15900000 1
330000 1
410000 1
810000 2
4020000 1
20000 3
180000 3
1230000 1
340000 2
420000 2
25780000 1
2720000 1
820000 1
30000 4
350000 2
430000 1
510000 1
1620000 1
2810000 1
40000 7
200000 1
280000 2
360000 1
2540000 1
440000 1
520000 1
25070000 1
50000 5
14750000 1
7307560000 1
210000 1
3420000 1
370000 1
2470000 1
610000 2
1010000 1
60000 1
4340000 1
16010000 1
380000 1
15200000 1
2749920000 1
5140000 1
2070000 1
6330000 1
70000 3
6490000 1
16000000 9
390000 1
9900000 1
4040000 1
14580000 1
