0 15939464
10580000 1
160000 2
400000 3
8800000 1
14210000 1
560000 6
640000 1
720000 1
2820000 1
800000 2
880000 1
10000 5091
12930000 1
410000 1
4690000 1
12020000 1
570000 9
4770000 1
650000 3
810000 1
4100000 1
20000 17
20010000 1
100000 1
7847740000 1
340000 1
420000 1
12010000 3
580000 53
15320000 1
660000 2
740000 2
30000 16
16040000 1
36010000 1
9860000 1
14140000 1
2650000 1
590000 83
670000 1
15650000 1
40000 1
15140000 1
8132310000 1
6820000 1
7893230000 1
600000 34
3999860000 1
680000 1
760000 1
6521990000 1
50000 2
6350000 1
1240000 1
14910000 1
1320000 1
370000 2
7847850000 1
610000 24
13210000 1
690000 1
10120000 1
770000 3
850000 1
6549200000 1
7310000 1
9670000 1
16010000 55
380000 1
1590000 1
6791220000 1
620000 9
8010000 2
4050000 1
24000000 1
14730000 1
3988830000 1
70000 2
230000 2
3400000 1
16000000 5
5976120000 1
7840000 1
8132360000 1
630000 4
710000 3
8000000 1
790000 1
8131650000 1
950000 1
24010000 1
