0 2451190
2100000 1
2260000 1
1290000 1
3390000 1
15990000 1
320000 2
480000 2
3710000 1
640000 1
800000 4
2090000 3
10000 482
2110000 1
4210000 1
2270000 1
5800000 1
810000 5
4020000 1
1920000 1
20000 12
340000 3
7730000 1
500000 2
3690000 1
820000 6
30000 1
20000000 2
1140000 1
2250000 1
350000 1
510000 1
670000 1
1780000 1
830000 7
40000 1
9730000 1
360000 3
520000 2
1650000 1
680000 1
3910000 1
840000 5
2150000 2
50000 1
370000 1
1480000 1
530000 1
8020000 2
690000 1
10200000 1
850000 2
2120000 3
2280000 1
380000 2
1510000 1
540000 2
8010000 1
2760000 1
700000 2
860000 2
1990000 2
3080000 1
2130000 5
390000 4
14020000 1
2610000 1
550000 2
710000 1
1820000 1
3880000 1
870000 1
13650000 1
2180000 1
1370000 1
400000 4
560000 2
1018750000 1
3790000 2
12190000 2
720000 2
4920000 1
1850000 1
2010000 1
5240000 1
44010000 1
3300000 1
13800000 1
15900000 1
410000 8
2510000 2
570000 37
36270000 1
998890000 1
730000 2
2830000 1
2000000 2
2160000 1
420000 13
580000 17
740000 2
2030000 2
430000 13
590000 9
28010000 1
750000 1
910000 1
5110000 1
2020000 1
120000 1
2220000 1
280000 1
16030000 1
440000 11
14090000 1
600000 1
1730000 1
760000 2
2860000 1
920000 1
2050000 1
130000 1
1240000 1
290000 1
450000 6
17250000 1
610000 1
1720000 2
770000 3
930000 1
2040000 1
772770000 1
2200000 1
2360000 1
300000 1
16010000 12
3650000 1
460000 2
1750000 1
780000 4
2070000 3
2210000 3
310000 3
16000000 22
470000 1
32010000 2
15210000 1
630000 1
2850000 1
790000 8
10300000 1
2060000 1
