0 3511607
160000 1
1610000 1
10000 612
250000 1
2510000 1
10080000 1
810000 1
1840000 1
3210000 1
20000 6
100000 1
260000 1
3774210000 1
13020000 1
3610000 1
580000 1
7890000 1
3040000 1
980000 1
30000 2
27450000 1
15960000 1
510000 1
750000 1
40000 2
4240000 1
14900000 1
8840000 1
600000 1
4880000 1
30240000 1
3789450000 1
1080000 1
50000 2
3340000 1
9640000 1
7940000 1
2790000 1
770000 1
1880000 1
2950000 1
930000 1
16010000 10
300000 1
380000 1
1830000 1
8170000 1
1990000 1
70000 1
3320000 1
230000 1
16000000 1
11170000 1
12280000 1
6020000 1
