0 3933464
6300000 1
4280000 1
160000 1
15990000 2
13970000 1
400000 2
15260000 1
640000 1
2010000 1
10000 1390
12610000 1
6310000 1
170000 2
7580000 1
7660000 1
1440000 1
4530000 1
570000 6
650000 1
5960000 1
810000 1
6580820000 1
10480000 1
20000 7
1070000 1
14760000 1
180000 1
5670000 1
9950000 1
12010000 1
580000 29
6920000 1
660000 1
3930000 1
900000 1
6150000 1
7678640000 1
30000 4
5260000 1
590000 62
670000 1
8280000 1
5190000 1
2540000 1
600000 26
22730000 1
760000 1
3990000 1
15700000 1
12970000 1
370000 1
16180000 1
530000 1
610000 13
6080000 1
5210000 1
3170000 1
60000 1
16010000 20
300000 1
380000 1
1510000 1
2680000 1
620000 6
8010000 1
1910000 1
940000 1
8630000 1
16000000 4
6570000 1
2450000 1
390000 2
7760000 1
7840000 2
470000 1
6890000 1
630000 2
1660000 1
