0 55423245
80000 3
3230000 1
13810000 1
240000 4
1530000 1
10000 61
90000 6
170000 1
250000 3
3297050000 1
1520000 1
730000 1
18720000 1
20000 15
100000 3
180000 2
2320000 1
9710000 2
340000 2
8820000 1
420000 1
660000 1
1790000 1
5100000 1
30000 1
110000 3
20000000 2
190000 9
16040000 1
4550000 1
430000 1
1860000 1
40000 6
120000 2
5370000 1
200000 5
280000 1
1330000 1
7710000 1
1890000 1
4070000 1
50000 6
130000 3
210000 3
290000 1
16020000 1
1480000 1
4810000 1
2870000 1
4060000 1
60000 1
140000 4
220000 6
300000 2
11890000 1
7690000 1
16410000 1
4050000 1
24000000 2
20930000 1
1020000 1
1815080000 1
70000 2
3320000 1
5380000 1
150000 2
2290000 1
230000 4
16000000 7
4670000 1
4750000 1
16320000 1
1820000 1
