0 6822052
160000 2
27540000 1
560000 4
640000 1
2900000 1
1040000 1
10000 105
4450000 1
410000 2
570000 62
9127770000 1
810000 1
20000 6
100000 2
580000 74
1950000 1
8290000 1
30000 1
190000 1
590000 23
3920000 1
12400000 1
40000 1
1410000 1
2460000 1
600000 4
680000 1
760000 1
50000 1
1160000 1
8770000 1
3660000 1
1640000 1
1110000 1
3170000 1
300000 1
380000 3
1430000 1
2520000 1
620000 1
780000 1
24000000 3
150000 3
230000 1
16000000 1
630000 1
5860000 1
8000000 1
710000 1
981360000 1
9147560000 1
