0 2634338
9850000 1
800000 1
4030000 1
10000 752
1120000 1
170000 1
17130000 1
24540000 1
490000 1
15510000 1
810000 1
2902380000 1
20000 13
36000000 1
4010000 1
8210000 1
30000 2
20000000 2
9700000 1
27610000 1
510000 1
6140000 1
8360000 1
50000 3
210000 1
370000 2
530000 1
15470000 1
380000 1
8940000 1
700000 2
5950000 1
860000 1
4050000 1
24000000 1
390000 2
27650000 1
8950000 1
550000 2
24010000 1
3090000 1
1050000 1
11550000 1
15750000 1
21240000 1
400000 2
2500000 1
560000 3
880000 1
8310000 1
1040000 1
5240000 1
90000 1
13800000 1
6550000 1
1360000 2
570000 26
10240000 1
260000 1
4620000 1
420000 2
580000 29
4780000 1
3770000 1
740000 1
4090000 1
1060000 1
5420000 1
430000 2
590000 7
14300000 1
7170000 1
9490000 1
4400000 1
2380000 1
3510000 1
1410000 1
600000 4
9000000 1
13280000 2
6010000 1
290000 1
4570000 1
450000 1
5680000 1
3820000 1
6320000 1
16010000 21
460000 2
14270000 1
780000 1
6190000 1
3160000 1
16000000 17
1420000 1
4750000 1
32010000 1
9030000 1
5860000 1
1740000 1
950000 1
14580000 1
