0 5282606
80000 12387
160000 4263
240000 4
1496670000 1
560000 2
1489560000 1
640000 53
720000 26
800000 9
1293690000 1
10000 265432
90000 12095
170000 3485
1360000 1
946230000 1
490000 1
570000 5
650000 53
730000 17
810000 7
2410430000 1
20000 126276
100000 8123
859900000 1
180000 2957
1489420000 1
580000 12
660000 66
1489660000 1
740000 12
1638640000 1
820000 6
30000 63321
110000 3754
190000 1150
1300000 1
270000 3
590000 15
670000 34
750000 18
830000 2
40000 37320
120000 2847
200000 276
1662210000 1
280000 4
520000 1
1514720000 1
600000 26
680000 46
760000 14
50000 22924
130000 3114
210000 32
610000 36
690000 30
770000 10
60000 7690
140000 3460
220000 1
300000 1
380000 1
540000 1
620000 60
700000 26
780000 11
2410520000 1
860000 1
70000 7956
1249990000 1
150000 3739
1489390000 1
630000 56
1458170000 1
710000 20
790000 9
1638690000 1
870000 1
