0 5464648
8560000 1
15990000 1
2580000 1
480000 4
1770000 1
15500000 1
10000 1929
10510000 1
24540000 1
3860000 1
11310000 1
8220000 1
4020000 1
32470000 1
20000 20
20010000 4
15970000 2
4540000 1
500000 2
20490000 1
820000 1
980000 1
30000 2
20000000 2
5340000 1
190000 1
3520000 1
510000 2
7880000 1
42670000 1
7090000 1
2890000 1
7390000 1
4498460000 1
40000 3
1490000 1
520000 3
18290000 1
27980000 1
15460000 1
5280000 1
50000 4
1160000 1
8610000 1
5440000 1
530000 1
4810000 1
9090000 1
8020000 1
6080000 1
4060000 1
1960000 1
2950000 1
12460000 1
60000 1
2120000 1
5310000 1
11970000 1
11000000 1
540000 1
700000 1
16410000 1
8010000 1
14510000 1
24000000 6
1020000 2
70000 2
14810000 1
550000 2
15290000 1
5940000 1
3880000 1
24010000 11
1030000 2
2340000 1
16070000 1
560000 8
6860000 1
10090000 1
24950000 1
6390000 1
2190000 1
14790000 1
7500000 1
570000 69
14440000 1
23990000 1
8300000 1
6200000 1
260000 1
420000 2
12010000 3
580000 76
2640000 1
28000000 1
2960000 1
3120000 1
6370000 1
22220000 1
270000 2
17070000 1
8670000 1
2490000 1
430000 1
12000000 1
590000 44
3760000 1
14300000 1
2810000 1
750000 1
910000 1
3105900000 1
1250000 1
16030000 1
6660000 1
3510000 1
440000 1
2540000 1
16190000 1
600000 13
14250000 1
14410000 1
7300000 1
130000 3
14750000 1
5360000 1
4570000 1
15070000 1
610000 5
1720000 2
770000 1
48000000 1
5050000 1
3170000 1
3330000 1
16010000 63
15200000 1
620000 4
3970000 1
5220000 1
15680000 1
8390000 1
3105890000 1
4270000 1
15840000 1
150000 2
16000000 25
13940000 1
7920000 1
32010000 1
2850000 1
790000 3
1900000 1
