0 16114674
5330000 1
15990000 4
4520000 1
1450000 2
640000 30
2090000 1
170000 2
9680000 1
14200000 1
1920000 1
4180000 1
12620000 1
3370000 1
340000 1
8740000 1
1790000 1
980000 1
17780000 1
3200000 1
4390000 2
24520000 1
510000 16
10020000 1
2730000 2
3840000 1
11030600000 1
31340000 1
24050000 2
40000 1
8440000 1
2300000 1
15950000 1
13520000 1
15780000 1
7380000 1
1320000 1
18120000 1
2470000 1
3580000 1
32110000 1
15310000 1
8020000 2
1960000 1
3110000 1
380000 2
5630000 1
1830000 1
1020000 1
3240000 2
550000 9
24010000 6
13650000 1
80000 2
1530000 1
12030000 1
3790000 1
2980000 1
13480000 1
250000 1
3620000 1
890000 4
2000000 3
8660000 1
420000 3
2640000 4
12330000 1
1870000 1
4090000 1
4470000 1
590000 9
2380000 1
15060000 1
1570000 1
12070000 1
760000 2
6010000 1
3020000 1
8270000 1
1400000 1
2550000 1
3660000 1
10280000 1
2040000 1
14720000 1
21060000 1
5710000 1
460000 7
17260000 1
13140000 1
7930000 1
15360000 1
11163760000 1
1100000 2
16000000 22
9980000 1
630000 32
1740000 3
6180000 1
5490000 2
24060000 1
5320000 1
15980000 1
1440000 1
3700000 1
970000 4
20010000 4
1310000 1
11000080000 1
11930000 1
24530000 1
500000 27
16450000 1
30000 7
2250000 1
16280000 1
670000 1
4000000 1
11670000 2
200000 2
2460000 1
6900000 1
14830000 1
17960000 1
11054510000 1
1480000 1
33970000 1
3740000 1
4810000 1
1010000 2
31440000 1
2120000 3
1350000 1
3570000 1
540000 18
70000 1
4510000 1
5150000 1
1050000 1
3310000 1
39980000 1
5570000 1
2500000 2
13000000 1
15260000 1
1690000 2
9120000 1
7020000 1
14450000 1
880000 1
19150000 1
410000 5
10910000 1
1520000 1
3780000 1
2160000 1
12700000 1
7490000 1
6680000 1
1390000 1
580000 5
1220000 1
2330000 1
3440000 1
6850000 1
10100000 1
750000 2
1860000 1
34350000 1
4080000 1
1090000 1
19020000 1
3350000 1
280000 3
7790000 1
4720000 2
16670000 1
4250000 1
5360000 1
14750000 1
6510000 1
450000 8
2710000 2
20940000 1
11030010000 1
19320000 1
3650000 1
8860000 2
32000000 1
620000 20
5060000 1
150000 1
11720000 1
24400000 1
35970000 1
15050000 1
5700000 1
17270000 1
10140000 1
790000 1
3010000 1
12600000 1
1130000 2
11790000 1
320000 1
5650000 1
13240000 1
4030000 1
6630000 1
16140000 1
490000 24
17290000 1
1600000 1
6120000 1
8380000 1
20000 29
8420000 1
19040000 1
7570000 1
15970000 1
1470000 2
11041150000 1
660000 2
2410000 1
18100000 1
7782850000 1
11030280000 1
14220000 1
31020000 1
11042090000 1
8040000 1
1940000 1
11153850000 1
3430000 1
360000 2
7060000 1
1000000 4
9400000 1
2150000 1
3260000 1
4330000 1
5440000 1
14990000 2
530000 12
1640000 1
6080000 1
2280000 1
1340000 2
8000000 2
1980000 1
3090000 1
7350000 1
8640000 1
400000 4
13160000 2
15420000 1
1850000 2
7180000 1
4110000 1
1040000 1
31750000 1
570000 3
5090000 1
21890000 1
13670000 1
100000 1
12010000 1
1550000 1
11200000 1
740000 3
2490000 1
2020000 1
3130000 1
6500000 1
3510000 1
440000 3
4880000 1
14570000 1
11580000 1
3340000 1
14910000 1
7780000 1
9960000 1
610000 15
1720000 1
11041400000 1
6160000 1
5390000 1
140000 1
2360000 2
7610000 1
35960000 2
1590000 2
3000000 1
8250000 1
22020000 1
310000 2
1420000 1
2530000 1
5860000 1
8080000 1
9190000 1
7430000 1
1290000 1
6620000 1
3550000 1
480000 13
11154050000 1
26810000 1
16470000 1
1930000 1
10000 4764
1120000 1
9520000 1
7783030000 1
6790000 2
650000 16
9050000 1
180000 1
18110000 1
1630000 2
3850000 1
14850000 1
15960000 1
4870000 1
8200000 1
990000 1
2140000 1
15790000 1
7782820000 1
11041820000 1
520000 21
50000 5
1160000 3
3420000 1
6750000 1
7860000 1
690000 1
11350000 1
13530000 1
6240000 1
220000 1
2440000 1
13060000 1
19560000 1
3890000 1
9260000 1
860000 1
24000000 1
11480000 1
5300000 1
390000 1
1500000 1
16560000 1
1030000 1
12680000 1
7510000 1
14940000 1
6700000 1
3630000 1
560000 5
73090000 1
38680000 1
11700000 1
11153800000 1
16220000 1
18320000 1
8970000 3
1840000 1
2990000 1
1070000 2
260000 1
2480000 1
7810000 1
4780000 2
17380000 1
1710000 1
900000 1
3120000 1
13660000 1
8670000 1
10890000 1
430000 2
13190000 1
28010000 1
7783250000 1
1410000 1
600000 12
2050000 1
130000 1
10630000 1
5680000 1
19510000 1
14560000 1
15710000 1
16010000 38
25660000 1
4740000 1
27880000 1
6960000 1
940000 2
6190000 1
11171690000 1
8710000 2
11156320000 1
470000 6
2690000 1
14260000 1
8240000 1
