0 8261403
1130000 14
320000 1401
1450000 5
640000 4
1789540000 1
1770000 1
960000 105
2110000 1
170000 4542
1280000 5
490000 407
1447570000 1
810000 10
1972250000 1
20000 177951
1966090000 1
1150000 8
1790010000 1
340000 1053
1470000 1
660000 4
1683750000 1
980000 93
190000 2358
1300000 8
510000 128
1929950000 1
830000 9
1873690000 1
40000 111710
1170000 16
1449300000 1
360000 1006
1490000 1
1710830000 1
680000 2
1810000 1
1000000 69
1768030000 1
210000 1685
1320000 4
530000 37
1953150000 1
1719380000 1
850000 21
60000 47007
1190000 6
1872920000 1
1372910000 1
380000 1010
1510000 1
1970890000 1
700000 5
1830000 1
1020000 42
2130000 1
230000 1823
1340000 11
1710640000 1
550000 24
870000 32
80000 34069
1210000 6
400000 1070
1530000 2
720000 3
1040000 29
250000 2286
1360000 9
570000 10
890000 48
1872800000 1
100000 14590
1230000 9
1789120000 1
420000 1326
1550000 1
740000 6
1904130000 1
1373510000 1
1060000 32
270000 3127
16040000 2
1380000 4
590000 5
1700000 2
910000 82
120000 7796
1873990000 1
1250000 6
1789180000 1
1373940000 1
440000 1339
1570000 1
760000 10
1080000 21
290000 2836
1966380000 1
16020000 1
1400000 5
1720210000 1
610000 1
930000 109
140000 3938
1448270000 1
1270000 7
1904540000 1
460000 1006
780000 6
1910000 1
1100000 21
310000 1671
1420000 7
630000 5
950000 102
160000 4654
1290000 3
1448370000 1
480000 547
1752710000 1
800000 7
1954310000 1
10000 275789
1120000 12
330000 1199
1440000 2
650000 3
1760000 1
970000 83
180000 3471
1310000 9
500000 240
820000 11
1950000 1
1904210000 1
30000 158404
1140000 12
1768210000 1
350000 1074
1460000 1
1953010000 1
670000 2
1954440000 1
990000 73
1718750000 1
200000 1830
1789100000 1
1904440000 1
1330000 7
520000 96
840000 13
50000 71615
1447050000 1
1160000 13
370000 972
1480000 5
1874380000 1
690000 6
1965990000 1
1010000 59
220000 1737
1350000 4
1681330000 1
540000 18
1447860000 1
860000 22
1990000 1
70000 40214
1180000 15
1711430000 1
390000 1000
1500000 1
710000 7
1874680000 1
1030000 53
1050000 39
240000 1986
1370000 5
1789300000 1
560000 7
880000 43
1966990000 1
90000 26215
1751190000 1
811670000 1
1200000 14
410000 1192
1520000 1
730000 3
811480000 1
1070000 26
1448150000 1
260000 2547
1390000 7
1373030000 1
580000 9
1710000 1
900000 82
2030000 1
110000 9168
1220000 11
430000 1321
1448620000 1
1439270000 1
750000 5
1860000 2
1090000 23
280000 3145
1410000 10
600000 7
920000 80
130000 5474
1240000 11
450000 1202
770000 4
1110000 18
300000 2214
1430000 4
620000 7
1873640000 1
940000 117
150000 4090
1260000 3
1953840000 1
470000 820
1580000 1
790000 6
