0 10591383
3390000 1
320000 1
21320000 1
14370000 1
1770000 1
960000 2
20020000 1
15820000 1
490000 10
810000 9
11470000 1
20000 54
340000 1
660000 1
20000000 4
36010000 1
996530000 1
510000 3
22620000 1
830000 4
13430000 1
6140000 1
40000 1
8440000 1
14820000 1
5610000 1
360000 3
15140000 1
680000 2
15460000 1
16590000 1
1000000 1
20380000 1
530000 4
8020000 4
850000 7
10360000 1
60000 5
13710000 1
380000 3
33980000 1
2600000 1
4820000 1
15440000 1
1020000 2
2130000 1
22580000 1
550000 8
870000 7
24010000 4
16880000 1
400000 2
15100000 1
2660000 1
989350000 1
720000 1
28020000 3
9280000 1
10410000 1
1040000 2
18990000 1
250000 3
570000 75
890000 9
16700000 1
13670000 1
100000 2
14760000 1
420000 20
28810000 1
12010000 2
740000 2
4090000 1
1060000 1
14930000 1
590000 25
19610000 1
8120000 1
910000 7
11370000 1
5110000 1
14740000 1
120000 1
3510000 1
440000 30
1570000 1
4880000 1
760000 1
16020000 1
10790000 1
930000 2
2040000 1
1117030000 1
460000 27
16490000 1
6030000 1
25050000 1
14590000 1
10470000 1
1100000 1
6330000 1
14890000 1
16000000 50
310000 2
3640000 1
15210000 1
17750000 1
950000 4
12520000 1
15830000 1
49430000 1
480000 7
19540000 1
800000 1
6130000 1
3060000 1
10000 2091
1120000 1
14870000 1
330000 1
5640000 1
9050000 1
10160000 1
4020000 4
16620000 1
20010000 8
11930000 1
4700000 1
500000 12
820000 9
14550000 2
15640000 1
12570000 1
30000 2
4550000 1
9860000 1
5980000 2
1780000 1
990000 4
2140000 2
200000 1
9730000 1
520000 8
13360000 1
840000 3
17640000 1
24020000 1
50000 10
14830000 1
10710000 1
12890000 1
370000 5
9090000 1
690000 1
1010000 1
4340000 1
22270000 1
14960000 1
2440000 1
34950000 1
540000 11
5790000 1
8010000 1
4980000 1
860000 5
14510000 1
1990000 1
10390000 2
24000000 4
13700000 1
390000 5
15130000 1
17190000 1
1030000 1
11550000 1
15750000 1
1050000 1
10740000 1
1057360000 1
560000 5
928610000 1
880000 11
15580000 1
3460000 1
13960000 1
410000 10
12020000 1
6870000 1
13170000 1
711510000 1
19470000 1
4930000 1
5270000 1
260000 3
580000 111
900000 7
12870000 1
430000 31
1108740000 1
18340000 1
12000000 3
31100000 1
28010000 2
600000 5
12230000 1
28220000 1
920000 1
16930000 1
12810000 1
6510000 1
450000 30
3820000 1
4890000 1
770000 2
5210000 1
16010000 59
300000 3
620000 1
21860000 1
940000 3
14730000 1
470000 17
981040000 1
3800000 1
15370000 1
790000 4
