0 5809761
3230000 1
15990000 1
16150000 1
480000 4
12270000 1
800000 2
11460000 1
10000 1938
11780000 1
15030000 1
490000 2
650000 1
3243880000 1
3860000 1
810000 2
20000 21
20010000 4
16130000 1
1470000 1
5670000 1
500000 4
4700000 1
14230000 1
660000 1
4010000 2
19840000 1
12570000 1
30000 10
20000000 1
1140000 1
15960000 1
36010000 1
14060000 1
510000 2
670000 1
4000000 1
40000 2
945940000 1
200000 1
4480000 1
2460000 1
4640000 1
5175230000 1
520000 1
1810000 1
24020000 2
50000 2
3260000 1
15940000 1
370000 1
530000 1
3740000 1
690000 1
5175700000 1
1010000 1
11650000 1
3250000 1
220000 1
380000 1
2600000 1
540000 2
8940000 1
700000 1
8010000 1
7040000 1
4050000 1
24000000 1
10390000 1
1020000 1
13700000 1
11800000 1
390000 2
550000 4
24010000 8
1030000 1
6380000 1
80000 2
3470000 1
560000 7
1690000 1
16390000 1
4920000 1
1040000 2
90000 4
10910000 1
570000 53
730000 1
100000 1
420000 3
12010000 3
580000 60
10110000 1
740000 1
2030000 1
4090000 1
110000 1
9620000 2
1220000 2
6530000 1
270000 2
590000 36
28010000 2
20720000 1
910000 1
2020000 1
280000 1
16030000 1
15060000 1
440000 5
2540000 1
12070000 1
9970000 1
600000 12
12550000 1
3180000 1
130000 1
22160000 1
12970000 1
450000 3
610000 4
14240000 1
16340000 1
4890000 1
3980000 1
10280000 1
15550000 1
5210000 1
13790000 1
16010000 69
300000 1
10760000 1
460000 2
8860000 1
32970000 1
620000 4
19480000 1
11400000 1
16000000 23
470000 4
12040000 1
630000 2
6020000 1
