0 8965495
4520000 1
2580000 1
640000 1
800000 5
10000 89
170000 1
1280000 2
10000000 1
810000 4
20000 6
8420000 1
180000 1
6440000 1
132600000 1
500000 1
1630000 1
660000 4
820000 2
30000 2
1140000 2
1620000 1
670000 1
13270000 1
12240000 1
1780000 1
34430000 1
4160000 1
990000 1
40000 2
360000 2
840000 2
18950000 1
210000 4
370000 7
530000 1
690000 1
850000 1
1010000 2
220000 1
380000 5
540000 15
700000 1
24000000 1
16730000 1
70000 1
390000 7
550000 17
2221450000 1
710000 1
1820000 1
11330000 1
870000 1
1030000 1
11710000 1
1210000 1
240000 1
7670000 1
400000 11
848810000 1
560000 90
720000 2
410000 14
24620000 1
570000 201
730000 1
4211460000 1
420000 7
580000 44
740000 2
900000 1
35630000 1
270000 1
430000 6
590000 8
750000 1
8120000 1
910000 1
280000 1
440000 2
600000 3
760000 1
2050000 1
130000 1
290000 1
450000 1
610000 3
770000 2
930000 1
780000 1
6190000 1
150000 1
1260000 1
16000000 2
1580000 1
630000 2
790000 4
1900000 1
