0 58423641
10500000 1
8250440000 1
240000 1
5490000 1
400000 1
12030000 1
560000 1
12190000 1
4920000 1
10000 247
90000 4
12690000 1
570000 5
730000 1
20000 25
1070000 1
100000 2
1230000 1
260000 1
2400000 1
36000000 1
2480000 1
420000 1
9950000 1
1630000 1
740000 1
820000 1
30000 8
1060000 1
110000 2
12000000 2
8250630000 1
4790000 1
750000 1
910000 1
990000 1
40000 4
1090000 1
6420000 1
7731370000 1
2380000 2
2460000 1
1410000 1
7710000 1
4800000 1
760000 2
50000 1
1080000 1
3260000 1
6430000 1
210000 1
290000 2
2470000 1
6830000 1
690000 1
60000 7
6480000 1
140000 1
300000 3
6560000 1
2360000 1
2440000 2
11970000 1
9990000 1
7845190000 1
24000000 3
1020000 1
1100000 1
70000 1
6410000 1
16000000 10
310000 1
390000 1
1420000 1
17190000 1
4670000 1
12040000 1
2610000 1
8250590000 1
32010000 1
3800000 1
630000 1
8080000 1
