0 12670056
80000 2
1210000 1
1290000 1
240000 1
400000 2
2500000 1
640000 13
1850000 1
880000 1
10000 103
3929060000 1
5083530000 1
17948840000 1
410000 6
2410110000 1
1719180000 1
1600000 1
650000 30
730000 3
2830000 1
3677150000 1
3942620000 1
20000 1
100000 1
23320000 1
1390000 1
420000 16
1550000 1
500000 1
1609160000 1
660000 33
5083170000 1
740000 1
980000 1
1140000 1
3983720000 1
190000 1
270000 1
430000 16
1460000 1
1609010000 1
590000 1
670000 6
5083160000 1
750000 1
2410490000 1
1719640000 1
120000 1
2300000 1
4480000 1
1461010000 1
1720040000 1
440000 16
1490000 1
3929510000 1
17948320000 1
1730000 1
1080000 1
50000 2
3260000 1
450000 4
1720000 1
690000 1
2410390000 1
1610500000 1
60000 1
300000 3
460000 5
1510000 1
540000 1
1590000 1
780000 2
3000000 1
5083510000 1
1720780000 1
16000000 1
1340000 2
310000 2
1420000 2
470000 3
550000 1
17948270000 1
1580000 1
630000 3
3983130000 1
710000 1
1820000 1
3677090000 1
2429550000 1
