0 5379919
1130000 2
160000 18
1290000 1
24390000 1
320000 1
13080000 2
480000 5
640000 1
800000 10
960000 1
10000 123
170000 15
1280000 1
330000 2
12930000 1
490000 7
650000 3
810000 18
7110000 1
15510000 1
1920000 2
970000 3
21020000 1
20000 5
1150000 1
20010000 1
180000 3
340000 2
3530000 1
500000 4
660000 2
4860000 1
14390000 1
820000 26
980000 1
4230000 1
30000 2
20000000 6
190000 6
1300000 2
350000 1
510000 108
1620000 1
670000 9
830000 23
19690000 1
40000 11
200000 414
520000 60
37350000 1
3750000 1
680000 9
840000 31
1000000 1
50000 6
8450000 1
1160000 1
210000 1766
5600000 1
370000 1
1480000 1
530000 5
1640000 1
690000 5
850000 19
60000 2
220000 3156
380000 1
20370000 1
1510000 1
540000 1
1670000 2
700000 9
860000 19
24000000 2
2130000 1
1180000 3
230000 3138
1340000 1
710000 6
12280000 1
870000 21
4040000 1
14780000 1
6380000 1
80000 3
1210000 3
240000 3200
10740000 1
3470000 1
1690000 1
7990000 1
720000 7
15420000 1
880000 15
2190000 1
90000 1
1200000 2
250000 2252
6710000 1
410000 1
16220000 1
13170000 1
1680000 3
5880000 1
730000 3
890000 12
1070000 2
1230000 1
260000 1937
16210000 1
5750000 1
580000 1
740000 1
28000000 1
900000 5
1060000 1
270000 1601
16040000 1
13980000 1
430000 1
12000000 1
590000 1
4790000 1
750000 6
910000 3
2020000 1
1090000 3
15870000 1
1250000 3
13930000 1
280000 481
19340000 1
15220000 1
26930000 1
760000 2
1890000 2
920000 5
12550000 1
130000 1
1240000 3
11740000 1
290000 94
450000 3
1560000 1
24740000 1
770000 4
930000 5
1110000 1
140000 12
1270000 4
14880000 1
300000 27
16010000 3
460000 3
21540000 1
24730000 1
12210000 1
780000 3
14430000 1
1910000 2
940000 3
1100000 2
150000 12
1260000 1
16000000 45
310000 5
470000 6
12040000 1
630000 2
12200000 1
790000 2
20760000 1
950000 1
13630000 1
12520000 1
