0 18424238
12600000 1
2100000 2
1130000 9
2260000 1
320000 20
1450000 1
480000 2
640000 1
800000 1
960000 1
43930000 1
3015630000 1
2090000 2
10000 685
2110000 1
1120000 10
2901580000 1
330000 43
490000 4
1600000 1
650000 1
1760000 3
970000 1
2080000 1
11470000 1
20000 46
1150000 10
1310000 1
2400000 1
340000 71
500000 2
660000 1
980000 2
30000 3
1140000 9
1300000 1
350000 109
12560000 1
990000 2
40000 6
1170000 17
360000 132
520000 2
1810000 1
1970000 1
5120000 1
1000000 5
50000 7
2150000 1
1160000 12
210000 1
1320000 1
370000 129
5600000 1
1480000 1
2790000 1
850000 1
1010000 3
60000 5
2120000 2
37780000 1
1190000 8
14960000 1
380000 146
540000 2
1830000 1
15440000 1
1948070000 1
860000 1
24000000 1
28280000 1
1020000 4
2130000 2
1180000 14
230000 8
390000 144
550000 7
14180000 1
870000 1
14500000 1
1030000 4
1050000 2
2180000 2
5410000 1
1210000 1
240000 6
4440000 1
400000 173
560000 14
1040000 4
2190000 1
90000 1
1200000 5
410000 190
570000 34
2160000 1
100000 24
11690000 1
260000 39
420000 124
15080000 1
12010000 1
580000 77
1710000 1
740000 1
28000000 1
2030000 1
1060000 2
110000 1
1220000 4
270000 12
430000 47
590000 27
1860000 1
1090000 3
2220000 1
280000 1
9810000 1
440000 20
600000 9
1730000 3
760000 1
1890000 1
2050000 1
1080000 8
1195450000 1
1240000 1
2230000 1
18200000 1
450000 4
610000 3
6000000 1
770000 1
1880000 1
930000 2
2040000 1
1110000 11
2200000 3
16010000 6
2360000 1
300000 1
460000 4
620000 1
1750000 2
13460000 1
940000 3
1100000 6
1260000 2
16000000 39
310000 6
470000 3
1740000 1
1900000 1
950000 1
2060000 1
