0 4015604
16800000 1
11790000 1
320000 1
4840000 1
640000 1
7100000 1
960000 1
490000 34
810000 1
20000 7
1470000 1
2560000 1
660000 4
9060000 1
4010000 2
510000 22
17310000 1
830000 2
9230000 1
21830000 1
11450000 1
1170000 1
9570000 1
15950000 1
2300000 1
360000 2
16270000 1
5930000 1
11340000 1
530000 9
16420000 1
12300000 1
6080000 1
16740000 1
1190000 1
15930000 1
11810000 2
380000 2
700000 2
16570000 1
14670000 1
1340000 1
550000 4
24010000 1
10138430000 1
7350000 1
400000 1
5730000 1
6860000 1
720000 2
32220000 1
13480000 1
25110000 1
1040000 3
18990000 1
9600000 1
3300000 2
7820000 1
9920000 1
570000 13
28980000 1
6200000 1
13670000 1
5430000 1
420000 5
12010000 1
19440000 1
28000000 1
9300000 1
4090000 1
590000 43
4790000 1
7010000 1
15570000 1
440000 15
1570000 1
15380000 1
760000 1
1890000 1
22810000 1
7140000 1
2230000 1
4410000 1
290000 2
1400000 2
6670000 2
7780000 1
610000 4
6480000 1
140000 1
12820000 1
21380000 1
460000 33
10150000 1
16490000 1
22830000 1
6330000 1
2210000 1
16000000 10
630000 2
950000 2
6180000 1
2060000 1
8560000 1
13890000 1
480000 42
5810000 1
2740000 1
800000 1
10000 1101
1120000 1
650000 2
20010000 1
2400000 1
6600000 1
500000 26
1630000 1
3850000 1
820000 2
17620000 1
31350000 1
30000 3
15960000 1
350000 1
670000 3
12400000 1
4000000 1
990000 1
12720000 1
10860000 1
520000 16
1650000 1
13360000 1
9560000 1
370000 3
690000 1
1800000 1
11350000 1
3570000 1
13060000 1
540000 11
22590000 1
11160000 1
860000 1
1990000 1
22100000 1
390000 3
6730000 1
3720000 1
5940000 1
5250000 1
1050000 1
6700000 1
560000 6
32060000 1
18810000 1
3140000 1
30760000 1
410000 1
8500000 1
580000 24
16370000 1
12170000 1
2800000 1
8130000 1
44960000 1
4310000 1
5420000 1
1220000 1
3440000 1
29670000 1
430000 14
13190000 1
8990000 1
750000 1
11210000 1
9310000 1
1090000 1
9650000 1
4400000 1
5530000 1
16030000 1
600000 20
3500000 1
450000 19
7940000 1
7450000 1
16010000 13
300000 1
6640000 1
8860000 1
620000 2
1750000 1
2840000 1
28200000 1
1260000 1
470000 32
790000 1
