0 4485836
80000 1
160000 1
48380000 1
7706210000 1
320000 1
560000 1
8070000 1
2900000 1
7340000 1
10000 1841
170000 1
7580000 1
8730000 1
570000 4
4930000 1
6120000 1
10400000 1
20000 9
8420000 1
20010000 1
3290000 1
13830000 1
2320000 1
7570000 1
7730000 1
1470000 1
4700000 1
12010000 1
580000 35
740000 1
6070000 1
4010000 1
7160000 1
5180000 1
30000 2
15960000 1
1380000 1
14140000 1
590000 41
4790000 1
13430000 1
2970000 1
14620000 1
7678790000 1
10540000 1
11830000 1
5610000 1
5842230000 1
600000 35
2700000 1
8030000 1
48010000 1
11740000 1
15940000 1
610000 11
14400000 1
770000 1
17650000 1
8260000 1
9330000 1
6240000 1
11570000 1
140000 1
16010000 37
11810000 1
11000000 1
460000 1
18390000 1
620000 7
9340000 1
16950000 1
4350000 2
16000000 4
3480000 1
390000 1
630000 4
5940000 1
3880000 1
4990000 1
24010000 2
14660000 1
