0 13389363
1130000 1
15990000 1
5650000 1
1770000 2
960000 2
10510000 1
4370000 1
170000 1
1280000 1
2430000 1
20340000 1
3540000 1
26800000 1
5800000 1
10000000 1
52000000 1
1920000 2
20000 64
4220000 1
1150000 2
340000 1
17140000 1
10960000 1
2560000 1
2880000 1
15480000 1
7400000 1
15800000 1
20000000 1
36010000 1
8040000 1
830000 1
15650000 1
8360000 1
40000 3
15140000 1
2620000 2
5930000 1
10210000 1
8190000 1
5120000 1
210000 1
6590000 1
8020000 1
3900000 1
850000 4
6080000 1
60000 2
11810000 1
2600000 2
9100000 1
16570000 1
4050000 1
1340000 1
4670000 1
550000 5
8000000 1
13390000 1
24010000 5
7210000 1
7350000 1
80000 1
5410000 2
1210000 1
6540000 1
15100000 1
400000 1
12030000 1
720000 1
28020000 1
1850000 1
2980000 2
14610000 1
5240000 1
1360000 2
570000 25
8140000 1
890000 1
19930000 1
5430000 1
7650000 2
12860000 1
16210000 1
12010000 2
8980000 1
28000000 1
740000 4
6070000 1
1060000 2
7480000 1
21270000 1
1380000 1
590000 13
2810000 1
7010000 1
14460000 1
4560000 1
440000 1
3830000 1
4880000 1
760000 2
1890000 1
1080000 2
290000 1
7780000 1
2550000 1
23470000 1
14080000 1
3980000 1
6160000 1
4260000 1
140000 1
1270000 1
12050000 1
780000 1
1100000 2
21230000 1
9660000 1
16000000 68
7760000 1
17430000 1
160000 1
6620000 1
480000 1
2740000 1
800000 1
6130000 1
10000 1334
5320000 1
11780000 1
330000 2
1440000 1
1760000 1
23910000 1
12420000 1
4020000 1
2080000 1
18880000 1
20010000 1
180000 2
6600000 1
500000 1
1630000 1
14230000 1
820000 2
30000 6
14850000 1
20160000 1
17150000 1
9860000 1
670000 2
9390000 1
4320000 1
200000 2
10860000 1
520000 2
27980000 1
8030000 1
3910000 1
7220000 1
18770000 1
24020000 1
50000 2
15940000 1
370000 1
690000 1
17830000 1
6560000 1
540000 2
16410000 1
8010000 1
19560000 1
24000000 7
70000 2
1180000 1
12120000 1
710000 1
5250000 2
1050000 2
2180000 1
560000 5
22690000 1
880000 2
5080000 2
15580000 1
21090000 1
14790000 1
1200000 1
5400000 1
13960000 1
1520000 1
5720000 1
7980000 1
3780000 1
14280000 1
730000 1
4100000 1
25100000 1
2160000 2
260000 1
5590000 1
1390000 1
6680000 1
580000 34
5910000 1
1220000 2
1540000 1
12000000 2
7960000 1
750000 1
8280000 1
4080000 1
12640000 1
26450000 1
8840000 2
600000 5
13280000 1
9160000 1
920000 2
5360000 1
11740000 1
1560000 2
6830000 1
770000 3
11270000 1
5210000 1
15710000 1
10440000 1
1110000 3
8540000 1
16010000 20
32000000 1
5870000 1
3970000 1
10310000 1
5060000 1
6190000 1
3160000 1
12040000 1
790000 2
12360000 1
32490000 1
