0 5313853
160000 1
240000 1
400000 3
1450000 1
480000 1
560000 4
640000 1
10000 134
170000 2
2270000 1
490000 2
570000 28
650000 1
5880000 1
26090000 1
20000 6
180000 1
340000 2
5670000 1
580000 91
820000 1
8443980000 1
1950000 1
2030000 1
3120000 1
6879780000 1
2170000 1
350000 3
8448900000 1
590000 77
830000 1
360000 5
440000 1
600000 29
1000000 1
1160000 1
290000 1
14000000 1
370000 4
530000 2
610000 7
6640330000 1
770000 1
380000 5
540000 4
620000 4
1670000 1
700000 1
860000 1
940000 1
1020000 1
150000 1
230000 1
32800000 1
390000 2
1500000 1
3640000 1
550000 2
1580000 1
1660000 1
1900000 1
870000 1
