0 26801495
9530000 1
320000 7
4520000 1
12920000 1
16310000 1
640000 3
15500000 1
17760000 1
20020000 2
170000 3
2430000 2
15030000 1
490000 9
810000 8
4180000 1
20000 1026
5350000 1
9550000 1
340000 8
14070000 1
9060000 1
4010000 1
980000 2
921720000 1
3200000 1
20000000 6
190000 3
2410000 1
510000 6
17310000 1
1620000 1
830000 4
12560000 1
40000 217
13690000 1
7550000 1
360000 13
3750000 2
680000 2
27010000 1
12470000 1
210000 2
530000 4
8020000 5
850000 12
60000 104
4500000 1
5630000 1
380000 9
700000 3
2920000 1
1020000 1
2130000 1
15760000 1
22260000 1
7680000 1
2450000 1
21470000 1
550000 2
6890000 2
870000 1
24010000 2
3150000 1
80000 55
4280000 1
3470000 1
400000 6
16230000 1
5730000 1
12030000 1
1530000 1
7990000 2
720000 1
28020000 1
1850000 1
44010000 1
2190000 1
250000 4
1360000 1
16060000 3
20420000 1
14120000 1
570000 55
7030000 1
9130000 1
890000 5
689840000 1
9470000 1
100000 46
420000 16
2640000 1
740000 6
28000000 2
13500000 1
5260000 1
7480000 1
14930000 1
270000 3
16040000 1
8830000 1
590000 21
22700000 1
14460000 1
910000 2
120000 10
440000 22
14250000 1
760000 4
3020000 1
15700000 1
1080000 1
16020000 2
20460000 1
610000 4
930000 4
21060000 1
140000 6
460000 16
12050000 1
14270000 1
780000 3
7120000 1
9340000 1
15680000 1
8550000 1
310000 9
16000000 80
1420000 1
2530000 1
14100000 1
630000 1
22660000 1
18540000 1
5070000 1
11410000 1
950000 2
160000 5
1290000 1
5490000 1
9690000 1
480000 6
10010000 1
15340000 1
800000 5
15660000 1
10000 3038
21010000 1
5320000 1
2270000 1
330000 13
650000 1
4020000 1
20010000 1
180000 2
500000 8
1630000 1
5830000 1
820000 10
13420000 1
22950000 1
14550000 1
15640000 1
12570000 2
30000 443
350000 10
17150000 1
4550000 1
9860000 1
2570000 1
670000 2
9070000 1
8200000 1
990000 2
2140000 1
15790000 1
8600000 1
200000 2
520000 1
12310000 1
840000 4
50000 148
13680000 1
923880000 1
2310000 1
370000 7
14000000 1
2630000 1
20050000 1
5470000 1
220000 1
540000 8
8010000 1
860000 9
17660000 1
24000000 2
70000 90
390000 9
5620000 1
710000 10
11330000 1
1030000 1
14660000 1
240000 2
11870000 1
2500000 1
20430000 1
560000 5
27050000 1
880000 6
15580000 1
755920000 1
90000 37
12850000 1
410000 11
12020000 3
2670000 2
14280000 1
730000 1
5270000 1
1070000 1
260000 3
14150000 1
580000 98
14470000 1
900000 6
13660000 1
110000 11
4310000 1
15880000 1
8670000 1
430000 19
12000000 1
28010000 2
11210000 1
4950000 1
13510000 1
280000 6
16030000 1
4720000 1
20470000 1
23780000 1
920000 2
4250000 1
130000 12
15860000 1
4570000 1
450000 26
15390000 1
770000 5
5210000 1
14880000 2
16010000 22
300000 2
20450000 1
620000 3
15520000 1
21860000 1
940000 3
16650000 1
150000 2
24400000 1
13940000 1
2370000 1
5700000 1
470000 20
3800000 1
790000 4
