0 26040931
13650000 1
14700000 1
80000 2
1370000 1
12030000 1
3710000 1
560000 2
10000 3045
90000 1
170000 1
250000 1
570000 11
10000000 1
7850390000 1
810000 1
20000 23
20010000 1
180000 1
8580000 1
580000 32
9060000 1
900000 1
8290000 1
30000 5
110000 1
190000 1
2330000 2
510000 1
590000 53
8040000 1
6060000 1
15570000 1
14620000 1
1090000 1
120000 1
4640000 1
14170000 1
600000 37
10290000 1
50000 1
7864410000 1
210000 1
370000 1
610000 13
60000 1
7450000 1
140000 1
14880000 1
16010000 37
380000 1
3650000 1
620000 4
8010000 2
3970000 1
860000 2
15600000 1
24000000 1
3400000 1
16000000 11
8434040000 1
2370000 1
390000 2
4602500000 1
4590000 1
8430000000 1
15130000 1
5780000 1
13310000 1
790000 1
24010000 5
