0 1487087
1050000 1
320000 1
560000 2
640000 2
720000 1
800000 8
880000 6
960000 1
10000 1312
1200000 3
1280000 1
650000 3
730000 4
890000 1
970000 2
20000 33
1070000 1
100000 1
1230000 1
1310000 1
580000 1
740000 6
820000 1
900000 2
980000 1
30000 3
1140000 1
1220000 1
270000 1
430000 1
590000 1
670000 1
750000 5
830000 1
910000 4
40000 3
1170000 2
1330000 1
280000 1
1410000 1
520000 1
680000 2
760000 4
840000 2
920000 1
1080000 1
50000 2
1320000 1
450000 1
530000 2
610000 1
690000 3
770000 3
850000 1
930000 1
540000 1
620000 1
700000 4
780000 2
860000 4
940000 3
1340000 1
310000 1
710000 4
790000 2
870000 1
1638850000 1
