0 6373914
80000 1
320000 1
12920000 1
400000 1
560000 2
880000 7
6130000 1
1930000 1
10000 44
170000 2
250000 1
410000 1
490000 1
650000 1
7030000 1
890000 5
20000 4
100000 1
180000 4
8820000 1
420000 1
500000 1
980000 1
30000 4
110000 1
43220000 1
350000 1
430000 2
510000 12
1700000 1
830000 5
40000 1
120000 1
440000 2
520000 22
1730000 1
920000 1
50000 2
16020000 1
290000 1
2986770000 1
450000 2
530000 8
850000 4
26230000 1
11570000 1
5550000 1
3410000 1
380000 2
11970000 1
460000 4
540000 5
860000 22
24000000 2
1100000 1
20040000 1
16000000 4
470000 1
550000 3
4830000 1
870000 16
