0 3438889
2100000 1
15830000 1
1130000 2
701730000 1
1290000 3
1450000 1
1610000 1
1770000 1
10170000 1
800000 3
17760000 1
11460000 1
960000 1
10000 1083
1280000 1
1600000 1
1760000 1
810000 4
12580000 1
8380000 1
20000 24
1150000 1
20010000 1
7890000 1
1630000 1
13260000 1
10190000 1
820000 1
30000 3
20000000 1
1140000 4
14060000 1
12080000 1
3840000 1
1780000 1
830000 1
990000 1
40000 4
1170000 1
360000 1
1490000 2
1810000 1
2940000 1
1000000 1
50000 1
1160000 2
210000 2
13840000 1
15940000 1
11820000 1
10870000 1
1480000 1
2630000 1
1640000 2
14320000 1
690000 1
850000 2
12460000 1
1010000 1
60000 3
1190000 2
4500000 1
380000 1
15120000 1
1510000 2
540000 1
700000 3
12290000 1
860000 1
12590000 1
70000 2
1180000 1
1340000 1
3560000 1
1500000 1
550000 2
23850000 1
870000 1
24010000 3
1530000 2
3630000 1
560000 1
1690000 2
20590000 1
720000 1
1850000 1
2010000 1
1040000 1
90000 1
1200000 1
410000 1
15110000 1
6710000 1
3620000 2
4770000 1
570000 21
12180000 1
730000 3
1070000 1
1230000 4
1390000 1
12010000 1
580000 40
740000 4
1870000 1
900000 1
13500000 1
6530000 1
1380000 1
430000 2
12000000 1
590000 17
1700000 1
3760000 1
750000 2
910000 1
10420000 1
1090000 3
1250000 1
440000 1
3670000 1
600000 3
3830000 3
760000 7
10450000 1
29350000 1
1240000 1
9640000 1
290000 1
450000 2
1720000 1
3820000 1
770000 5
14400000 1
930000 2
1110000 2
1270000 1
16010000 11
460000 2
620000 1
1750000 2
780000 4
940000 3
1100000 2
1260000 2
16000000 18
310000 1
4590000 1
470000 1
1580000 2
630000 1
1900000 2
790000 2
3960000 1
5230000 1
