0 13749713
15990000 1
320000 3
1450000 1
480000 4
640000 1
800000 6
960000 1
2212450000 1
10000 878
170000 1
330000 1
490000 3
650000 1
1760000 1
810000 8
4020000 1
970000 1
20000 16
340000 4
4540000 1
500000 1
1630000 5
820000 14
30000 3
1620000 5
830000 13
40000 4
200000 2
11830000 1
360000 2
840000 11
50000 2
2310000 1
210000 6
1640000 5
8020000 1
1800000 1
850000 16
60000 1
220000 8
380000 1
540000 2
4820000 1
700000 1
16570000 1
860000 3
1990000 4
24000000 1
1020000 1
70000 2
230000 386
550000 9
870000 9
1980000 1
1030000 2
1050000 1
240000 1067
2402510000 1
7830000 1
560000 32
720000 1
880000 13
2010000 3
11540000 1
90000 1
1200000 1
250000 768
571920000 1
570000 135
730000 1
890000 6
15730000 1
100000 3
260000 224
1550000 1
580000 71
740000 3
1870000 1
900000 4
110000 2
270000 51
590000 19
750000 6
910000 3
6340000 1
120000 1
280000 13
600000 6
760000 5
920000 1
290000 12
13920000 1
450000 1
610000 3
1720000 2
770000 3
930000 7
1110000 1
140000 2
300000 9
1430000 1
10920000 1
460000 4
620000 2
6960000 1
1750000 2
780000 1
940000 6
10610000 1
16000000 5
310000 5
470000 1
630000 2
790000 5
950000 2
