0 11513117
1370000 1
320000 1
400000 2
1530000 1
480000 2
560000 3
640000 9
800000 6
1040000 1
10000 68
90000 1
1520000 1
490000 2
650000 8
730000 3
810000 2
890000 1
970000 1
1470000 1
4768490000 1
580000 1
660000 3
740000 2
820000 3
30000 1
1380000 1
8199120000 1
430000 4
510000 1
590000 4
670000 8
750000 2
830000 5
910000 1
3685610000 1
440000 1
1570000 2
600000 3
680000 6
760000 2
840000 6
920000 1
1000000 1
450000 7
610000 2
690000 5
770000 1
3685430000 1
850000 4
8198790000 1
1609470000 1
1010000 1
5094120000 1
460000 4
540000 2
620000 3
700000 4
780000 2
1609280000 1
860000 2
940000 1
1500000 1
470000 1
550000 3
630000 1
710000 2
790000 6
5288840000 1
870000 1
1030000 2
