0 2068603
16800000 1
12600000 1
1130000 1
9530000 1
11790000 1
15990000 1
320000 21
1450000 1
12110000 1
640000 14
4840000 1
13240000 2
15500000 1
16630000 1
960000 3
20020000 3
170000 304
16140000 1
490000 12
8060000 1
810000 9
13410000 1
12580000 1
20000 24786
1150000 1
5350000 1
3370000 1
340000 32
14070000 1
22470000 1
36160000 1
660000 16
5990000 1
11280000 1
15480000 1
16610000 2
4010000 1
980000 7
5180000 1
11600000 1
190000 244
1300000 1
16120000 2
3520000 1
510000 17
830000 8
6140000 1
8360000 1
40000 6330
22090000 1
7550000 1
360000 37
14010000 1
1490000 1
680000 16
16590000 1
14650000 1
1000000 4
17800000 1
12730000 2
210000 199
1320000 1
16100000 3
530000 10
3900000 1
850000 5
9250000 1
24030000 1
15630000 1
8340000 1
60000 2435
13710000 1
8460000 2
10680000 2
2280000 1
380000 28
1510000 1
9910000 1
3730000 1
700000 9
30020000 1
1830000 1
5140000 1
1020000 2
230000 124
1340000 1
16080000 2
3560000 1
4670000 1
550000 12
4990000 1
870000 12
24010000 3
7210000 1
80000 1504
27380000 1
1210000 1
400000 26
5730000 1
2660000 1
720000 10
28020000 1
26080000 1
1040000 3
5240000 1
250000 99
16060000 7
6710000 1
570000 19
1680000 1
16380000 1
14440000 1
890000 7
2000000 1
100000 974
6520000 1
420000 31
12010000 1
740000 10
28000000 1
1060000 2
13820000 1
270000 68
16040000 6
8830000 1
9940000 1
12160000 1
590000 40
910000 4
120000 652
1250000 1
3510000 1
440000 31
16190000 1
12070000 1
10130000 1
760000 9
5200000 2
22000000 1
1080000 2
23150000 1
3340000 1
16020000 17
290000 63
10790000 1
17090000 1
5520000 1
6670000 1
16340000 1
610000 38
9170000 1
23790000 1
10280000 1
930000 7
16660000 1
22960000 1
2040000 1
3170000 1
14720000 1
21060000 1
4260000 1
140000 456
22190000 1
15040000 1
16170000 3
460000 19
780000 8
8250000 1
4130000 1
5220000 1
1100000 3
12670000 1
16000000 5
310000 47
1420000 1
24560000 1
3640000 1
630000 21
1740000 2
3960000 1
16640000 1
10300000 1
950000 5
24090000 2
10500000 1
20030000 1
160000 388
1290000 1
16150000 1
480000 13
2740000 1
15340000 1
8070000 2
800000 11
6130000 1
1930000 1
15660000 1
10000 72480
15980000 1
330000 39
1440000 3
16300000 1
650000 15
7110000 1
970000 1
20010000 4
180000 273
9710000 2
6600000 1
3530000 1
16130000 1
500000 19
13100000 1
4700000 1
8900000 1
25700000 1
8050000 2
820000 8
11440000 1
3040000 1
24040000 1
4170000 1
30000 11654
1140000 1
24360000 1
350000 43
17150000 1
12080000 1
670000 15
8200000 1
990000 4
20070000 1
200000 185
5450000 1
6580000 1
16110000 3
36060000 1
520000 17
11180000 1
840000 11
24020000 1
3100000 1
50000 3810
14830000 1
3420000 1
370000 35
17170000 1
16260000 2
12140000 1
690000 11
5920000 1
16580000 1
19750000 1
14640000 1
1010000 2
20050000 1
220000 119
16090000 4
540000 8
10070000 1
860000 8
70000 1952
9580000 1
1180000 1
19090000 1
390000 23
1500000 1
3720000 2
12120000 1
710000 9
5940000 3
11330000 1
28130000 1
1030000 1
1050000 1
240000 116
17040000 1
16070000 3
26730000 1
560000 14
16390000 1
880000 7
16710000 1
90000 1207
1200000 1
9760000 1
24460000 1
410000 24
15110000 1
16220000 2
15430000 1
730000 7
260000 80
16050000 8
6680000 1
1390000 1
580000 37
900000 6
110000 762
10570000 1
4310000 1
1220000 1
21110000 1
12870000 1
24440000 1
430000 27
10890000 1
1540000 1
12000000 1
750000 6
28010000 1
1860000 1
6060000 1
30310000 1
13510000 1
1090000 3
2220000 1
8520000 1
24270000 1
4400000 1
280000 68
16030000 11
3670000 1
9970000 1
20470000 1
4720000 1
600000 38
11100000 1
8110000 1
3990000 1
6170000 1
920000 1
4250000 1
9480000 2
130000 590
1240000 1
16930000 1
15860000 1
3500000 1
450000 25
16180000 2
14240000 1
770000 12
12380000 1
3030000 1
16780000 1
16010000 61
300000 56
17100000 1
1430000 1
16330000 2
620000 31
1750000 1
14430000 1
940000 5
24080000 1
150000 424
1260000 2
16160000 5
470000 22
12040000 1
13150000 1
14260000 1
790000 9
14580000 1
