0 4968271
23260000 1
160000 1
1290000 1
5490000 1
320000 1
480000 2
2580000 1
8070000 1
800000 3
2900000 1
9200000 1
3060000 1
960000 1
10000 1987
10510000 1
14710000 1
170000 1
8570000 1
2270000 1
330000 1
8890000 1
650000 1
15350000 1
810000 1
20000 22
20010000 1
8580000 1
180000 1
15970000 1
1310000 1
340000 1
24850000 1
14390000 1
15480000 1
820000 1
4010000 1
30000 10
6450000 1
190000 1
2250000 2
6610000 1
350000 1
4550000 1
1940000 1
990000 1
12560000 1
40000 1
200000 1
3430000 1
4480000 1
360000 1
3465890000 1
4640000 1
8920000 1
15300000 1
680000 1
4960000 1
15460000 1
2310000 1
370000 1
3580000 1
4810000 1
4510480000 1
690000 1
850000 1
16580000 1
60000 2
2120000 1
20050000 1
380000 1
6720000 2
3730000 1
5790000 1
540000 1
1670000 1
8010000 1
860000 1
24000000 2
6270000 1
13700000 1
70000 1
230000 1
390000 1
14020000 1
3165090000 1
550000 1
1660000 1
710000 1
9270000 1
24010000 17
1030000 1
80000 3
14940000 1
4440000 1
16070000 1
4600000 1
2500000 2
3630000 1
1530000 1
560000 5
1850000 1
880000 1
13960000 1
410000 1
12020000 1
570000 25
1680000 1
730000 1
11390000 1
13670000 1
100000 2
260000 1
420000 1
580000 45
16370000 1
740000 1
5100000 1
10570000 1
110000 1
270000 1
430000 1
12000000 1
590000 35
8120000 1
28010000 4
2970000 1
910000 1
16680000 1
14620000 1
3130000 1
120000 1
23300000 1
16030000 1
13930000 1
2551490000 1
8680000 1
3510000 1
600000 19
760000 1
1240000 1
3500000 1
12060000 1
610000 1
10120000 1
770000 1
3061540000 1
15550000 1
1110000 1
4260000 1
16010000 80
620000 1
12210000 1
4900000 1
780000 2
4270000 1
16000000 11
310000 1
470000 1
15210000 1
4910000 1
1900000 1
6180000 1
