0 14973070
80000 1
160000 2
2573580000 1
480000 2
12030000 1
7100000 1
89970000 1
960000 1
10000 146
13720000 1
170000 1
330000 2
20500000 1
12180000 1
730000 1
20000 8
118510000 1
100000 1
260000 2
340000 1
420000 6
15400000 1
6070000 1
18670000 1
30000 9
1140000 1
16040000 1
430000 14
8830000 1
510000 85
13110000 1
40000 10
1090000 1
8440000 1
200000 1
440000 8
520000 36
16430000 1
20950000 1
28460000 1
13840000 1
8610000 1
210000 1
370000 1
5760000 1
530000 8
15550000 1
300000 2
380000 1
460000 1
540000 1
24000000 2
70000 1
13780000 1
230000 1
14890000 1
16000000 24
310000 1
390000 1
12040000 1
550000 1
13390000 1
10460000 1
