0 5937840
3150000 1
12760000 1
240000 2
1370000 1
560000 4
640000 1
8150000 1
44010000 1
10000 204
2110000 1
410000 1
570000 27
730000 2
7190000 1
4020000 1
970000 1
4180000 1
20000 3
100000 1
11930000 1
12010000 1
580000 55
3770000 1
1790000 1
740000 1
820000 2
30000 2
3458490000 1
430000 1
1620000 1
3680000 1
19450000 1
590000 30
1700000 1
670000 2
750000 3
830000 1
1940000 1
1250000 1
600000 11
680000 2
760000 1
1810000 1
15780000 1
8690000 2
1320000 1
6670000 1
370000 3
3388340000 1
530000 1
610000 11
2710000 1
3341590000 1
6240000 1
1110000 1
4420000 1
300000 2
16010000 3
380000 1
2600000 1
540000 2
620000 7
19640000 1
3312240000 1
1020000 1
3160000 1
1260000 1
16000000 5
390000 2
1420000 1
550000 2
1740000 1
8080000 1
790000 2
9270000 1
1980000 1
