0 82043273
3230000 1
160000 1
1290000 1
320000 1
1209450000 1
1610000 1
12270000 1
1770000 1
10000 188
1120000 1
20020000 1
170000 1
15980000 1
1280000 1
330000 1
490000 1
1600000 2
14200000 1
12100000 1
810000 1
3961440000 1
20000 24
3140490000 1
1150000 2
14840000 1
7570000 1
1310000 1
11930000 1
5569410000 1
8210000 1
980000 2
30000 14
5340000 1
1140000 2
20000000 1
2250000 1
350000 4
3520000 1
2570000 2
510000 2
1620000 2
246330000 1
40000 3
1170000 1
1330000 2
2940000 1
50000 6
1320000 2
2470000 1
370000 1
530000 2
376030000 1
60000 3
220000 1
1350000 5
1221870000 1
14960000 1
540000 1
1670000 1
8010000 1
1830000 1
10230000 1
24000000 3
1020000 2
70000 4
5460000 1
230000 1
550000 1
1660000 2
710000 1
1980000 1
1030000 2
1050000 4
7350000 1
400000 8
12030000 1
560000 8
1690000 1
720000 1
1040000 4
13640000 1
2190000 1
2350000 1
250000 2
3059990000 1
1360000 3
410000 7
570000 1
12180000 1
1070000 3
3290000 1
5555600000 1
260000 1
357910000 1
1390000 1
10880000 1
580000 1
2800000 1
28000000 1
2960000 1
1060000 4
430000 1
1540000 1
3760000 1
750000 1
910000 1
20880000 1
4080000 1
1090000 6
120000 1
280000 2
9810000 1
2540000 1
2700000 1
600000 1
6980000 1
12390000 1
1099880000 1
2050000 1
1080000 4
130000 1
1400000 1
450000 1
610000 1
1110000 3
1270000 1
16010000 1
1430000 1
460000 1
18390000 1
32000000 1
1750000 1
7280000 1
1100000 3
150000 1
1260000 1
4430000 1
16000000 19
1521800000 1
310000 1
12040000 1
