1076990000 2
2260000 3
1630750000 1
2842950000 1
1047910000 1
1450000 1
957770000 1
453600000 1
956960000 1
1114300000 1
452790000 1
2090000 1
1077970000 1
1046630000 1
453130000 1
1280000 8
2630050000 1
957600000 1
2631160000 1
1077460000 1
2842310000 1
2629540000 1
1920000 2
958240000 1
3070000 1
1150000 14
453300000 1
2685950000 1
1630240000 1
1790000 1
958410000 1
959520000 1
452280000 1
1048040000 1
1620000 1
2686420000 1
1077030000 1
1490000 4
2842100000 1
1629980000 1
2940000 1
1113450000 1
2686290000 1
1079040000 1
1320000 8
2630650000 1
1960000 1
958280000 1
1190000 7
1046720000 1
512140000 1
2600000 1
1631090000 1
2842400000 1
1830000 2
1047360000 1
1020000 6887
2630820000 1
2130000 3
2843040000 1
2685820000 1
1079380000 1
1048000000 1
1660000 1
2685350000 1
2730600000 1
2843030000 1
2729790000 1
1530000 3
512320000 1
957040000 1
959300000 1
511670000 1
1113570000 1
1360000 8
957680000 1
2510000 1
1630190000 1
2686160000 1
513600000 1
957210000 1
958320000 1
2000000 1
512830000 1
1230000 11
957550000 1
2736430000 1
1060000 912931
959600000 1
1629850000 1
2685860000 1
2842050000 1
958020000 1
2685390000 1
958700000 1
2380000 1
2729830000 1
1570000 2
2735320000 1
1047140000 1
1114340000 1
1079120000 1
2686710000 1
453250000 1
1114980000 1
1400000 7
1047310000 1
2040000 1
1078990000 1
1047610000 1
1270000 7
959810000 1
512060000 1
452330000 1
1910000 1
452970000 1
1100000 109
513810000 1
1740000 2
510650000 1
2686580000 1
957610000 1
2630040000 1
1629780000 1
1610000 4
1047260000 1
2630680000 1
958250000 1
1079240000 1
452140000 1
2686750000 1
2630210000 1
1440000 1
1113990000 1
1631060000 1
2080000 1
1079110000 1
1310000 6
2631190000 1
1114930000 1
1950000 1
2730330000 2
1047560000 1
1113650000 1
1140000 18
958890000 1
1079580000 1
2730160000 1
1780000 3
513540000 1
2842750000 1
511960000 1
2460000 1
2685810000 1
2730070000 1
1650000 1
959100000 1
2729260000 1
958630000 1
512130000 1
2736360000 1
958120000 1
1078730000 1
1079840000 1
1047390000 1
1010000 2962
2120000 3
957350000 1
1350000 6
2843050000 1
958760000 1
1630930000 1
1046880000 1
2629570000 1
957180000 1
1990000 2
2685340000 1
1113610000 1
2841770000 1
2290000 2
1180000 10
1114250000 1
2631620000 2
1820000 1
1050000 270590
2842870000 1
1690000 1
1047340000 1
958670000 1
2729780000 2
1520000 6
1114070000 1
2842230000 1
1631140000 1
2735290000 1
2736400000 1
452700000 1
1390000 2
452530000 1
959440000 1
1220000 9
1114840000 1
1630800000 1
957860000 3
1078550000 1
513460000 1
1047170000 1
1090000 515
2629920000 1
958540000 1
2686700000 1
1079450000 1
453560000 1
956920000 1
1730000 1
957560000 1
1560000 3
957090000 1
2629660000 1
1079920000 1
2729350000 1
2730460000 1
959650000 1
1430000 6
512220000 1
1046960000 1
2631710000 1
957260000 1
1078980000 1
1629430000 1
1114800000 1
1260000 5
2841850000 1
2370000 1
453430000 1
1900000 1
1130000 32
512890000 2
1629620000 1
2630200000 1
1631070000 1
1630260000 1
1770000 1
1629450000 1
2110000 1
1630900000 1
959070000 1
452940000 1
2842630000 2
1080040000 1
1630730000 1
2729850000 1
1470000 4
2687040000 1
1113510000 1
2730490000 1
1300000 4
1114920000 1
958730000 1
2734200000 1
2686100000 1
1170000 13
2630970000 1
1077350000 1
1631110000 1
958130000 1
1000000 335
1114580000 1
959580000 1
1078250000 1
453490000 1
2686950000 1
1640000 3
1630470000 1
511700000 1
452090000 1
1078420000 1
1510000 2
1047040000 1
453660000 1
510720000 1
2685500000 1
1340000 4
452560000 1
1980000 1
958300000 2
959410000 1
2842710000 1
2630930000 1
1210000 8
1114870000 1
1078200000 1
2630120000 1
959790000 1
452390000 1
2736410000 2
2631570000 2
1850000 2
512640000 1
2630760000 1
1040000 6510
1114700000 1
2190000 1
2631400000 1
513280000 1
1048140000 1
1680000 2
958000000 1
2841560000 1
2629780000 1
2685370000 1
2685710000 1
2631270000 1
1079350000 1
1550000 2
1630000000 1
2842200000 1
959280000 1
1629530000 1
2842840000 1
1380000 4
2686180000 1
513620000 1
2631740000 1
1113420000 1
958340000 1
957570000 1
1250000 9
959830000 1
3510000 1
1114020000 1
1890000 2
958210000 1
510500000 1
1630380000 1
1047460000 1
1080000 7146
1114660000 1
2631360000 1
452820000 1
1076790000 1
959490000 1
2686520000 1
513960000 1
1077090000 1
2842160000 1
1590000 3
2630420000 1
2686390000 1
1629570000 1
2685580000 1
1420000 3
1630210000 1
1114490000 1
2100000 3
1290000 2
2729710000 1
2843110000 1
957930000 1
1046130000 1
452630000 1
2841490000 1
1120000 41
1114780000 1
452460000 1
1048220000 2
1076830000 1
1629760000 1
2841960000 1
453460000 1
1630000 1
2631510000 1
2736510000 2
1113970000 1
512110000 1
2570000 1
452760000 1
1078790000 1
2630870000 1
1330000 4
1046090000 1
2780000 1
2730390000 1
1970000 1
2686470000 1
1047540000 1
1160000 13
1114740000 1
2841790000 1
1630780000 1
452420000 1
1079520000 1
1047070000 1
2687110000 2
1800000 2
1630310000 1
1046560000 1
2730050000 1
513430000 1
512620000 1
452890000 1
453030000 1
1077000000 1
1078110000 1
958610000 1
1500000 2
513260000 1
1629970000 1
452720000 1
957030000 1
1030000 7227
2631090000 1
1370000 7
1047830000 1
512160000 1
958010000 1
2842380000 1
2730270000 1
1200000 10
1629710000 1
2350000 1
958990000 1
1047190000 1
1840000 1
1114390000 1
1070000 73102
1710000 1
452850000 1
2842680000 1
959760000 1
1115160000 1
452680000 1
958180000 1
511640000 1
513820000 1
2841700000 1
2729670000 1
1410000 7
1631030000 1
2731040000 1
1046170000 1
2841530000 1
957240000 1
2050000 2
2686550000 1
1240000 4
1114820000 1
2841870000 1
2390000 1
2842510000 1
1110000 54
2842810000 1
1113840000 1
511130000 1
2729970000 1
1750000 1
958390000 1
452000000 1
1046810000 1
1114010000 1
1580000 2
958220000 1
1046340000 1
