0 5043244
2100000 2
1130000 1
7430000 1
6460000 1
5490000 1
320000 2
11140000 1
10000 1922
2110000 1
20020000 1
1120000 1
170000 2
15980000 1
3829810000 1
490000 1
4690000 1
650000 1
20000 20
1790000 1
30000 6
3200000 1
5340000 1
15800000 1
1300000 1
12790000 1
350000 2
18420000 1
12240000 1
13690000 1
1170000 1
2300000 1
360000 1
520000 1
840000 1
6250000 1
50000 1
1160000 1
210000 2
370000 1
690000 1
22880000 1
4340000 1
380000 1
1510000 1
540000 1
1670000 1
24000000 2
70000 2
6730000 1
3880000 1
5910590000 1
24010000 3
1030000 1
80000 1
2180000 1
2500000 1
400000 1
5730000 1
12030000 1
560000 1
1850000 1
90000 1
3620000 1
570000 15
5925230000 1
730000 2
7190000 1
100000 1
1390000 2
420000 1
5750000 1
580000 47
33170000 1
2800000 1
16040000 1
18180000 1
590000 29
7010000 1
16030000 1
440000 1
12070000 1
600000 15
760000 3
17560000 1
1890000 1
3340000 1
2390000 1
610000 1
770000 1
8260000 1
140000 2
16010000 37
300000 1
11890000 1
10920000 1
460000 1
1590000 1
780000 1
7280000 1
1100000 1
16000000 3
10930000 1
4590000 1
1580000 1
9030000 1
790000 1
14420000 1
13470000 1
