0 14239161
3593470000 1
320000 10
2173120000 1
3741840000 1
640000 1
10000 236
330000 15
5420560000 1
410000 1
490000 100
2459680000 1
1081030000 1
20000 4
100000 2
180000 1
340000 11
500000 364
2173140000 1
2141760000 1
3547890000 2
3593440000 1
30000 2
2141530000 1
510000 192
3547880000 1
2459700000 1
40000 3
200000 1
360000 1
3051700000 1
440000 1
520000 33
3627510000 2
2141740000 1
1080980000 1
3064940000 2
210000 1
3051710000 1
530000 1
684410000 1
3064950000 1
140000 2
220000 1
300000 3
5420550000 1
3547850000 1
738780000 1
700000 1
3197830000 1
2459670000 1
738230000 1
70000 4
150000 1
310000 2
2173110000 1
550000 1
738790000 1
3085690000 2
684430000 1
1080970000 1
