0 11431958
15830000 1
160000 15
15990000 1
320000 5
480000 1
800000 2
10000 1143
5320000 1
1120000 2
170000 10
1280000 1
330000 9
1440000 1
10990000 1
650000 2
810000 2
970000 1
20000 85
180000 8
1310000 1
340000 2
7730000 1
1470000 1
15160000 1
500000 1
1630000 1
660000 2
820000 3
6150000 1
980000 1
30000 26
190000 6
2250000 1
6450000 1
1300000 1
350000 4
510000 1
670000 2
830000 3
990000 2
40000 38
1170000 1
200000 6
360000 2
680000 1
840000 1
50000 16
1160000 2
6430000 1
210000 12
2310000 1
1320000 1
370000 4
1480000 1
530000 1
690000 2
850000 2
1010000 3
60000 15
1190000 1
220000 2
380000 3
540000 2
5790000 1
700000 2
860000 2
70000 16
230000 10
1340000 1
390000 3
5780000 1
550000 1
710000 1
870000 1
1030000 1
80000 13
1210000 1
240000 10
400000 2
5730000 1
1690000 1
720000 5
880000 2
2010000 1
1040000 2
90000 10
1200000 2
2350000 1
250000 4
1360000 1
410000 2
1520000 1
570000 2
730000 3
890000 1
4959680000 1
100000 16
1230000 1
260000 6
580000 2
740000 1
1060000 1
110000 8
2330000 1
270000 5
430000 1
1540000 3
590000 2
750000 3
910000 2
1090000 1
120000 8
2220000 1
16030000 1
280000 1
440000 3
1570000 1
1730000 1
920000 2
1080000 2
130000 9
1240000 2
290000 4
1400000 2
450000 4
610000 1
770000 2
930000 1
2040000 1
1110000 1
140000 9
1270000 3
300000 3
16010000 1
1430000 1
1590000 1
780000 2
940000 2
1100000 1
150000 10
1260000 1
310000 6
16000000 2
470000 1
790000 3
950000 2
