0 1664612
184560000 1
369200000 1
80000 1
453200000 1
640000 3
720000 2
800000 1
2980000 1
3140000 1
10000 901
250000 1
15980000 1
490000 1
570000 1
730000 1
890000 1
5170000 1
20000 163
1070000 1
1390000 1
3530000 1
500000 3
580000 1
621380000 1
356170000 1
740000 2
900000 2
30000 4
22140000 1
1140000 1
270000 1
8040000 1
670000 4
750000 1
830000 1
910000 1
25080000 1
40000 2
3190000 1
15950000 1
600000 1
680000 1
760000 1
18690000 1
920000 1
1080000 1
1160000 1
8530000 1
18040000 1
29610000 1
16020000 7
3500000 2
2630000 1
530000 1
610000 1
6990000 1
690000 2
770000 1
850000 5
60000 1
1190000 1
16010000 7
3410000 1
701870000 1
540000 1
620000 3
700000 1
780000 1
574370000 1
940000 1
1020000 1
345020000 1
12750000 1
6570000 1
630000 1
710000 5
790000 1
