0 14648451
1130000 1
15990000 3
320000 1
1450000 1
51850000 1
640000 2
1770000 1
15500000 1
4765760000 1
170000 1
16970000 1
21170000 1
16140000 1
1600000 1
32150000 1
4206500000 1
810000 2
15670000 1
4180000 1
20000 37
5350000 1
1150000 1
2240000 2
15970000 2
4631870000 1
9870000 1
1470000 1
660000 3
35690000 1
11600000 1
20000000 1
39100000 1
1620000 1
22620000 1
8440000 1
5290000 1
3430000 1
17160000 1
4632210000 1
680000 5
2940000 3
8610000 1
4631720000 1
530000 1
1960000 1
15630000 1
60000 1
1190000 1
3410000 1
5630000 1
380000 1
1510000 2
700000 3
2130000 1
4631740000 1
230000 1
1340000 1
4586890000 1
550000 2
8000000 1
870000 1
24010000 10
80000 1
10580000 1
1210000 1
15910000 1
2340000 2
6540000 2
1530000 2
6860000 1
720000 1
1850000 1
1040000 2
10750000 1
2510000 1
15270000 1
12180000 1
2830000 1
890000 2
2000000 1
2037570000 1
5430000 1
15890000 1
2320000 1
4687640000 1
4620000 1
12010000 2
10110000 1
740000 2
1870000 2
4591520000 1
4090000 2
12710000 1
8510000 1
13820000 1
10730000 1
2490000 1
1380000 1
5580000 1
4790000 1
590000 1
3920000 1
5110000 1
6220000 1
3190000 1
120000 1
6500000 1
1250000 2
4560000 1
3510000 1
5690000 1
2700000 1
4880000 1
760000 1
4205820000 1
15700000 1
3340000 2
27590000 1
16020000 1
290000 1
2550000 1
8850000 1
4287410000 1
930000 2
2040000 1
140000 3
8700000 1
2360000 1
460000 3
5710000 1
1590000 1
4674150000 1
2680000 1
4410880000 1
3810000 1
780000 1
4411200000 1
1910000 2
8250000 1
14590000 1
1100000 2
16000000 32
32010000 1
630000 1
5860000 1
8080000 1
9190000 1
5070000 1
11630000 1
160000 1
2420000 1
4318460000 1
2037990000 1
800000 1
1930000 1
4631520000 1
10000 4086
2270000 1
4673840000 1
28580000 1
1440000 2
3700000 2
650000 4
2910000 1
15510000 1
4020000 1
970000 2
9370000 1
20010000 3
2400000 1
500000 1
1630000 1
11120000 1
3850000 1
3040000 1
4170000 1
30000 3
1140000 1
7560000 1
15960000 1
350000 1
14060000 1
1460000 2
9860000 1
2570000 1
15170000 1
3680000 1
670000 1
1780000 3
2890000 1
4000000 2
990000 1
4320000 1
1330000 1
2460000 2
7710000 1
4640000 1
14170000 1
1650000 1
8030000 1
27980000 1
11180000 1
4960000 1
9240000 1
8350000 1
50000 3
9560000 1
15940000 1
5600000 1
3740000 2
690000 1
1800000 2
15470000 1
11350000 1
2120000 1
11650000 1
4591970000 1
8620000 1
13060000 2
540000 2
8940000 1
1670000 3
4687680000 1
27960000 1
8010000 3
860000 1
9260000 1
24000000 1
12590000 1
14810000 1
70000 3
2290000 2
7520000 1
5620000 2
1500000 2
15130000 1
7840000 1
3720000 1
710000 1
1820000 1
2930000 1
5150000 1
1030000 2
240000 1
5570000 1
1370000 1
8800000 1
2082010000 1
5890000 2
2820000 1
4205620000 1
880000 2
7340000 1
3140000 1
4765680000 1
4290000 1
15900000 1
13960000 1
12020000 1
13170000 1
8970000 1
4148770000 1
2990000 1
4100000 2
2160000 1
5270000 1
4111630000 1
16050000 1
2480000 1
7810000 1
4780000 1
7000000 1
5910000 1
1710000 1
4287380000 1
900000 2
4318840000 1
3120000 1
4630000 1
12000000 2
1540000 1
2650000 1
3760000 1
7960000 1
43700000 1
750000 1
28010000 1
9310000 1
1090000 3
11590000 1
9650000 1
280000 1
10780000 1
4586980000 1
8840000 1
600000 2
1730000 1
2860000 1
4286350000 1
3990000 1
920000 2
2050000 1
14750000 1
10630000 1
1240000 1
6830000 2
19510000 1
7940000 1
770000 1
1880000 1
4138630000 1
8260000 1
4286780000 1
16010000 59
10760000 1
620000 1
18550000 1
6490000 1
13940000 1
3800000 1
2038160000 1
790000 3
1900000 1
4631510000 1
