0 2040279
2100000 2
1130000 1
6234980000 1
1450000 2
1610000 1
640000 1
800000 4
960000 1
10000 856
1120000 2
170000 1
2270000 1
1280000 1
1440000 2
650000 1
810000 1
970000 2
20000 38
3210000 1
1310000 2
2376400000 1
1470000 4
2560000 1
1630000 1
1790000 1
820000 1
980000 2
30000 9
1140000 3
1300000 1
1460000 5
1620000 3
670000 3
830000 1
990000 4
40000 5
1330000 1
2460000 1
1490000 5
680000 2
840000 3
1000000 1
50000 1
1160000 4
18120000 1
1320000 1
1480000 4
16260000 1
1640000 1
690000 1
1800000 1
850000 2
1010000 6
60000 1
220000 1
1510000 2
3730000 1
700000 3
1020000 1
70000 5
1180000 4
230000 1
4510000 1
1340000 1
1500000 1
1660000 2
710000 1
870000 2
1030000 5
3090000 1
1050000 2
1210000 4
1370000 1
17200000 1
1530000 2
4760000 1
1690000 1
720000 1
880000 3
1040000 2
1520000 1
730000 1
890000 1
1070000 5
1230000 2
6220540000 1
1390000 3
420000 1
1550000 1
740000 3
110000 3
1220000 1
4470000 1
430000 1
590000 1
750000 2
2970000 1
1090000 5
1250000 4
4400000 1
1410000 3
1570000 4
760000 3
1080000 2
130000 1
1560000 1
610000 1
1880000 1
930000 1
1110000 1
5500960000 1
140000 2
1270000 1
16010000 1
1430000 2
1590000 3
780000 3
5494170000 1
940000 2
1100000 2
150000 1
1420000 3
1580000 1
790000 1
950000 2
12484140000 1
4120000 1
