0 4223733
80000 2241
2430700000 1
160000 6
400000 1
480000 1
560000 68
640000 4
10000 141566
90000 915
170000 1
1245060000 1
490000 1
570000 52
650000 5
1174220000 1
20000 48575
100000 217
1150000 1
1245050000 1
500000 1
580000 36
660000 1
1102810000 1
30000 15379
110000 22
350000 1
430000 2
510000 15
590000 20
670000 3
566950000 1
40000 14687
120000 3
1281460000 1
520000 34
600000 25
50000 13667
130000 2
1115140000 1
530000 69
610000 19
60000 8197
140000 1
380000 1
460000 1
540000 69
620000 12
1174250000 1
70000 4479
150000 1
470000 1
550000 66
630000 13
