0 82538808
320000 1
480000 14
12110000 1
23740000 1
5240000 1
10000 71
7500000 1
410000 2
12020000 1
490000 2
570000 1
4020000 1
20000 5
100000 1
20010000 1
13750000 1
4380000 1
22230000 1
36000000 1
420000 1
500000 3
10960000 1
580000 2
30000 2
110000 3
20000000 1
190000 10
841450000 1
6930000 1
16440000 1
670000 1
1860000 1
40000 3
200000 9
3430000 1
8760000 1
2540000 1
440000 1
600000 2
50000 4
210000 1
450000 3
9960000 1
530000 2
610000 2
1010000 1
60000 3
140000 1
16010000 2
380000 1
460000 24
2680000 1
540000 5
6960000 1
546140000 1
24000000 1
6270000 1
70000 4
8550000 1
150000 1
16000000 6
11800000 1
390000 1
470000 30
550000 3
483230000 1
