0 3597111
1130000 2
160000 4
10660000 1
9690000 1
320000 1
44420000 1
640000 2
800000 1
10000 1704
170000 2
330000 2
490000 2
2590000 1
1600000 1
1920000 1
970000 1
2080000 1
20000 8
1150000 1
180000 1
6600000 1
12940000 1
340000 1
500000 1
7890000 1
820000 1
980000 1
30380000 1
30000 8
1140000 1
2250000 1
190000 2
1300000 1
2410000 1
1460000 1
5660000 1
10020000 1
830000 1
40000 1
2140000 1
200000 4
360000 1
4640000 1
520000 1
5930000 1
1810000 1
24020000 1
9400000 1
1000000 1
8450000 1
50000 2
15780000 1
3260000 1
210000 2
2470000 1
370000 3
530000 1
3740000 1
1960000 1
8340000 1
60000 2
14800000 1
2280000 1
1190000 1
220000 2
1350000 1
14960000 1
380000 1
3570000 1
540000 1
8010000 1
700000 1
3890000 1
860000 1
70000 4
1180000 1
230000 3
2610000 1
3151460000 1
6890000 1
710000 4
4040000 1
24010000 2
1980000 1
9430000 1
3360670000 1
1030000 1
5250000 1
80000 3
3310000 1
240000 1
5570000 1
15100000 1
400000 3
9930000 1
17360000 1
560000 1
2980000 1
21090000 1
250000 1
7030000 1
100000 3
260000 2
420000 1
1550000 1
580000 5
1710000 1
900000 1
2170000 2
110000 3
3360780000 1
1220000 2
2330000 1
270000 1
3600000 1
430000 2
6850000 1
8990000 1
590000 5
750000 1
3190000 1
9490000 1
120000 4
5370000 1
4400000 1
280000 1
600000 4
1730000 3
760000 1
17720000 1
920000 1
10450000 1
6350000 1
130000 1
290000 1
1400000 1
450000 1
8850000 1
19350000 1
610000 1
1720000 1
770000 2
18840000 1
6480000 1
140000 1
1270000 1
16010000 16
300000 4
2360000 1
35960000 1
2959600000 1
1590000 1
7930000 1
620000 1
3810000 1
4900000 1
940000 2
2684330000 1
4270000 1
150000 1
310000 1
3480000 1
4590000 1
7760000 1
470000 2
1580000 2
630000 1
3960000 1
1900000 2
950000 1
