0 11076134
1130000 1
160000 232
320000 9
1237880000 1
800000 8
960000 3
10000 212738
170000 148
1280000 1
330000 4
490000 1
650000 2
810000 5
970000 2
20000 70471
180000 113
340000 3
500000 2
660000 2
820000 11
980000 2
30000 31996
190000 108
350000 3
1177920000 1
1406540000 1
510000 1
1514790000 1
670000 1
1780000 1
830000 8
1515110000 1
990000 2
40000 17080
1461820000 1
1170000 1
200000 79
680000 5
840000 11
1000000 2
50000 10106
210000 50
370000 1
690000 5
850000 10
1010000 1
60000 6502
220000 48
380000 3
700000 6
860000 16
70000 4171
1177640000 1
230000 32
390000 1
550000 1
710000 11
870000 10
80000 2770
240000 32
400000 1
720000 11
880000 6
90000 1855
1461870000 1
250000 29
410000 2
730000 12
890000 13
100000 1331
260000 22
420000 3
740000 11
900000 5
110000 950
270000 23
590000 1
750000 10
910000 6
120000 688
280000 13
440000 1
1570000 1
760000 8
5040000 1
920000 9
1080000 1
130000 513
290000 11
610000 2
770000 8
930000 6
140000 374
300000 6
9869540000 1
460000 1
620000 2
780000 8
940000 3
1100000 1
150000 227
310000 6
470000 1
630000 1
790000 9
950000 1
