0 8746104
4200000 1
1130000 3
7590000 1
320000 3
1450000 4
6780000 1
3710000 1
640000 12
872150000 1
960000 1
2110000 1
4370000 1
1280000 1
871660000 2
4705340000 1
490000 9
871980000 2
810000 4
1920000 1
20000 58
340000 3
1470000 1
871810000 1
2560000 1
660000 129
871640000 1
2410000 1
4704210000 1
510000 1
1620000 1
2730000 1
4711820000 1
8040000 1
830000 1
4706830000 2
1940000 2
40000 3
871470000 1
2300000 1
3060990000 1
360000 1
9890000 1
871790000 1
16270000 1
4800000 1
680000 115
4658860000 1
210000 1
1320000 3
4711760000 1
4650000 1
530000 2
1640000 1
2790000 1
4628080000 1
1960000 1
1190000 1
380000 1
871770000 1
2600000 1
4565030000 1
700000 23
1830000 1
12450000 1
1020000 2
872410000 1
4701950000 1
1340000 12
550000 2
1980000 2
80000 1
871750000 1
17200000 1
4658420000 1
1850000 3
4110000 1
872390000 1
2190000 1
871580000 1
2510000 1
3620000 1
570000 2
1680000 1
890000 6
872420000 1
4300000 1
1230000 1
2320000 1
3061090000 1
871730000 1
420000 6
4781010000 1
740000 2
18670000 1
1060000 1
871560000 1
270000 2
1380000 2
590000 4
910000 1
2020000 1
2380000 1
440000 24
872030000 1
760000 1
1890000 2
4666230000 1
871540000 2
16020000 1
1400000 1
610000 4
930000 1
871690000 1
460000 33
780000 3
1910000 2
1100000 1
12670000 1
3320000 1
871520000 1
872630000 1
310000 1
630000 5
950000 3
480000 15
800000 3
4658660000 1
1930000 1
10000 10234
4781610000 1
1120000 2
2270000 1
1440000 1
330000 2
3700000 1
650000 76
1760000 1
4783360000 1
180000 2
1310000 2
2400000 1
4713730000 1
500000 1
871970000 1
820000 2
1950000 1
30000 8
871480000 1
1140000 2
3061000000 1
4576150000 1
4714750000 1
350000 4
12950000 1
1460000 3
670000 179
872120000 2
1780000 1
990000 1
876640000 1
872520000 1
1330000 8
2460000 2
520000 3
10050000 1
16430000 1
4705630000 1
840000 2
8350000 1
3100000 1
370000 1
3060190000 1
1480000 1
4627920000 1
690000 63
7070000 1
1800000 1
1010000 2
15770000 2
2120000 1
871610000 1
1350000 1
871930000 1
860000 3
1990000 1
871440000 1
4784680000 1
1180000 2
2290000 1
390000 3
2610000 1
2249820000 1
710000 12
9430000 1
4703980000 1
2180000 1
240000 1
1370000 3
6700000 1
560000 1
880000 1
4714490000 1
871740000 1
1520000 1
6870000 1
4565040000 1
872060000 2
730000 2
580000 2
4783310000 1
2250030000 1
900000 4
4781490000 1
9460000 1
871400000 1
1220000 1
2330000 1
3061080000 1
430000 18
1540000 2
750000 5
2970000 1
2220000 1
280000 1
11910000 1
2540000 1
600000 6
4663870000 1
2250050000 1
920000 2
130000 1
4714530000 2
871700000 1
450000 20
1560000 1
872020000 1
3820000 1
12380000 1
1880000 1
2200000 1
871530000 1
16010000 2
300000 1
1430000 2
2520000 2
871850000 1
620000 6
940000 1
4576030000 1
1260000 1
2370000 2
470000 30
1900000 3
12360000 1
790000 2
876440000 1
4706950000 1
