0 15707389
4360060000 1
4360140000 1
4759630000 1
240000 1
320000 3
4155300000 1
10000 390
250000 2
330000 3
410000 1
570000 1
20000 10
4496340000 1
260000 1
340000 3
420000 1
500000 18
4200230000 1
4155280000 1
4067320000 1
30000 3
110000 1
190000 1
270000 2
350000 6
4881400000 1
510000 99
4200220000 1
40000 3
4328760000 1
200000 1
2374200000 2
280000 2
4881390000 1
520000 85
4067380000 1
50000 3
4328770000 1
210000 2
530000 15
4155350000 1
4360080000 1
60000 2
4496300000 1
220000 1
300000 1
4670800000 1
540000 2
4759560000 1
4360090000 1
230000 1
310000 1
3856020000 1
4155250000 1
