0 12967954
1898100000 1
320000 114
480000 1
640000 2
1515890000 1
2134590000 1
2079020000 1
1911340000 1
2134750000 1
10000 402
330000 112
490000 2
4910030000 1
650000 2
1221250000 1
511420000 1
2060290000 1
20000 9
1921220000 1
340000 115
500000 254
1195900000 1
1221100000 1
551030000 1
660000 4
2134730000 1
30000 4
1710360000 1
350000 31
510000 742
2174180000 1
1515740000 1
670000 1
551340000 1
1710210000 1
40000 3
1876090000 1
200000 2
360000 16
4098240000 1
520000 516
680000 2
50000 3
2017610000 1
210000 5
370000 9
530000 143
690000 1
551280000 1
60000 4
220000 11
2028240000 1
380000 5
1921420000 1
540000 44
4910040000 1
700000 2
2134610000 1
1710160000 1
1340090000 1
70000 12
1653740000 1
230000 4
1876100000 1
390000 6
550000 15
1911290000 1
1710170000 1
80000 1
1876050000 1
240000 2
1164140000 1
400000 2
1921440000 1
560000 8
1515810000 1
720000 1
1911260000 1
2060200000 1
1653600000 1
90000 2
2017570000 1
410000 3
570000 9
2174400000 1
1920620000 1
551240000 1
730000 1
1710290000 1
100000 1
2017580000 1
1921300000 1
420000 3
580000 5
2079080000 1
2060380000 2
1340070000 1
110000 1
430000 3
590000 3
511480000 1
1876010000 1
1898060000 1
1620210000 1
440000 1
1221120000 1
600000 4
2120900000 1
551210000 1
1221280000 1
1876000000 1
1898070000 1
2017690000 1
1221130000 1
610000 3
1221290000 1
770000 1
2079070000 2
1340000000 1
300000 31
1164240000 1
460000 1
620000 4
310000 106
1898210000 1
1164250000 1
630000 4
4909970000 1
2079050000 1
2060190000 1
