0 19651846
15990000 10
1450000 2
31980000 1
3710000 1
9040000 1
2900000 1
6310000 1
170000 5
1280000 1
8441310000 1
810000 5
3370000 1
340000 1
7890000 1
20000000 2
510000 36
3840000 1
14540000 1
40000 6
5290000 1
15950000 4
10700000 1
2300000 1
7550000 1
16590000 1
5120000 1
210000 5
8610000 1
1320000 1
13050000 1
15310000 1
8020000 1
850000 1
43960000 1
1190000 1
380000 4
4050000 1
1020000 1
2130000 2
5460000 1
14970000 1
32880000 1
550000 17
2770000 1
13390000 1
24010000 42
80000 3
15910000 1
1530000 1
12030000 1
720000 1
2980000 1
44010000 3
39990000 1
250000 1
1360000 1
13010000 1
890000 2
2000000 1
1230000 2
3450000 1
13990000 1
420000 24
21740000 1
7160000 1
26100000 1
4470000 1
6690000 1
9940000 1
590000 74
1700000 2
2810000 1
15570000 1
30410000 1
120000 7
19990000 1
15870000 1
760000 1
6010000 1
16510000 1
17560000 1
13440000 1
8530000 3
290000 3
12970000 1
25970000 1
11730000 1
1270000 2
20290000 2
460000 101
7930000 1
12370000 1
1910000 2
4130000 1
1100000 2
16790000 1
4430000 1
16000000 83
630000 3
15530000 1
14700000 1
160000 5
4680000 1
1610000 1
3870000 1
800000 2
11460000 1
24060000 1
14870000 1
15980000 4
330000 2
1440000 2
31990000 1
12100000 1
4850000 1
8403990000 1
15510000 1
970000 2
2080000 1
7410000 2
20010000 9
1310000 1
9710000 1
6600000 1
500000 69
5830000 1
29900000 1
8050000 1
5020000 1
35550000 1
30000 11
1140000 2
2250000 1
3360000 1
670000 1
4000000 2
3270000 1
200000 1
8185700000 1
27980000 2
3910000 1
840000 1
8350000 1
15940000 2
7540000 1
370000 10
1480000 1
8180000 1
20860000 1
1010000 1
10520000 1
6560000 1
1350000 1
540000 17
5790000 1
8010000 4
4980000 1
20690000 1
8455610000 1
70000 5
8470000 1
1180000 3
10690000 1
5620000 1
10220000 1
9110000 1
12440000 1
6260000 1
1050000 4
39980000 1
18170000 1
1690000 2
3950000 1
880000 1
11380000 1
14790000 1
410000 16
12020000 4
20900000 1
14920000 1
17060000 1
3610000 1
580000 103
8455570000 1
20730000 1
15560000 1
2030000 1
19920000 1
110000 2
10570000 1
1220000 2
750000 2
2970000 1
7812220000 1
16030000 2
1730000 2
12230000 1
48010000 1
920000 1
16930000 1
450000 88
1560000 1
2710000 1
7264500000 1
2200000 1
620000 2
15520000 1
10310000 1
2070000 1
150000 6
1260000 1
10140000 1
790000 3
4120000 1
9530000 1
1130000 2
320000 1
13240000 1
1770000 2
7100000 1
4030000 3
960000 2
2110000 1
3220000 1
490000 100
18400000 1
2750000 1
7270000 1
8380000 1
20000 69
15970000 7
1470000 1
660000 1
2880000 1
14690000 1
766640000 1
190000 7
36010000 2
15330000 1
830000 3
360000 3
4070000 1
6590000 1
530000 26
8930000 1
1640000 2
2790000 1
27990000 1
60000 8
27480000 2
15930000 1
4500000 1
1510000 1
700000 2
14350000 1
24970000 1
230000 1
8630000 1
9740000 1
3560000 1
11960000 1
23690000 1
870000 3
1980000 2
7350000 1
1210000 2
3470000 1
400000 7
2660000 1
1040000 1
3300000 1
4450000 1
16060000 1
570000 38
13330000 2
5090000 1
100000 4
15890000 1
5430000 1
2320000 1
12010000 14
25780000 1
740000 2
28000000 1
17540000 1
8290000 1
270000 1
4790000 1
22700000 1
7010000 1
8120000 1
8440900000 1
910000 1
1250000 1
440000 50
19500000 1
8173420000 1
14570000 1
9320000 1
16020000 4
9960000 1
610000 4
16660000 1
19970000 1
140000 3
15040000 1
7812360000 2
14270000 1
766600000 1
310000 5
32010000 8
8080000 1
950000 2
2060000 1
12760000 1
1290000 2
3550000 1
480000 128
52010000 1
10000 7100
11780000 2
4530000 1
7900000 1
650000 4
4020000 1
8470360000 1
5170000 1
13570000 1
18880000 1
180000 5
36000000 1
20330000 1
1630000 2
3850000 1
820000 1
16830000 1
13740000 1
6450000 1
15960000 3
350000 2
31970000 2
990000 3
2140000 2
4320000 1
14980000 1
19260000 1
3590000 1
520000 28
7262980000 1
26850000 1
8030000 1
7220000 2
8455630000 1
50000 8
11820000 1
5600000 1
7860000 1
7827010000 1
15150000 2
690000 1
2950000 1
220000 3
4660000 1
1670000 1
15280000 1
19560000 1
12290000 2
860000 1
24000000 6
12590000 1
40010000 3
59980000 1
390000 11
1500000 1
56020000 1
2610000 1
12120000 1
4830000 1
8388560000 1
1030000 2
27540000 1
560000 16
16390000 1
784030000 1
8150000 1
23010000 1
7340000 1
19940000 1
9440000 1
90000 3
1200000 2
15110000 1
730000 3
1070000 1
8500000 1
260000 5
16050000 1
36080000 1
3930000 2
900000 1
3120000 1
8670000 1
430000 37
12000000 3
1540000 1
28010000 6
16520000 1
20880000 1
4400000 1
1410000 1
600000 25
11100000 1
8404020000 1
13280000 1
8110000 1
19980000 1
130000 2
8388610000 1
35990000 2
7940000 1
770000 4
37740000 1
15710000 2
1110000 2
16010000 445
300000 2
5550000 1
940000 1
24080000 1
15840000 1
9820000 1
470000 106
22500000 1
13150000 1
4910000 1
7130000 1
