0 1384693
160000 3
240000 1034
1290000 5
320000 1
22370000 1
720000 7
800000 8
880000 1
10000 52
90000 2
170000 73
250000 1007
330000 2
1600000 1
730000 4
810000 12
890000 2
12500000 1
180000 118
260000 505
1310000 6
740000 7
820000 6
12490000 1
30000 3
4310000 1
110000 2
190000 102
1300000 11
270000 137
430000 4
510000 2
104400000 1
670000 4
750000 9
830000 4
990000 1
40000 3
120000 1
200000 80
1250000 1
5450000 1
280000 31
1330000 2
440000 2
520000 70
680000 6
760000 8
840000 4
920000 1
4150000 1
210000 880
1320000 7
290000 8
6590000 1
370000 1
530000 20
690000 15
770000 7
850000 3
12740000 1
140000 6
220000 2175
300000 3
1430000 1
540000 2
700000 13
780000 11
860000 3
8390000 1
1180000 1
150000 11
230000 1978
1260000 2
1340000 4
16000000 5
18220000 1
9980000 1
710000 8
790000 10
870000 1
4040000 1
1030000 1
