0 30504518
13730000 1
15990000 9
1450000 1
31980000 1
3710000 1
640000 1
13560000 1
170000 3
11940000 1
13090000 1
5800000 1
8060000 1
16460000 1
26010000 1
810000 1
9550000 3
4321390000 1
20170000 1
340000 80
8740000 1
5670000 1
20000000 22
11600000 1
510000 1
40000 53
15950000 2
680000 1
16590000 2
21920000 1
210000 4
1320000 1
3580000 1
20380000 1
14160000 1
6910000 1
24820000 1
16420000 1
850000 1
14800000 1
40000000 2
380000 92
17180000 1
14030000 1
1830000 2
15440000 1
20850000 1
17820000 1
30660000 1
550000 42
10060000 1
4990000 1
39700000 1
24010000 8
7210000 1
80000 24
5410000 1
15910000 1
2340000 2
4600000 1
1530000 1
12030000 1
8960000 1
3790000 2
720000 2
17520000 1
44010000 1
250000 2
2510000 1
11390000 1
890000 1
420000 21
16210000 1
4170750000 1
13180000 2
32200000 1
12330000 1
23960000 1
1060000 2
3280000 1
16040000 1
24600000 1
590000 25
1700000 1
13350000 1
120000 7
19990000 1
15870000 1
7630000 1
9810000 2
35980000 1
3830000 1
39950000 1
290000 18
3660000 1
20460000 1
4730000 1
11430000 1
4260000 1
11730000 1
1270000 1
460000 6
2680000 1
1100000 2
13780000 1
16000000 405
630000 4
1740000 1
13310000 1
19650000 1
7290000 1
160000 5
26490000 1
20350000 1
17280000 1
800000 1
13720000 1
15980000 2
330000 50
12100000 1
3700000 1
970000 1
20010000 2
12780000 1
500000 1
14230000 1
2720000 1
8050000 2
1950000 1
30000 124
16280000 2
670000 3
13590000 1
26190000 1
3270000 1
200000 1
2460000 1
4640000 1
19580000 1
840000 1
9240000 2
24020000 1
6430000 1
21290000 1
370000 88
9410000 1
2120000 2
4340000 1
11970000 1
8940000 1
540000 11
4980000 1
70000 26
1634090000 1
7840000 1
2760470000 1
1820000 2
4040000 1
13550000 1
11550000 1
3310000 1
10740000 1
240000 2
7020000 1
3950000 1
880000 1
410000 50
12020000 2
2160000 1
580000 93
16370000 1
110000 7
2330000 1
4630000 1
5740000 1
750000 2
14620000 1
1090000 1
3891390000 1
280000 8
10780000 1
7790000 1
4720000 2
9970000 1
15220000 1
1730000 1
3990000 1
920000 1
450000 8
1560000 1
12060000 1
2710000 1
36310000 1
7150000 1
4420000 1
32000000 8
620000 3
13300000 1
2840000 1
10310000 1
2070000 1
10610000 1
150000 5
1260000 1
23290000 1
790000 5
1900000 1
12600000 1
1130000 1
320000 47
14050000 1
16310000 1
1770000 1
12430000 1
6290000 1
2110000 2
12770000 1
52000000 1
3860000 1
36350000 1
14520000 1
20000 294
13750000 1
15970000 1
4540000 1
12940000 1
1470000 1
1300000 1
9700000 1
10810000 1
5820000 1
13110000 1
21510000 1
830000 1
11450000 1
4160000 1
3430000 1
20230000 1
360000 79
14010000 1
8760000 1
4800000 1
1810000 2
15460000 1
1000000 1
2150000 1
27350000 1
13840000 1
530000 2
27990000 1
15630000 1
16740000 1
60000 32
22110000 1
10680000 1
7530000 1
27480000 1
24330000 1
15930000 1
12900000 1
700000 1
9100000 1
14350000 1
21940000 1
24160000 1
230000 1
2450000 2
20360000 1
5780000 1
8000000 2
16400000 1
870000 1
11490000 1
4280000 1
14780000 1
1210000 2
13970000 1
400000 51
5730000 1
4920000 1
1040000 1
12690000 1
2190000 1
7820000 1
570000 123
2830000 1
20740000 1
6200000 1
23000000 1
100000 10
19120000 1
9790000 1
12010000 5
740000 2
28000000 6
2960000 1
19760000 1
5260000 1
7480000 1
270000 4
16360000 1
910000 1
34510000 1
3130000 1
9490000 1
6500000 1
440000 8
13120000 1
7950000 1
10130000 1
4880000 1
15380000 1
1890000 3
1080000 2
11580000 1
2230000 1
14910000 2
16020000 3
610000 8
1720000 1
5050000 1
140000 3
5390000 1
12820000 1
12050000 1
6030000 1
7440000 1
310000 38
12990000 1
14100000 2
32010000 1
16320000 1
8080000 1
2060000 1
10500000 1
2100000 1
20030000 1
9690000 1
15020000 1
3550000 1
480000 1
5810000 2
14210000 1
4190000 1
10000 1820
1120000 1
24380000 1
12930000 1
4530000 1
17130000 1
5640000 1
16300000 1
650000 3
4020000 3
180000 5
8580000 1
2400000 1
36000000 3
13100000 1
12250000 1
820000 1
6150000 1
3040000 1
4230000 1
14850000 1
350000 66
1460000 1
15790000 1
4320000 1
14980000 1
19260000 1
11990000 2
8030000 1
16430000 1
1970000 1
50000 47
24340000 1
3420000 1
690000 2
1800000 1
13530000 1
14640000 1
220000 3
5470000 1
16090000 1
20370000 1
860000 1
24000000 65
16730000 1
5300000 1
40010000 1
390000 75
2610000 1
9430000 1
5250000 1
560000 28
16390000 2
31250000 1
90000 7
1200000 1
13960000 1
730000 3
1037800000 1
1840000 1
12340000 1
13490000 1
37700000 1
1070000 1
6360000 1
8500000 1
260000 1
16050000 1
1710000 1
16690000 1
15880000 1
430000 15
1540000 2
12000000 8
13190000 1
28010000 2
18660000 1
4292010000 1
14090000 1
600000 7
16350000 1
15540000 1
2050000 1
130000 7
2390000 1
4570000 1
15070000 1
20620000 1
770000 2
12380000 1
14560000 1
4140000 1
6320000 1
16010000 55
300000 25
2520000 1
14430000 1
20280000 1
470000 3
12040000 1
10460000 2
