0 8255116
80000 1152
160000 78
240000 44
320000 28
400000 8
560000 14
640000 5
567080000 1
880000 1
10000 76473
90000 193
1120000 1
170000 74
250000 33
2159300000 1
330000 25
410000 12
490000 1
570000 16
810000 1
20000 27043
100000 138
180000 68
260000 32
340000 26
1115010000 1
500000 3
580000 15
30000 14488
110000 126
190000 71
270000 36
350000 38
430000 1
510000 11
590000 12
670000 1
40000 6297
120000 108
200000 71
280000 30
360000 41
520000 27
600000 7
840000 1
50000 4235
130000 116
210000 60
290000 30
370000 40
530000 31
610000 4
690000 1
770000 1
60000 3496
140000 92
220000 53
300000 25
380000 39
540000 28
620000 5
70000 4620
150000 93
230000 41
310000 28
390000 29
550000 29
710000 1
950000 1
