0 2861405
1130000 1
160000 1
320000 1
1450000 3
16150000 1
480000 1
640000 1
10000 196
2110000 1
1120000 1
170000 1
1280000 2
490000 1
1920000 1
970000 2
20000 23
1150000 3
1310000 1
660000 4
980000 2
30000 9
2250000 1
1300000 1
1460000 1
510000 1
990000 1
40000 7
1330000 1
4640000 1
1000000 6
50000 8
1160000 2
210000 1
2310000 1
1320000 1
370000 1
1480000 1
530000 1
690000 2
32270000 1
1960000 1
1010000 1
60000 5
1350000 1
1510000 1
700000 1
1020000 3
2130000 1
70000 4
1180000 2
230000 1
390000 1
710000 2
1030000 5
1050000 2
80000 3
1370000 2
560000 1
720000 1
880000 1
1200000 1
250000 1
1360000 1
410000 1
730000 3
5270000 1
100000 4
1230000 1
2480000 1
1390000 4
1060000 2
110000 1
1380000 1
430000 1
750000 1
120000 6
2380000 1
280000 1
1410000 5
600000 1
920000 1
1080000 2
130000 3
1240000 1
1400000 4
450000 1
770000 1
930000 3
1430000 2
15190000000 1
620000 1
24240000 1
3320000 1
1260000 3
310000 1
1420000 1
630000 2
950000 1
