0 8366389
80000 17
160000 7
240000 3
320000 1
1690000 1
800000 1
1930000 1
10000 2296
90000 10
170000 4
250000 1
330000 1
5514030000 1
20000 107
1070000 1
100000 10
180000 7
260000 2
420000 1
500000 1
1950000 1
30000 51
110000 16
190000 3
270000 2
13030000 1
510000 2
40000 32
1090000 2
120000 10
200000 2
280000 2
360000 1
680000 1
1810000 1
50000 25
130000 12
210000 4
290000 4
450000 2
770000 1
60000 28
140000 9
220000 2
300000 2
16010000 1
620000 1
3701270000 1
940000 1
70000 29
150000 3
310000 1
470000 2
630000 1
