0 2777628
1393610000 1
1130000 17
878780000 1
320000 1111
1575340000 1
1541740000 1
1450000 5
640000 415
1411050000 1
603670000 1
1770000 1
3213680000 1
960000 61
1498440000 1
170000 3668
1280000 10
1558390000 1
1574360000 1
490000 580
1591160000 1
1600000 1
1580820000 1
810000 275
1920000 1
3070000 1
1520400000 1
20000 200359
1150000 16
340000 1266
1496650000 1
1470000 3
660000 366
2871840000 1
1577940000 1
980000 58
878630000 1
2874140000 1
1399880000 1
190000 3074
1300000 7
510000 587
1620000 1
830000 362
40000 93404
1170000 9
1581440000 1
1499700000 1
1590970000 1
360000 1061
879060000 1
1496710000 1
1490000 6
602500000 1
680000 232
1810000 2
2940000 1
1520290000 1
1000000 31
210000 2451
1320000 8
1325810000 1
1575470000 1
530000 627
1400500000 1
1640000 4
1541040000 1
8020000 1
850000 330
1399710000 1
1400820000 1
1582250000 1
1500510000 1
60000 81298
1190000 15
380000 1011
879040000 1
1510000 6
3213420000 1
2871560000 1
700000 134
1830000 1
1020000 25
230000 2047
1340000 7
1580520000 1
1497630000 1
550000 639
1660000 2
3214700000 1
870000 280
80000 41758
1210000 16
1541660000 1
400000 1068
1530000 3
1520980000 1
720000 106
1255890000 1
1040000 17
250000 1669
1496580000 1
1360000 7
1445390000 1
570000 597
1680000 2
3213450000 1
890000 204
2000000 2
3214880000 1
1577060000 1
100000 23776
1230000 16
1577380000 1
1496730000 1
420000 767
1550000 2
740000 91
1540060000 1
1060000 15
1577230000 1
1582540000 1
270000 1112
1380000 5
1581750000 1
1496880000 1
1700000 2
590000 432
910000 150
3190000 1
120000 14065
1500590000 1
1256340000 1
1393730000 1
1250000 9
440000 526
1400430000 1
1541940000 1
760000 95
1890000 1
1080000 21
1581370000 1
1445110000 1
290000 949
1400000 5
2872620000 1
610000 396
1720000 1
1499120000 1
1393410000 1
930000 116
1444920000 1
1399790000 1
140000 9870
1270000 7
460000 514
1590000 2
1270450000 1
1445560000 1
780000 128
1394390000 1
1910000 1
1499310000 1
1100000 17
310000 973
878970000 1
1420000 5
1575370000 1
630000 394
1574580000 1
950000 86
1399770000 1
2060000 1
602890000 1
1444980000 2
2100000 1
604000000 1
160000 5387
1290000 10
1256620000 1
1574370000 1
480000 573
1538830000 1
1610000 2
800000 232
3060000 1
1444810000 1
10000 2453818
1521540000 1
1120000 11
1393920000 1
330000 1203
1440000 2
650000 365
1409930000 1
1760000 4
1394240000 1
2910000 1
1582130000 1
970000 55
1539340000 1
1399890000 1
180000 3065
1326590000 1
1310000 6
1538490000 1
878920000 1
500000 550
603490000 1
1630000 3
3213540000 1
820000 305
1950000 1
30000 109105
1140000 15
1326740000 1
350000 1243
1460000 1
670000 304
1780000 2
1576760000 1
1499260000 1
1445770000 1
990000 43
2140000 1
200000 2642
1330000 6
3213240000 1
520000 590
1650000 1
1590320000 1
840000 362
50000 89051
1160000 14
1557360000 1
2310000 1
370000 980
1480000 2
690000 186
18600000 1
3213730000 1
3214840000 1
1010000 29
1498430000 1
1591920000 1
220000 2050
1350000 2
540000 610
1670000 1
860000 307
1576890000 1
3213900000 1
70000 56892
1407290000 1
1393660000 1
1180000 10
3400000 1
390000 1083
1500000 3
1582900000 1
710000 104
1820000 1
1030000 22
1050000 18
1394660000 1
240000 2093
1370000 6
1325840000 1
2871460000 2
560000 564
1520010000 1
1690000 4
602620000 2
880000 252
1498360000 1
602940000 1
90000 33573
1200000 17
410000 918
1520000 4
3214400000 1
1591240000 1
1270420000 1
730000 99
1520160000 1
3212620000 1
1498210000 1
1070000 12
260000 1272
1390000 5
3610000 1
580000 506
1271420000 1
1496890000 1
602600000 1
1710000 1
2871760000 1
900000 167
1393380000 1
3213780000 1
1574950000 1
110000 19352
1578180000 1
1220000 17
1581590000 1
430000 620
1540000 3
1580720000 1
1574460000 1
1577710000 1
750000 83
1272700000 1
1860000 1
1090000 16
1503740000 1
280000 975
16030000 1
1410000 4
1255690000 1
600000 413
1540970000 1
1730000 1
920000 123
130000 12490
1446060000 1
1240000 16
1497530000 1
1271210000 1
450000 544
1560000 3
1326050000 1
770000 108
1110000 13
300000 957
1557470000 1
1430000 2
1581700000 1
2520000 1
1325900000 1
620000 387
940000 105
1400890000 1
878810000 1
150000 7405
1260000 15
1581550000 1
470000 528
1557620000 1
1580000 5
790000 157
1520220000 1
1900000 2
