0 19292859
160000 138
5490000 1
1290000 2
320000 2
640000 1
800000 4
10000 230
170000 1277
1280000 3
5640000 1
650000 1
810000 4
20000 36
20010000 1
1150000 1
180000 1385
660000 2
820000 4
30000 43
20000000 1
190000 901
8590000 1
1300000 1
510000 19
670000 4
830000 6
40000 40
2140000 1
200000 559
520000 202
1650000 1
680000 3
50000 27
14830000 1
210000 705
13840000 1
1320000 4
530000 52
2630000 1
690000 5
850000 2
3110000 1
60000 29
1190000 1
220000 897
3570000 1
540000 9
1670000 3
14350000 1
700000 3
3890000 1
19720000 1
860000 3
1020000 1
70000 16
1180000 2
230000 615
11010000 1
550000 1
1660000 1
710000 1
84550000 1
870000 5
80000 32
8480000 1
1210000 1
240000 374
20430000 1
1690000 5
720000 3
880000 3
90000 18
1200000 1
250000 239
16060000 1
1680000 1
730000 5
890000 2
100000 18
1230000 1
260000 78
740000 6
900000 2
110000 13
1220000 4
270000 29
2490000 1
430000 14
12000000 1
1700000 2
590000 1
750000 2
910000 2
13510000 1
120000 12
1250000 4
280000 11
440000 16
760000 1
3020000 1
920000 1
130000 10
1240000 3
290000 7
4570000 1
450000 1
770000 2
140000 16
1270000 5
300000 2
38340000 1
780000 1
150000 41
4430000 1
1260000 3
16000000 5
310000 1
