0 24177900
4200000 2
4840000 5
3870000 3
5000000 13
4190000 2
10000 17
4210000 2
3860000 4
4850000 4
5010000 18
4180000 2
4220000 1
20000 4
5350000 1
5510000 1
2560000 1
4860000 3
3850000 7
5020000 19
820000 3
4170000 4
5180000 1
4230000 2
3360000 1
3520000 1
510000 10
4870000 3
3840000 4
830000 15
5030000 14
4160000 4
1559170000 1
4320000 1
5450000 2
4640000 1
520000 28
3750000 1
4960000 13
3910000 1
840000 22
5120000 1
50000 2
370000 1
530000 12
4810000 1
8020000 1
3900000 3
4970000 6
850000 4
1960000 1
27160000 1
60000 2
4660000 1
540000 4
4820000 2
4980000 18
3890000 1
860000 26
5140000 1
14670000 1
2130000 1
5300000 1
70000 2
4350000 1
230000 1
2610000 1
550000 11
4830000 2
69970000 1
4990000 13
870000 18
5250000 2
80000 1
4440000 2
400000 1
2660000 1
560000 12
4920000 9
2820000 1
3950000 3
880000 1
5080000 2
4110000 1
5240000 1
90000 1
5400000 1
4450000 1
4770000 1
570000 1
4930000 1
890000 1
5090000 3
3290000 2
5750000 1
4780000 2
2800000 1
45770000 1
4940000 4
3930000 1
5100000 1
2960000 1
9300000 1
5260000 1
3440000 1
2650000 1
4950000 7
3920000 3
5110000 4
4080000 1
3130000 1
4240000 1
3350000 1
4560000 1
1478050000 1
4880000 3
5040000 16
4150000 4
5360000 1
4570000 1
4890000 4
3820000 2
5050000 14
49150000 1
4140000 3
5210000 2
4260000 1
5390000 1
4420000 1
5550000 1
4900000 4
3810000 1
5060000 4
4130000 3
4270000 1
5380000 1
3320000 2
3800000 1
4910000 4
1900000 2
5070000 8
5230000 1
