0 1414252
2100000 1
1130000 1
160000 1
2260000 1
320000 3
2420000 1
480000 2
2580000 1
1610000 1
800000 3
960000 2
2090000 2
10000 1032
170000 1
2270000 1
1280000 1
330000 2
2590000 1
1600000 3
650000 1
810000 7
2910000 1
1920000 1
2080000 2
20000 602
1150000 1
180000 1
2400000 1
13910000 1
340000 4
1470000 2
500000 4
1630000 2
1255670000 1
2720000 2
660000 2
820000 8
1950000 1
30000 5
1140000 3
190000 2
350000 2
1460000 1
510000 4
2570000 1
1620000 1
670000 3
1780000 1
830000 13
1940000 2
40000 5
1170000 2
2300000 1
200000 2
1330000 1
360000 2
520000 3
1650000 2
680000 3
840000 3
2940000 1
1970000 1
1000000 1
50000 8
2150000 1
210000 3
2470000 1
370000 3
1480000 3
530000 2
1640000 2
690000 4
2790000 1
1800000 2
850000 3
1960000 3
878560000 1
1010000 1
60000 2
2120000 4
2440000 2
380000 4
1510000 1
540000 3
700000 6
1830000 1
860000 6
1990000 2
2130000 2
70000 3
230000 4
1340000 3
2450000 1
390000 2
550000 1
1660000 2
710000 3
1820000 3
2930000 1
870000 5
80000 3
1210000 1
240000 2
1370000 1
2500000 1
560000 2
1690000 1
720000 5
1850000 2
1498200000 1
880000 3
2010000 2
1040000 1
2190000 1
90000 2
250000 2
1360000 1
410000 4
570000 2
730000 4
6040000 1
890000 3
2160000 1
100000 4
260000 3
2320000 1
580000 5
1710000 2
740000 9
1270570000 1
900000 1
2030000 3
110000 3
2170000 1
1220000 2
270000 1
2490000 1
430000 4
1540000 2
1700000 3
590000 2
750000 4
910000 3
2970000 1
1090000 1
2220000 1
120000 1
1407380000 1
280000 5
2380000 1
3510000 1
440000 1
1570000 1
600000 2
2700000 1
760000 1
1890000 1
2050000 1
130000 4
290000 2
450000 1
610000 1
2710000 1
1720000 3
770000 4
1880000 3
930000 3
3030000 1
602910000 1
2200000 1
140000 3
300000 2
1430000 1
460000 1
1590000 1
620000 2
1577740000 1
780000 1
1910000 3
940000 2
2070000 2
1100000 1
150000 2
2370000 1
1580000 2
630000 2
1740000 1
2850000 1
790000 5
950000 1
