0 1173759
1050000 2
2100000 1
80000 1
1210000 1
1290000 1
1370000 1
1450000 2
1530000 2
1610000 1
1690000 1
2740000 1
800000 1
2900000 1
1040000 2
10000 699
2190000 1
1120000 1
1200000 2
1280000 1
1360000 3
1440000 4
1600000 2
650000 3
730000 1
3940000 1
20000 39
1070000 4
1230000 1
1310000 2
1390000 1
1470000 1
1550000 3
4860000 1
660000 3
900000 1
980000 2
30000 11
1060000 2
110000 1
1140000 1
1220000 2
1300000 2
2490000 1
1460000 2
1540000 2
1620000 1
670000 4
750000 1
990000 1
1090000 1
40000 9
1250000 1
1330000 3
1410000 3
4560000 1
1570000 2
680000 1
760000 1
1000000 2
50000 7
1080000 1
1160000 2
1240000 1
1320000 4
1400000 1
1480000 4
1560000 1
530000 1
610000 1
690000 5
1720000 1
770000 1
1010000 8
1110000 2
60000 1
140000 1
1350000 2
1430000 2
380000 1
1510000 3
700000 4
1750000 1
780000 1
1020000 5
1100000 2
70000 1
1180000 3
1260000 3
1340000 1
1420000 1
1500000 3
710000 1
2850000 1
1030000 2
