0 9782588
80000 1984
160000 103
240000 21
320000 8
400000 4
560000 6
640000 43
720000 5
800000 1
10000 138404
90000 1241
170000 48
250000 7
1280000 1
330000 12
410000 6
570000 12
650000 24
834260000 1
730000 3
20000 45603
100000 973
955330000 1
180000 32
260000 16
340000 5
420000 4
580000 8
660000 24
740000 1
820000 1
980000 1
30000 21702
110000 689
190000 29
1220000 1
270000 7
350000 10
430000 10
590000 6
670000 25
750000 4
830000 1
40000 12100
120000 594
200000 33
280000 11
360000 2
440000 3
520000 4
600000 11
680000 15
760000 2
50000 7683
130000 421
1112720000 1
865240000 1
210000 30
290000 10
370000 6
450000 2
530000 5
1060700000 1
610000 22
690000 17
770000 2
867980000 1
930000 1
955150000 1
60000 4932
140000 312
220000 28
300000 9
380000 8
460000 1
540000 2
620000 41
700000 14
70000 3199
150000 143
230000 10
310000 13
1340000 1
390000 5
470000 2
550000 2
630000 35
710000 7
790000 1
