0 34645221
10660000 1
15990000 2
4520000 1
42320000 1
5650000 1
14050000 1
640000 1
13240000 1
1770000 2
28100000 1
2900000 3
960000 2
2090000 1
10510000 1
7420000 1
1280000 1
13880000 1
810000 1
4180000 1
11470000 1
20000 81
6440000 2
12940000 1
12090000 1
3690000 1
660000 2
14390000 1
4010000 2
15800000 1
20000000 2
13900000 1
15010000 1
4710000 1
510000 1
2730000 1
7250000 1
4160000 1
40000 3
14820000 1
7550000 1
4480000 1
8760000 1
680000 1
1810000 1
5120000 1
9400000 1
1000000 1
14650000 1
8610000 1
7700000 1
4650000 1
11980000 1
6910000 1
8020000 2
4970000 2
3900000 1
6080000 1
9250000 1
11510000 1
60000 6
6400000 1
40000000 1
7530000 1
3410000 1
6720000 2
1510000 1
11000000 1
2600000 1
700000 2
9100000 1
2920000 1
1020000 1
7360000 1
3240000 2
4350000 1
13860000 1
8630000 1
14970000 1
550000 2
16400000 1
2770000 1
3880000 1
4990000 1
13390000 1
870000 1
4600000 2
2660000 1
720000 3
2980000 1
14610000 1
1040000 1
7500000 1
6710000 1
570000 123
2830000 1
5090000 2
15590000 2
6200000 1
100000 1
9790000 1
5750000 1
14310000 1
28000000 1
740000 2
1870000 1
9300000 1
7160000 1
8290000 1
1060000 3
16040000 1
270000 1
1380000 1
8830000 1
590000 41
910000 2
10620000 1
15870000 2
440000 1
4880000 1
4150000 2
10790000 1
16020000 1
610000 5
5840000 2
18520000 1
2870000 2
930000 1
2040000 2
7310000 1
140000 2
5390000 1
1270000 1
12820000 1
7610000 1
3466920000 1
2680000 1
15360000 1
10150000 1
780000 2
8250000 1
6330000 1
3320000 1
16000000 78
2530000 2
12200000 1
2850000 1
14420000 1
950000 1
10500000 1
15830000 1
20030000 1
160000 1
1290000 1
8880000 1
4680000 2
2740000 1
11140000 1
15340000 1
3870000 1
5000000 1
7260000 1
4190000 1
10000 770
1440000 1
9840000 1
12100000 1
7900000 1
650000 1
4850000 1
4020000 1
16620000 1
6280000 1
20010000 3
4380000 1
180000 1
36000000 1
3530000 2
7730000 1
2720000 1
820000 1
30000 6
4230000 1
13740000 1
670000 2
1780000 1
16600000 1
9390000 1
2140000 1
12720000 1
6580000 1
2460000 1
13040000 1
6900000 1
9240000 1
50000 5
15940000 1
14000000 1
2630000 1
5920000 1
690000 2
2950000 1
4060000 1
1010000 2
10520000 1
36850000 1
220000 1
540000 9
8940000 1
10070000 1
8010000 1
3890000 1
860000 1
3080000 2
24000000 6
5300000 1
70000 1
1180000 2
9580000 1
3400000 1
3720000 1
710000 3
15450000 1
12440000 1
1050000 4
2180000 2
3630000 1
560000 14
1690000 1
5080000 1
90000 1
12020000 2
730000 1
6040000 2
2990000 2
37700000 1
1070000 2
260000 2
2480000 2
1390000 1
8820000 1
580000 109
4780000 1
7000000 1
900000 1
2030000 1
12490000 1
16690000 1
3120000 1
1220000 1
12000000 1
8990000 1
7960000 1
750000 3
8280000 1
11530000 1
1090000 2
1410000 3
600000 14
1730000 1
3990000 1
22970000 1
1240000 2
10630000 1
7620000 1
3500000 2
15070000 1
5680000 1
450000 1
6000000 1
770000 3
4140000 1
3330000 1
16010000 11
5550000 1
1430000 1
32000000 2
620000 4
5870000 1
9180000 1
5060000 1
6190000 1
940000 1
7280000 1
150000 2
2370000 1
9820000 1
790000 1
