0 8502871
320000 1
13240000 1
960000 3
10000 178
330000 1
12930000 1
377850000 1
490000 1
650000 1
810000 1
970000 1
20000 5
340000 2
820000 1
980000 2
30000 2
24200000 1
1300000 1
670000 1
14540000 1
443410000 1
990000 1
360000 1
520000 8
1650000 1
840000 1
1000000 2
50000 3
326260000 1
370000 2
530000 14
379160000 1
850000 2
1010000 2
20210000 1
5630000 1
380000 2
14030000 1
540000 13
163170000 1
8010000 1
860000 1
1020000 1
230000 2
390000 1
550000 13
710000 2
16560000 1
870000 6
1030000 1
15910000 1
240000 1
400000 1
560000 7
16550000 1
880000 6
1040000 2
11540000 1
291510000 1
12850000 1
1950850000 1
570000 8
890000 6
3290000 1
2320000 1
12010000 1
580000 8
740000 1
900000 6
9300000 1
12000000 1
1700000 1
590000 2
3920000 1
750000 1
910000 10
1250000 1
3670000 1
600000 1
760000 1
1890000 1
920000 7
2050000 1
450000 2
770000 3
930000 2
16010000 6
620000 1
780000 4
940000 4
13620000 1
9660000 1
16000000 6
12040000 1
630000 1
790000 1
