0 4793568
160000 2068
320000 3
480000 3
640000 180
800000 14
10000 352299
963740000 1
170000 3162
490000 2
967310000 1
650000 138
810000 12
834500000 1
20000 203364
180000 3463
340000 1
1470000 1
500000 1
1143520000 1
660000 146
820000 7
30000 109650
1112700000 1
190000 3263
1300000 1
350000 1
510000 2
865540000 1
670000 87
1060800000 1
830000 6
40000 53600
672210000 1
200000 1870
360000 1
520000 2
1143580000 1
834230000 1
680000 57
840000 5
50000 30949
890440000 1
210000 2142
1033240000 1
530000 6
690000 67
700140000 1
850000 7
60000 20236
220000 2465
1368630000 1
540000 16
700000 35
860000 4
70000 13441
230000 2558
1033260000 1
550000 13
710000 30
870000 4
80000 4976
995170000 1
240000 1589
963990000 1
560000 37
720000 30
880000 3
90000 8586
963820000 1
250000 338
410000 1
570000 29
730000 26
890000 2
100000 8922
260000 42
580000 20
740000 13
900000 2
110000 7716
270000 8
590000 39
750000 9
1060880000 1
120000 6737
1250000 1
280000 5
600000 54
760000 7
732860000 1
130000 5341
1034150000 1
290000 5
450000 1
610000 105
770000 11
140000 2167
300000 1
460000 1
620000 152
780000 12
150000 1761
1368540000 1
1260000 1
310000 2
630000 197
790000 10
