0 3966104
16800000 1
1130000 1
6460000 1
160000 1
2260000 1
320000 1
10980000 2
2580000 1
10000 582
1120000 1
5320000 1
134410000 1
26480000 1
2430000 1
3540000 1
1760000 1
4020000 1
14520000 1
4180000 1
4220000 1
20000 4
180000 1
15970000 1
30000 2
190000 1
8590000 1
4710000 1
6770000 1
4361720000 1
6140000 1
990000 1
15950000 1
4488440000 1
680000 1
7060000 1
148730000 1
37670000 1
2150000 1
134290000 1
16850000 1
11190000 1
27990000 1
8340000 1
60000 3
220000 2
2760000 1
700000 1
14970000 1
390000 1
134000000 1
80000 1
1210000 1
240000 2
3470000 1
1690000 1
880000 1
2010000 1
90000 1
15900000 1
7660000 1
5880000 1
730000 1
133980000 1
21890000 1
260000 1
13830000 1
14920000 1
11850000 1
4620000 1
7000000 1
5910000 1
8130000 1
900000 1
16040000 1
1540000 2
440000 1
3670000 1
4720000 2
600000 1
10130000 1
760000 1
4250000 1
4502670000 1
2390000 1
2870000 1
10600000 1
300000 1
16010000 8
3490000 2
780000 1
14430000 1
2070000 1
134230000 1
1260000 1
16000000 6
310000 1
7290000 1
