0 13930461
80000 1
15910000 1
160000 1
560000 8
720000 1
880000 5
960000 2
10000 45
90000 3
3220000 1
170000 2
8650000 1
410000 2
490000 1
3700000 1
570000 1
650000 1
730000 1
890000 3
24070000 1
20000 13
20010000 2
100000 1
180000 5
260000 1
420000 1
500000 2
740000 1
47910000 1
820000 1
30000 2
190000 2
350000 1
430000 6
510000 20
3680000 1
830000 13
40000 5
1170000 1
280000 1
360000 1
440000 4
520000 13
4720000 1
600000 1
840000 4
1320000 1
450000 2
530000 13
16420000 1
850000 7
8261710000 1
930000 1
1048860000 1
1350000 1
460000 1
540000 14
860000 26
1180000 1
16000000 4
550000 13
870000 21
