0 5138032
15990000 3
320000 1
480000 1
2580000 1
3349700000 1
4840000 1
11300000 1
5000000 1
11460000 1
9360000 1
10000 1731
13880000 1
31990000 1
16300000 1
8220000 1
20000 17
4220000 1
20010000 4
1790000 2
47990000 1
1950000 1
28240000 1
30000 1
20000000 2
10650000 1
11760000 1
36010000 1
350000 1
510000 1
5481360000 1
15330000 1
4320000 1
200000 1
13040000 1
1650000 1
680000 1
33390000 1
50000 4
8770000 1
370000 2
16100000 1
530000 1
8020000 2
27990000 1
24030000 1
14640000 2
11510000 1
1010000 1
60000 1
40000000 1
220000 1
15120000 1
540000 5
1670000 1
700000 1
8010000 1
4050000 2
24000000 9
1020000 1
70000 2
7520000 1
230000 2
1500000 1
550000 5
8000000 2
16560000 1
24010000 15
1050000 1
240000 2
6540000 1
16070000 1
400000 4
560000 11
17360000 1
720000 2
1850000 2
880000 1
90000 1
27550000 1
410000 5
38210000 1
570000 59
890000 1
2000000 1
32530000 1
100000 2
17060000 1
2480000 1
420000 3
12010000 1
580000 53
14310000 1
28000000 5
3362520000 1
3979120000 1
2960000 1
900000 1
15560000 1
270000 1
430000 2
1540000 1
590000 21
28010000 5
1250000 1
2540000 1
440000 2
391610000 1
600000 4
19980000 1
11740000 1
6670000 1
450000 4
610000 1
9170000 1
5050000 1
3030000 1
12540000 1
16010000 83
1430000 1
460000 4
3363290000 1
32000000 1
780000 1
1100000 1
16000000 99
32010000 2
790000 2
