0 1879890
2100000 1
1130000 1
1370000 1
1450000 1
1530000 2
1690000 1
1850000 1
880000 1
1040000 1
10000 710
2190000 1
2270000 1
1280000 1
1360000 1
1440000 2
5880000 1
1680000 2
890000 1
2000000 1
20000 26
1150000 1
2240000 1
1230000 1
2480000 1
1390000 2
1470000 2
1550000 1
1630000 2
1710000 2
900000 2
2030000 1
30000 13
1060000 1
1140000 2
1220000 1
190000 1
1300000 1
8750000 1
1460000 1
1620000 1
1700000 1
670000 1
1860000 1
910000 1
990000 1
40000 5
1170000 1
1330000 1
1490000 2
1570000 1
3670000 1
1650000 1
680000 2
1730000 1
1890000 3
920000 1
1000000 3
15655010000 1
50000 5
1240000 2
1320000 2
1480000 1
1560000 1
1640000 3
3702070000 1
1800000 2
770000 1
1010000 1
2040000 1
1110000 1
140000 1
1270000 1
1350000 2
1430000 1
1510000 1
1590000 3
1670000 1
700000 1
860000 1
1990000 1
940000 1
1100000 1
230000 1
1260000 2
16000000 1
1340000 1
1660000 1
1900000 1
950000 1
