0 2695177
7430000 1
1130000 1
160000 3
1450000 1
640000 1
5693490000 1
1770000 1
5000000 1
800000 1
2090000 1
10000 1420
170000 1
6470000 1
1280000 1
3540000 1
490000 1
650000 1
1760000 1
810000 1
4020000 1
20000 13
1150000 1
180000 1
340000 1
3530000 1
500000 2
1630000 1
980000 1
4170000 1
30000 4
2250000 1
1300000 1
350000 1
510000 1
10020000 1
3680000 1
11130000 1
670000 1
40000 2
200000 1
1490000 1
520000 1
1650000 1
2780000 1
680000 2
1810000 1
1000000 2
50000 2
1320000 1
370000 2
2630000 1
530000 1
5672520000 1
3110000 1
60000 1
6400000 1
12740000 1
220000 5
1350000 1
540000 2
10070000 1
1020000 1
70000 3
1180000 1
230000 1
8630000 1
2450000 1
8000000 1
2770000 1
5651460000 1
870000 1
15610000 1
80000 2
3310000 1
2875340000 1
240000 1
5651090000 1
400000 2
1850000 1
880000 1
5725570000 1
410000 2
13010000 1
570000 4
15270000 1
1840000 1
4100000 1
1070000 1
2160000 1
100000 6
3290000 1
420000 2
3610000 1
1550000 1
580000 1
2800000 1
740000 1
9140000 1
2030000 1
110000 5
270000 2
430000 2
34030000 1
6850000 1
590000 1
2970000 1
910000 1
120000 1
1250000 1
9000000 1
600000 4
478760000 1
1730000 1
760000 1
3180000 1
4250000 1
130000 1
450000 1
1560000 1
770000 1
5475280000 1
1880000 1
5210000 1
1110000 1
140000 1
1270000 1
16010000 10
300000 1
17100000 1
3490000 1
2875760000 1
620000 1
1750000 1
2840000 1
1910000 1
2070000 1
150000 1
18060000 1
1260000 1
310000 1
2690000 2
950000 1
2060000 1
