0 21933375
3063130000 1
320000 8
480000 1
4418210000 1
720000 1
10000 48
4772140000 1
330000 1
410000 1
650000 2
730000 2
4603240000 1
3537960000 1
100000 1
3253000000 1
340000 3
3063230000 1
1041710000 1
500000 18
660000 1
740000 1
3537750000 1
3253010000 1
1460000 1
430000 1
510000 38
4284140000 1
3173180000 1
200000 1
360000 1
520000 12
680000 2
4284170000 1
50000 2
210000 1
3063160000 1
3063240000 1
1249300000 1
530000 5
4284080000 1
610000 1
4603200000 1
60000 2
1137870000 1
220000 3
300000 3
620000 1
4284110000 1
1041910000 1
780000 1
70000 1
1137860000 1
150000 2
3063100000 1
230000 1
310000 3
3252970000 1
390000 2
470000 1
4448610000 1
710000 4
4284180000 1
