0 421882
80000 1
1210000 2
1290000 1
1450000 1
1530000 1
800000 1
1040000 1
10000 68
1120000 4
90000 1
1200000 1
1360000 1
1440000 1
13330000 1
810000 2
20000 7
100000 1
1150000 1
1230000 2
820000 2
900000 2
30000 2
1060000 1
1140000 1
1220000 1
1380000 2
1540000 1
1700000 1
910000 1
40000 1
1090000 3
1170000 3
1250000 1
1490000 1
1570000 1
520000 1
600000 2
680000 2
760000 1
1890000 1
1080000 2
1240000 1
530000 1
770000 1
1960000 1
930000 1
1010000 1
1270000 3
1510000 1
540000 1
620000 1
700000 2
860000 1
1910000 1
1020000 2
1100000 2
1180000 3
1420000 1
470000 1
630000 1
790000 1
