10660000 11
7590000 2
18250000 1
2991080000 1
2900000 2
7420000 1
1271170000 1
1269550000 1
3070000 1
4180000 3
9550000 2
11770000 14
17140000 2
3251180000 1
1270490000 1
1790000 3
2993640000 1
12790000 3
13900000 3
15010000 2
16120000 6
1467400000 1
1270320000 1
3254680000 1
5290000 15
8440000 1
12880000 3
8610000 207
9720000 3
2470000 3
19270000 2
1291300000 1
1960000 1
6400000 124
1190000 2
1292060000 1
1464500000 1
1020000 5051
1255140000 1
2130000 42859
3240000 125
4350000 1
2994240000 1
3150000 81
21400000 1
15100000 1
6390000 66
7500000 189
10750000 84
11860000 5
18160000 2
33180000 1
3255950000 1
11690000 2
1463980000 1
3248800000 1
13990000 15
17220000 5
16210000 1
1870000 1
1291730000 1
13820000 1
14930000 2
16040000 1
1464150000 1
1700000 1
5110000 1
5370000 1573
12800000 5
969120000 1
19180000 1
5200000 2
8530000 30
9640000 37
19350000 1
20460000 1
3248200000 1
2040000 14
4260000 527
6480000 15
20290000 1
2994490000 1
1271860000 1
1100000 68
2210000 4
23450000 1
7760000 1
24560000 1
2993210000 1
3230000 465
13890000 2
6470000 84
7580000 1
1440000 2
3258420000 1
7410000 3
12780000 1
15000000 6
9710000 8
19200000 1
4170000 1
2991580000 1
1463910000 1
10650000 7
11760000 10
17150000 1
12950000 3
18260000 1
19370000 1
3254520000 1
11670000 2
8600000 310
3252900000 1
16110000 6
2460000 1
3256370000 1
5280000 8
20220000 2
969210000 1
2630000 1
1469880000 1
1463740000 1
968780000 1
1010000 1846
2120000 3785
4340000 4
3570000 1
969380000 1
3249400000 1
1254190000 1
1180000 2
26700000 1
1463400000 1
6380000 50
10740000 58
2992940000 1
21240000 1
18170000 2
1269140000 1
1690000 1
969640000 1
3140000 41
1292410000 1
3249150000 1
1252830000 1
969810000 1
3255770000 1
5270000 6
7490000 134
9630000 36
14920000 3
1462970000 1
11850000 23
19280000 1
2030000 9
10570000 1
11680000 1
12870000 12
13980000 9
15090000 4
17230000 3
1860000 1
2970000 1
1090000 400
8520000 21
16030000 2
12960000 1
2540000 1
4250000 331
5360000 1198
3255170000 1
13130000 1
1291980000 1
1430000 3
24570000 1
1291210000 1
3251540000 1
2370000 1
969470000 1
31060000 1
3255510000 2
6460000 298
1469210000 1
3255040000 1
17120000 1
1270510000 1
1253710000 2
1770000 2
2110000 2403
3220000 3537
12770000 5
13880000 3
1270340000 1
29060000 1
5350000 553
10640000 10
7570000 2
1253370000 1
12940000 3
7400000 2
8590000 263
9700000 36
1254390000 1
31020000 1
1940000 2
3249370000 1
3050000 2
1253110000 1
1170000 3
11830000 56
2992980000 1
969520000 1
1000000 133
4330000 23
5440000 3
14990000 5
16100000 2
2790000 1
969690000 1
2280000 1
15930000 1
4500000 1
18310000 1
1291450000 1
1252600000 1
1254050000 1
17030000 3
18140000 2
3560000 1
1463240000 1
1254990000 1
3249630000 1
6540000 1
13970000 15
3255120000 1
20270000 1
17200000 6
3248010000 1
2992290000 1
1464600000 1
2190000 8
1290940000 1
24620000 2
5430000 2
12860000 10
15080000 2
1297750000 1
5260000 3
6370000 17
8510000 16
7480000 104
9620000 27
10730000 36
11840000 43
2020000 9
3130000 16
4240000 137
971060000 2
11750000 5
1250000 1
2996050000 1
3248860000 1
1252860000 1
3255800000 1
4150000 1
1080000 4302
4410000 1
14910000 2
16020000 1
25650000 1
1472970000 1
1291540000 1
2870000 1
2360000 1
1590000 2
6030000 1
969780000 2
17110000 1
18220000 1
3254240000 1
2100000 1373
1294100000 1
9690000 85
21480000 1
1467430000 1
1291350000 1
2992370000 1
1930000 3
2270000 1
12930000 6
17130000 2
1291180000 1
28900000 1
7900000 1
3255370000 1
1464530000 1
6280000 2
3210000 5652
8580000 159
10800000 1
1255830000 1
3255540000 1
3040000 3
4230000 71
5340000 345
6450000 809
7560000 10
2993650000 1
1291880000 1
4320000 61
2991690000 1
3256050000 1
14980000 6
1330000 1
8920000 1
2780000 1
1160000 4
10710000 32
11820000 54
976540000 1
25570000 1
26680000 2
3248950000 1
1270860000 1
13870000 5
2440000 1
2992030000 1
1271460000 1
1291610000 1
2991860000 1
21310000 2
1500000 3
2610000 2
24640000 1
1252930000 1
969870000 1
5250000 1
2180000 17
9610000 23
17040000 1
1270270000 1
2991000000 1
1253790000 1
2010000 4
12850000 4
13960000 11
17210000 1
18320000 2
1840000 4
1070000 123683
6360000 12
8500000 5
10720000 33
1253450000 1
3120000 9
1292900000 1
4310000 259
5420000 2
1272060000 1
7470000 59
2991770000 1
1253190000 1
1271040000 1
14900000 1
1410000 1
10630000 6
1240000 2
11740000 6
1271210000 1
15070000 12
1259170000 1
3248360000 1
3030000 1
4140000 1
1259510000 1
16010000 2
18230000 3
2520000 1
25660000 1
20450000 1
2994330000 1
30100000 1
1475200000 1
18060000 1
19170000 2
1464270000 1
1580000 1
25830000 1
969790000 1
5330000 231
2260000 1
15990000 4
12920000 25
23580000 1
3248410000 1
2090000 920
8570000 87
9680000 170
3540000 2
3248240000 1
1920000 3
4220000 26
1150000 4
6440000 873
1292020000 1
3370000 1
22470000 1
2992230000 1
3200000 2052
1292190000 1
2992060000 1
1300040000 1
7550000 38
10700000 17
2994110000 1
1252620000 1
969840000 1
1320000 1
18120000 1
21450000 1
2991210000 1
1253900000 1
3255570000 1
1270700000 1
3110000 5
2993770000 1
9590000 15
11810000 21
1269080000 1
1463090000 1
17180000 5
14030000 2
1254500000 1
4050000 1
3252590000 1
1291770000 1
12750000 1
13860000 7
14970000 5
16080000 1
3247980000 1
2770000 1
5410000 11
12840000 4
1270110000 1
9770000 1
8490000 4
9600000 21
2510000 2
19310000 1
14120000 1
20420000 1
2000000 1
4300000 1422
3249610000 1
1230000 2
1060000 755063
2170000 58
3280000 2
22380000 1
3255310000 1
3190000 1028
10620000 3
15060000 9
21360000 1
3020000 3
6350000 6
7460000 41
1254250000 1
17090000 2
10790000 9
1400000 3
1292610000 1
10280000 1
969930000 1
11730000 5
13950000 4
38500000 1
1910000 1
4130000 2
14890000 2
1464110000 1
16000000 2
1269170000 1
11630000 1
8560000 67
5490000 1
16150000 2
1271480000 1
3870000 1
4210000 22
5320000 149
14870000 1
15980000 3
1464210000 1
3700000 1
3259570000 1
2080000 238
2993670000 1
6600000 1
3530000 1
24530000 1
8900000 1
11120000 1
968570000 1
3249360000 1
1253040000 1
1140000 9
2250000 3
3360000 1
25550000 2
1463360000 1
3270000 2
1290990000 1
13850000 5
18130000 1
7710000 1
4640000 1
3249100000 1
3100000 3
6430000 410
1272080000 1
7540000 153
22400000 2
12740000 2
17020000 1
14960000 3
19240000 1
1990000 5
3254650000 1
8470000 2
970020000 1
9580000 10
10690000 13
11800000 27
12910000 25
1270200000 1
17190000 1
18300000 4
19410000 1
1050000 112976
8480000 5
16070000 3
2500000 2
3254310000 1
1292880000 1
4290000 3291
5400000 35
8650000 1
20260000 1
2991960000 1
2670000 1
2160000 217
1294160000 1
4460000 1
3258970000 1
1220000 3
5740000 1
6850000 1
6340000 1
10780000 18
18210000 1
3180000 626
6510000 2
7620000 1
1463180000 1
2994180000 1
2991450000 1
969770000 1
3254740000 1
7450000 27
970110000 1
9670000 141
14880000 2
2991790000 1
11890000 1
3254570000 1
2070000 88
3254870000 1
10610000 1
11720000 5
12830000 8
13940000 4
15050000 8
16160000 2
1900000 1
3010000 2
4200000 7
1463880000 1
1130000 13
11790000 19
3248900000 1
1293450000 1
1269700000 1
4370000 1
5480000 1
15030000 10
16140000 9
2750000 1
3860000 1
3248560000 1
2240000 3
972290000 2
15970000 3
21340000 1
18270000 1
23560000 2
1254860000 1
969900000 1
3248730000 1
20320000 1
21510000 1
1255030000 1
6420000 275
9570000 3
14010000 6
17160000 2
1291150000 1
1810000 1
2150000 1175
3257980000 1
3260000 7
13840000 3
24500000 1
1269270000 1
1464650000 1
5310000 73
7530000 372
10680000 9
12900000 26
3249240000 1
5140000 1
8630000 29
9740000 2
10850000 1
1980000 3
3257810000 1
3090000 3
7350000 1
4280000 1667
1210000 2
11710000 10
8640000 4
4110000 1
1040000 4990
14950000 4
16060000 1
1292250000 1
2993270000 1
1463620000 1
21420000 1
23640000 1
1270730000 1
17070000 1
18180000 2
2490000 1
6500000 2
1269020000 1
13930000 4
20310000 1
17240000 5
1270470000 1
1890000 1
3340000 1
2230000 2
1720000 1
3170000 370
5390000 133
12820000 5
7610000 1
15040000 10
6330000 3
7440000 16
8550000 63
9660000 95
10770000 45
11880000 2
2060000 40
7430000 13
4360000 1
15020000 6
4190000 3
1120000 14
10670000 11
11780000 12
969570000 1
1270820000 1
1259390000 1
3254900000 1
1464060000 1
13910000 1
18110000 1
16130000 15
969740000 2
15960000 2
1464230000 1
2140000 19444
6580000 1
9730000 2
24510000 1
3590000 1
21440000 1
1292520000 1
1970000 5
9560000 6
2310000 3
12890000 19
14000000 17
18280000 2
3255410000 1
1800000 1
3250000 25
8620000 71
1270050000 1
1253570000 1
30990000 2
3080000 1
5300000 31
6410000 177
7520000 518
3249250000 1
1030000 5166
3253690000 1
1253150000 1
7510000 334
14940000 4
1271080000 1
11870000 3
969320000 1
1254600000 1
11700000 6
1463970000 1
1200000 2
3248830000 1
4100000 1
3254980000 1
13830000 1
16050000 1
2480000 1
18190000 1
23480000 1
1463290000 1
969660000 1
3248490000 1
20240000 1
2991980000 1
968640000 1
2220000 2
9650000 69
1291230000 1
21520000 1
2050000 24
1462860000 1
12810000 7
13920000 3
1291060000 1
6320000 3
1110000 28
1464910000 1
8540000 36
1269970000 1
3330000 1
10760000 85
12980000 1
3160000 157
4270000 838
5380000 649
6490000 12
1253320000 1
3248060000 1
3254720000 1
