0 4451005
10660000 1
320000 5
2580000 1
640000 1
1770000 1
960000 9
2090000 1
3220000 1
1280000 1
490000 30
2750000 1
810000 4
1920000 1
20000 24
1150000 3
14840000 1
20170000 1
340000 2
8740000 2
7080000 1
980000 14
10490000 2
20000000 1
1300000 1
510000 32
8910000 1
11130000 1
830000 2
1170000 1
1490000 1
680000 2
1810000 1
2940000 1
1000000 8
3260000 1
4330000 1
210000 2
1320000 1
4650000 1
530000 27
1640000 2
60000 2
2280000 1
1190000 3
380000 2
2600000 1
1510000 1
700000 8
1830000 2
1020000 12
2130000 1
230000 1
550000 10
1660000 1
11170000 1
13390000 1
80000 1
10580000 1
1210000 2
400000 1
12030000 1
2660000 1
720000 14
1040000 4
250000 1
570000 76
1550000 1
12010000 1
740000 37
1870000 1
4090000 1
1060000 1
6370000 1
270000 27
590000 22
4240000 1
3190000 1
2380000 1
760000 31
3020000 1
1080000 1
16020000 1
290000 6
610000 1
12220000 1
930000 3
5710000 1
460000 1
780000 12
1910000 3
5220000 1
1100000 1
4430000 1
16000000 18
310000 6
10770000 1
1420000 1
831900000 1
15210000 1
630000 1
950000 8
16960000 1
2420000 1
480000 13
1610000 1
16470000 1
800000 9
1930000 1
10000 654
10670000 1
8730000 1
330000 1
1760000 1
970000 8
20010000 1
12780000 2
500000 33
30000 2
350000 2
670000 2
990000 9
20070000 1
200000 1
520000 26
2780000 1
840000 2
29370000 1
1160000 2
2310000 1
690000 2
1010000 7
220000 2
3570000 1
540000 24
24000000 1
70000 1
1180000 1
2290000 1
390000 1
1500000 2
710000 7
1030000 8
1050000 3
2180000 2
240000 2
1370000 1
560000 7
880000 1
10590000 1
2350000 1
9760000 1
12020000 1
730000 36
23990000 1
2160000 2
1070000 3
260000 7
1390000 2
2892440000 1
580000 54
2800000 1
1710000 1
900000 1
5100000 1
1220000 2
23330000 1
430000 1
750000 56
9310000 1
1090000 1
280000 21
600000 5
1730000 1
920000 2
3992020000 1
1240000 3
450000 1
1560000 1
2710000 1
770000 9
1110000 1
7450000 1
2200000 1
8540000 1
4420000 1
300000 9
16010000 3
1750000 1
940000 4
150000 1
5380000 1
1260000 1
2370000 1
470000 5
9030000 1
2690000 1
790000 15
