0 4083707
2100000 3
1290000 1
6780000 1
640000 1
1770000 1
1930000 1
4030000 1
2090000 2
10000 923
2110000 3
3380000 1
2430000 1
1760000 1
1920000 2
3070000 1
970000 1
2080000 1
20000 7
3210000 1
1150000 1
180000 2
340000 1
660000 2
1790000 3
1140000 2
2250000 1
13110000 1
670000 1
1780000 3
830000 1
1940000 1
3050000 1
40000 1
1170000 1
360000 1
2620000 1
1810000 4
1970000 2
2150000 1
50000 1
2470000 1
1480000 1
1800000 7
1960000 1
2120000 1
2280000 2
1190000 1
3410000 1
1115050000 1
1510000 1
1830000 2
860000 1
1990000 2
1020000 2
2130000 2
70000 1
2290000 1
16240000 1
2610000 1
550000 2
1820000 4
1980000 4
24010000 1
1030000 2
1050000 2
2180000 1
13855250000 1
400000 2
560000 2
1850000 6
2980000 1
1040000 1
2190000 1
2350000 2
1360000 1
3460000 1
570000 12
730000 1
1840000 2
2000000 2
2160000 1
580000 65
740000 2
1870000 5
2960000 1
2030000 3
2170000 5
590000 42
1700000 2
750000 1
1860000 2
2020000 6
1090000 1
280000 1
600000 20
1730000 1
2860000 1
760000 1
1890000 3
2050000 2
450000 2
610000 7
770000 2
1880000 4
2040000 2
300000 1
16010000 2
2360000 1
620000 1
1750000 1
2840000 1
1910000 2
2070000 1
16000000 2
2370000 1
1740000 1
1900000 4
790000 2
2060000 1
