0 4181949
5250000 1
80000 1
560000 9
880000 19
6210000 1
10000 102
8056340000 1
1200000 1
330000 1
410000 1
570000 4
810000 1
890000 15
20000 5
1070000 1
180000 1
580000 1
900000 6
980000 1
5180000 1
30000 4
110000 1
350000 1
510000 7
670000 1
830000 1
910000 3
34590000 1
40000 1
14820000 1
1410000 1
440000 1
520000 28
3991460000 1
6820000 1
680000 1
760000 2
840000 3
920000 2
50000 2
130000 1
14910000 1
10870000 1
530000 24
770000 2
850000 9
5370600000 1
60000 2
3330000 1
220000 1
2440000 1
3490000 1
4660000 1
540000 7
700000 1
16410000 1
780000 2
860000 10
7021050000 1
70000 1
150000 1
16000000 3
1340000 1
2450000 1
12040000 1
550000 6
870000 18
950000 1
