0 26598606
6586170000 1
160000 5
320000 2
1450000 1
2580000 1
640000 3
800000 1
10000 10833
1654670000 1
170000 4
2270000 1
490000 2
650000 4
810000 1
1920000 1
970000 1
20000 279
180000 7
1310000 1
340000 1
500000 2
660000 1
1790000 1
820000 1
1950000 1
30000 60
190000 1
7488060000 1
350000 1
2570000 1
8452150000 1
2730000 1
670000 4
7488540000 1
9023980000 1
40000 52
200000 2
6639920000 1
2421450000 1
360000 4
520000 2
1650000 1
680000 1
840000 2
3100000 1
50000 39
2150000 1
210000 5
370000 11
530000 2
690000 3
850000 1
5130000 1
3110000 1
1010000 1
60000 34
3250000 1
5310000 1
220000 3
1350000 1
9025530000 1
380000 8
8780000 1
700000 1
860000 1
1990000 1
1020000 1
70000 27
1180000 2
230000 5
390000 6
2450000 1
3560000 1
550000 1
1820000 1
1050000 1
80000 34
240000 7
13970000 1
400000 3
720000 2
90000 18
1654750000 1
1200000 2
250000 1
1360000 1
410000 2
570000 32
1680000 2
2160000 1
100000 6
2320000 1
16050000 1
580000 134
110000 4
270000 3
430000 1
1540000 1
590000 104
1860000 1
16520000 1
910000 1
13510000 1
1090000 1
120000 6
280000 2
9970000 1
600000 42
80480000 1
130000 3
12810000 1
2390000 1
290000 1
610000 5
10120000 2
1720000 1
770000 1
6160000 1
1110000 1
140000 7
8540000 1
300000 2
16010000 1
620000 3
1750000 1
150000 2
4979860000 1
310000 2
1420000 2
12040000 1
630000 1
790000 1
3960000 1
950000 1
