0 3433274
21160000 1
160000 1
13890000 1
320000 33
480000 1
8880000 1
16310000 2
800000 1
6130000 1
3060000 1
10000 777
12610000 1
1062280000 1
170000 2
330000 42
8730000 1
490000 1
13090000 1
9210000 1
20000 10
20010000 1
1150000 1
180000 1
24370000 1
1310000 1
5510000 1
340000 46
7730000 2
8900000 1
15160000 1
500000 1
14230000 1
4230000 1
30000 4
17940000 1
20000000 2
350000 38
15170000 1
40000 1
5290000 1
4320000 1
1330000 1
3430000 1
360000 37
16430000 1
1970000 1
50000 5
12730000 1
14990000 1
370000 46
1480000 1
530000 1
690000 1
27990000 1
7370000 1
60000 2
9590000 1
15930000 1
1350000 1
380000 58
540000 5
1670000 1
4820000 1
700000 1
5950000 1
7040000 1
860000 1
24000000 12
1020000 2
24160000 1
14810000 1
70000 2
1180000 1
40010000 1
4510000 1
390000 39
1634090000 1
550000 20
16400000 1
24010000 4
240000 1
400000 50
40300000 1
6700000 1
9930000 1
560000 13
720000 1
16390000 1
11220000 1
880000 1
8310000 1
44010000 1
12690000 1
8490000 1
90000 1
16890000 1
13800000 1
5560000 1
410000 41
12020000 1
570000 63
8970000 1
12340000 1
8500000 2
15890000 1
1230000 1
420000 28
8820000 1
4620000 1
1550000 1
12010000 1
3610000 1
580000 32
2640000 1
28000000 2
740000 1
5260000 1
270000 4
430000 7
12000000 4
590000 13
11210000 1
28010000 1
120000 1
280000 6
35980000 1
440000 10
1570000 1
600000 3
14250000 1
8110000 1
32340000 1
20790000 1
8270000 1
9480000 1
1240000 1
290000 4
24420000 1
450000 1
12060000 1
7940000 1
9010000 1
16340000 1
23120000 1
1270000 1
16010000 36
300000 13
460000 3
5710000 1
32000000 2
620000 2
29010000 1
30260000 1
5220000 1
1100000 1
150000 1
310000 29
16000000 81
11880000 1
7760000 1
470000 5
6810000 1
32010000 2
16320000 1
1740000 1
790000 2
