0 3238441
13730000 1
2260000 54
10660000 1
4520000 2
1450000 55
3710000 21
640000 121
2900000 7
5160000 1
2090000 54
170000 1
1280000 106
2430000 23
3540000 13
810000 252
1920000 60
3999080000 1
3070000 7
4180000 9
4220000 6
1150000 253
6440000 1
3370000 11
2560000 21
1790000 62
4010000 11
980000 103
3200000 10
18890000 1
4390000 3
6610000 1
3996480000 1
510000 40
1620000 46
17310000 1
2730000 3
3840000 15
5290000 1
40000 6
2300000 33
4480000 2
1490000 64
3750000 12
680000 186
17480000 2
2940000 6
1320000 91
2470000 25
3580000 18
850000 202
1960000 73
3110000 4
1190000 200
3410000 13
2600000 14
4820000 2
1830000 53
4050000 12
1020000 143
2130000 62
10530000 1
3240000 9
5541780000 1
4350000 3
5460000 1
550000 151
1660000 50
18460000 1
2770000 8
3880000 22
16720000 1
3150000 10
80000 1
2340000 46
1530000 55
3790000 17
720000 263
4934330000 1
17520000 1
2980000 10
5240000 2
1360000 78
2510000 21
3620000 9
4770000 1
5880000 1
890000 150
2000000 60
18800000 1
4300000 6
1230000 153
3450000 18
2640000 15
1870000 78
4090000 7
1060000 182
2170000 49
3280000 15
4470000 1
12534020000 1
590000 134
1700000 51
2810000 5
3920000 17
12537430000 1
5543650000 1
5110000 2
16680000 1
3190000 12
5370000 1
2380000 45
1570000 66
3830000 17
760000 234
3020000 5
7460000 1
1400000 61
2550000 14
3660000 22
4730000 1
930000 127
2040000 54
4260000 6
1270000 127
3490000 20
5710000 1
2680000 9
4900000 1
15042470000 1
1910000 57
14590000 1
4130000 10
1100000 276
16790000 1
2210000 45
3320000 11
4430000 2
16000000 2
630000 131
1740000 53
2850000 3
3960000 21
3230000 8
2420000 33
7750000 1
4680000 1
1610000 52
3870000 19
800000 260
4934410000 1
6130000 1
3060000 4
4210000 5
5320000 1
1440000 63
2590000 18
3700000 24
5960000 1
970000 113
2080000 53
4380000 2
1310000 102
3530000 15
500000 17
5830000 1
2720000 8
5020000 1
1950000 71
4170000 5
30000 5
1140000 253
2250000 55
3360000 13
670000 168
1780000 69
2890000 8
4000000 16
5190000 1
3270000 10
2460000 29
4640000 1
1650000 58
3910000 17
840000 204
6090000 1
18770000 1
3100000 6
5280000 2
1480000 62
2630000 11
3740000 19
4810000 1
5545730000 1
1010000 129
2120000 72
7370000 1
4340000 2
1350000 89
3570000 22
12533990000 1
540000 84
2760000 7
1990000 49
70000 1
1180000 181
2290000 37
3400000 17
4510000 2
5620000 1
2648100000 1
710000 235
1820000 71
2930000 7
4040000 7
6260000 1
1050000 169
6380000 1
3310000 8
2500000 19
4760000 1
1690000 51
3950000 13
880000 166
3140000 3
4290000 3
1520000 54
2670000 14
3780000 25
5270000 1
2160000 41
4460000 1
1390000 61
3610000 19
580000 146
2800000 5
6558600000 1
2030000 58
1220000 163
2330000 42
3440000 20
4630000 1
750000 247
1860000 71
2970000 20
4080000 6
1090000 291
3350000 9
5530000 1
280000 1
2540000 25
17400000 1
1730000 60
3990000 14
920000 132
3180000 9
4250000 7
5360000 1
6510000 1
1560000 71
2710000 12
3820000 21
6000000 1
2200000 41
4420000 3
1430000 73
3650000 21
620000 123
2840000 8
2070000 74
150000 1
1260000 131
2370000 47
3480000 17
790000 235
1900000 70
3010000 6
4120000 9
5230000 2
4200000 6
1130000 250
3390000 10
2580000 23
1770000 73
18570000 1
4030000 9
960000 119
2110000 52
3220000 12
5480000 2
2667850000 1
490000 9
1600000 58
2750000 13
3860000 8
5010000 1
8380000 1
20000 22
5350000 2
2240000 45
1470000 58
3690000 25
6560500000 1
2650370000 1
660000 178
2880000 11
1300000 116
2410000 37
3520000 19
4710000 1
5820000 1
830000 195
1940000 72
3050000 14
4160000 11
1170000 240
3430000 16
2620000 13
4800000 1
1810000 76
4070000 5
1000000 153
2150000 50
3260000 5
4330000 4
530000 81
17330000 2
1640000 73
2790000 10
3900000 16
6080000 1
60000 2
2280000 41
4500000 1
1510000 60
3730000 20
700000 249
2920000 12
5140000 2
230000 1
1340000 97
2450000 26
3560000 29
4670000 1
870000 192
1980000 62
3090000 8
4280000 3
1210000 180
3470000 10
2660000 11
1850000 65
4110000 4
1040000 182
2190000 45
18990000 1
3300000 6
4450000 1
570000 102
1680000 55
2830000 9
3940000 13
5090000 1
16700000 1
2320000 39
1550000 56
3770000 15
740000 243
6070000 1
2960000 9
1380000 62
2490000 19
3600000 12
12531880000 1
5900000 1
910000 152
2020000 64
3130000 8
4240000 8
1250000 131
3510000 20
440000 2
17240000 1
2700000 7
1890000 59
4150000 2
1080000 233
2230000 42
3340000 10
4410000 2
610000 122
1720000 59
18520000 1
2870000 10
3980000 9
6160000 1
3170000 13
5390000 1
2360000 30
7610000 1
4580000 1
1590000 53
3810000 20
780000 243
17580000 1
3000000 12
5220000 3
1420000 72
2530000 27
3640000 16
5860000 1
6560790000 1
950000 115
2060000 62
18860000 1
2100000 61
1290000 102
3550000 19
480000 6
5810000 1
2740000 5
17600000 1
1930000 63
4190000 9
10000 906
1120000 298
2270000 39
3380000 9
6560170000 1
5640000 2
650000 145
1760000 66
2910000 5
4020000 12
6280000 1
13570000 1
3210000 3
2400000 30
1630000 49
3850000 11
820000 189
3040000 9
16770000 1
4230000 7
6450000 1
1460000 59
2570000 17
3680000 12
5980000 1
990000 107
2140000 57
4320000 1
1330000 90
3590000 19
520000 54
2780000 5
1970000 76
50000 7
1160000 262
2310000 43
3420000 11
4490000 1
18280000 1
690000 213
1800000 70
4060000 12
2950000 16
18920000 1
3250000 9
5470000 1
220000 1
2440000 32
4660000 1
1670000 66
3890000 15
860000 196
14510000 1
6110000 1
3080000 7
5300000 1
1500000 73
2610000 12
3720000 21
4830000 2
7050000 1
17510000 1
1030000 145
2180000 40
4440000 4
1370000 67
3630000 18
560000 142
2820000 5
5080000 1
2010000 74
90000 1
1200000 189
2350000 31
3460000 18
4610000 3
730000 273
1840000 77
2990000 14
4100000 8
1070000 222
3290000 9
2480000 30
4780000 1
5543320000 1
1710000 61
3930000 7
900000 165
3120000 4
4310000 3
430000 1
1540000 54
2650000 13
3760000 13
18660000 1
31420000 1
2220000 54
4400000 3
1410000 60
3670000 24
600000 123
5850000 1
2860000 9
2050000 58
1240000 136
2390000 29
3500000 14
6830000 1
770000 220
1880000 62
3030000 6
14560000 1
4140000 7
1110000 255
3330000 15
26470000 1
2520000 17
4740000 1
1750000 64
24890000 1
3970000 14
940000 122
3160000 5
2658160000 1
4270000 3
1580000 54
2690000 10
3800000 18
