0 5169445
1130000 3
320000 729
819490000 1
640000 30
960000 15
740350000 1
170000 1858
1280000 2
490000 3
760840000 1
729500000 1
810000 65
20000 204801
1150000 3
705790000 1
340000 697
1470000 1
660000 56
1790000 1
980000 7
740330000 1
190000 2160
1300000 2
510000 1
830000 86
740180000 1
40000 128919
360000 326
680000 79
1000000 2
210000 2290
1320000 1
530000 11
850000 66
60000 47377
738300000 1
380000 27
700000 104
1020000 4
715170000 1
230000 3225
705980000 1
709310000 1
550000 7
715810000 1
870000 50
80000 16037
1210000 1
400000 7
720000 103
740090000 1
1040000 5
539150000 1
250000 2671
1360000 1
570000 10
890000 44
739130000 1
538960000 1
7440820000 1
100000 13171
740560000 1
753320000 1
740000 63
1060000 8
540240000 1
270000 2468
1380000 1
590000 10
710540000 1
1700000 2
819580000 1
910000 35
120000 5979
1250000 1
705890000 1
440000 3
753300000 1
760000 83
1638940000 1
1080000 9
738210000 1
290000 2330
540300000 1
610000 12
737780000 1
930000 21
739170000 1
140000 2906
740600000 1
460000 2
780000 70
715880000 1
1100000 4
310000 883
726190000 1
630000 18
950000 14
739190000 1
160000 2725
1290000 1
711260000 1
726120000 1
480000 1
7440230000 1
1638500000 1
7574630000 1
564900000 1
800000 67
10000 423095
1120000 2
330000 721
650000 36
729660000 1
970000 9
180000 1825
1310000 2
709340000 1
500000 1
817370000 1
715760000 1
820000 87
714990000 2
30000 151069
1140000 1
350000 568
670000 77
990000 7
200000 2293
520000 1
840000 82
50000 91583
370000 110
690000 124
7440340000 1
1638710000 1
1010000 8
739270000 1
220000 2518
540000 4
860000 62
70000 24758
1180000 3
390000 6
817240000 1
710000 95
7574720000 1
715970000 1
1030000 11
1050000 9
240000 3231
560000 5
1690000 1
880000 43
90000 13840
1200000 1
410000 1
730000 80
1070000 4
260000 2307
706030000 1
1390000 1
580000 9
819590000 1
726220000 1
729570000 1
900000 33
7574690000 1
110000 6139
740570000 1
430000 4
750000 69
1090000 4
280000 2768
1410000 3
600000 6
920000 37
2050000 1
740310000 1
130000 4757
1240000 1
714440000 1
450000 2
770000 68
715080000 1
1110000 1
300000 1329
1430000 1
726180000 1
1638440000 1
737770000 1
620000 13
7574650000 1
709700000 1
940000 21
150000 3310
470000 1
790000 64
7574800000 1
