0 4918993
2260000 1
320000 1
480000 4
17280000 1
640000 1
14370000 1
10000 1343
8410000 1
1120000 1
490000 4
2910000 1
6280000 1
20000 11
20010000 2
340000 1
1470000 1
500000 4
1630000 1
1790000 1
820000 1
30000 7
1140000 1
20000000 1
36010000 1
510000 3
2730000 1
670000 1
12400000 1
40000 1
4320000 1
12720000 1
200000 1
1330000 2
520000 1
680000 1
15460000 1
1970000 1
3100000 1
8450000 1
50000 3
12730000 1
8770000 1
14000000 1
15150000 1
530000 6
12300000 2
24030000 1
3250000 1
12740000 1
380000 1
15120000 1
540000 5
23680000 1
4820000 1
700000 2
8010000 1
24000000 1
12590000 1
3400000 1
11800000 1
16080000 1
2610000 1
2982670000 1
550000 8
14180000 1
4040000 1
24010000 6
5150000 1
17850000 1
35780000 1
3310000 1
14940000 1
4600000 1
12030000 1
560000 14
2820000 1
15580000 1
880000 1
44010000 1
13800000 1
250000 1
410000 1
16220000 1
570000 66
2670000 1
11070000 1
1840000 1
2990000 1
4300000 1
37900000 1
420000 1
3610000 1
12010000 2
580000 68
13180000 1
5260000 1
3280000 1
16040000 1
590000 30
7960000 1
3920000 1
28010000 1
750000 2
1860000 1
2970000 2
3130000 1
4400000 1
16030000 1
440000 1
5690000 1
600000 11
11100000 1
760000 1
8270000 1
4150000 1
2050000 1
23310000 1
35990000 1
450000 1
8850000 1
4730000 1
610000 3
9010000 1
770000 1
5390000 1
140000 1
16010000 62
59100000 1
2680000 1
620000 1
3810000 1
3970000 1
3000000 1
5060000 1
6190000 1
7600000 1
16000000 20
3480000 1
470000 4
32010000 1
11090000 1
4910000 1
13470000 1
