0 29271440
1130000 1
160000 2
15990000 1
6724120000 1
27940000 1
10170000 1
2900000 1
800000 1
7260000 1
10000 4701
13720000 1
170000 3
1280000 2
2430000 1
1440000 1
490000 1
12580000 1
20000 25
20010000 3
180000 2
2400000 1
660000 1
3850000 1
1790000 1
8245810000 1
30000 23
190000 1
15960000 1
6610000 1
19210000 1
12080000 1
4870000 1
7090000 1
1940000 1
990000 1
8074080000 1
200000 1
11990000 1
520000 1
1000000 1
50000 2
45260000 1
1320000 1
4490000 1
370000 1
31950000 1
2630000 1
1640000 1
4970000 1
7968110000 1
3110000 1
60000 5
2120000 1
380000 2
540000 1
8010000 3
24000000 1
70000 3
2290000 1
390000 1
14180000 1
550000 1
710000 2
11170000 1
24010000 5
3090000 1
13810000 1
1370000 1
15100000 1
1690000 1
2820000 1
2980000 1
90000 1
1360000 1
410000 1
1520000 1
570000 8
2830000 1
730000 2
2160000 1
100000 1
1230000 1
6520000 1
260000 1
8074220000 1
3610000 1
12010000 4
580000 27
28000000 1
740000 2
3120000 1
110000 1
270000 1
5580000 1
430000 1
15250000 1
590000 57
28010000 2
750000 1
910000 1
120000 1
3350000 1
280000 2
8680000 1
12070000 1
600000 32
1560000 1
610000 18
5840000 1
770000 2
2870000 1
17570000 1
1110000 1
16010000 77
300000 1
21540000 1
620000 8
1910000 2
13620000 1
150000 1
16000000 2
9820000 1
470000 1
32010000 1
790000 1
