0 10551651
160000 301
320000 7
480000 1
800000 11
960000 1
10000 208433
1120000 1
170000 226
330000 6
650000 2
810000 14
1638670000 1
970000 1
20000 68684
180000 187
340000 4
660000 10
820000 11
980000 5
30000 31413
190000 138
759430000 1
350000 3
1460000 1
670000 11
830000 9
40000 17714
200000 108
360000 1
680000 8
840000 14
1000000 1
50000 10517
210000 84
370000 4
530000 1
690000 15
850000 10
1010000 1
60000 6713
1190000 1
220000 55
380000 3
540000 1
700000 20
860000 15
70000 4638
1180000 1
230000 49
390000 1
550000 1
710000 16
870000 3
80000 3153
240000 32
400000 1
753340000 1
720000 11
880000 8
1040000 2
90000 2270
250000 25
570000 1
730000 15
890000 11
1070000 2
100000 1611
1230000 1
260000 33
740000 8
900000 7
709740000 1
819910000 1
1060000 2
110000 1157
270000 24
706180000 1
817440000 1
590000 1
750000 5
910000 3
120000 906
1250000 1
280000 18
440000 1
760000 11
920000 4
1080000 1
130000 687
1240000 1
290000 16
770000 5
930000 2
1110000 1
140000 496
1270000 1
705910000 1
300000 7
620000 1
780000 11
940000 3
714140000 1
150000 338
310000 6
630000 3
790000 9
950000 1
