0 1119052
80000 5
160000 1
240000 18
1290000 1
320000 91
800000 1
960000 1
10000 198
90000 1
4370000 1
250000 17
1280000 1
330000 24
12020000 1
730000 3
890000 1
20000 1
260000 40
340000 11
4780000 1
980000 1
270000 60
350000 9
430000 6
12000000 1
510000 18
750000 1
990000 1
40000 1
280000 96
1330000 2
360000 12
440000 2
520000 8
840000 1
920000 1
50000 2
290000 124
370000 7
12060000 1
530000 4
690000 1
770000 1
60000 2
140000 2
220000 5
1270000 2
300000 164
380000 2
14270000 1
620000 1
780000 1
860000 1
940000 1
150000 4
230000 12
1260000 2
310000 159
16000000 1
870000 1
950000 2
