0 21547271
3594600000 1
160000 1
640000 11
1770000 1
10000 120
2110000 1
2429560000 1
3983740000 1
1440000 1
490000 1
1600000 1
650000 31
3594420000 1
20000 4
2240000 1
340000 1
1470000 1
660000 21
820000 1
13420000 1
1950000 1
3040000 1
3929120000 1
2410000 1
1460000 2
1473740000 1
510000 1
1620000 1
670000 14
2140000 1
1170000 1
1330000 1
1719230000 1
680000 3
210000 3
1320000 4
2470000 1
1473680000 1
3929500000 1
1640000 1
690000 1
3983230000 1
850000 1
1010000 2
17948750000 1
60000 1
1350000 1
2440000 1
1830000 1
3240000 1
230000 1
390000 1
1660000 1
1608100000 1
710000 1
2930000 1
3942640000 1
1609670000 1
1210000 1
1370000 3
90000 1
410000 3
23510000 1
1520000 2
420000 17
14150000 1
1550000 1
17948220000 1
580000 1
2410400000 1
740000 2
900000 1
2170000 1
2330000 1
5083790000 1
430000 25
17948700000 1
590000 1
1700000 1
910000 1
3130000 1
1090000 1
1410000 1
440000 18
3020000 1
3594390000 1
920000 1
17948800000 1
1240000 1
290000 1
450000 4
3929420000 1
1473760000 1
2410150000 1
610000 2
1720000 1
770000 1
3595790000 1
1430000 1
460000 1
1590000 1
13300000 1
1750000 2
13460000 1
1100000 1
2210000 1
1260000 1
310000 1
2530000 1
1580000 1
630000 3
23770000 1
1740000 1
790000 1
