0 3030070
10580000 1
160000 1
15990000 1
3550000 1
10900000 1
15180000 1
560000 1
720000 1
10000 413
3220000 1
1200000 1
330000 1
570000 1
650000 1
1920000 1
20000 4
180000 1
16050000 1
12010000 1
2954350000 1
500000 1
580000 13
820000 1
15560000 1
30000 2
1140000 1
350000 1
590000 43
750000 1
1780000 1
830000 1
6140000 1
120000 1
13770000 1
6580000 1
280000 2
440000 1
600000 29
1730000 1
840000 1
50000 1
14750000 1
1480000 1
2550000 1
21530000 1
610000 10
690000 2
3030000 1
28370000 1
220000 1
16010000 9
380000 1
620000 1
1910000 1
2130000 1
150000 1
390000 2
550000 3
630000 1
790000 2
5230000 1
