0 4459326
160000 2
15990000 1
480000 1
8880000 1
640000 1
8070000 1
10000 1776
170000 3
15980000 1
1280000 1
330000 1
490000 1
650000 2
810000 1
2080000 1
20000 13
20010000 1
15970000 2
15160000 1
500000 1
820000 2
4010000 1
30000 11
6927960000 1
190000 1
15960000 1
36010000 1
510000 2
8040000 1
670000 1
990000 1
40000 3
1170000 1
15950000 1
4480000 1
360000 1
2620000 2
1000000 3
50000 2
210000 1
1640000 1
690000 1
14480000 1
850000 1
4060000 1
60000 1
1190000 1
3570000 1
27800000 1
8010000 1
1830000 1
70000 2
1500000 1
550000 1
24010000 4
1980000 1
1050000 1
80000 3
15910000 1
240000 2
35940000 1
1530000 2
560000 3
7990000 1
14290000 1
720000 1
880000 1
90000 2
8490000 1
1200000 1
250000 1
14950000 1
410000 2
4955990000 1
5720000 1
14120000 1
570000 3
730000 1
1840000 1
15590000 1
2000000 1
100000 1
260000 2
171290000 1
4620000 1
420000 1
12010000 1
580000 20
740000 1
900000 1
7480000 1
590000 48
12160000 1
7960000 1
1860000 1
47110000 1
120000 2
12800000 1
280000 3
16030000 1
12070000 1
600000 43
760000 1
10450000 1
3180000 1
130000 2
12650000 1
2230000 1
4730000 1
610000 10
2710000 1
16660000 1
3170000 1
140000 1
8540000 1
16010000 72
300000 2
170360000 1
620000 4
11240000 1
4270000 1
150000 1
2370000 1
32010000 1
630000 4
950000 1
9350000 1
