0 7090092
4360000 1
160000 1
7590000 1
320000 1
1450000 1
2580000 1
5970000 1
2900000 1
800000 3
960000 1
10000 51334
2110000 1
3220000 1
170000 3
330000 1
7740000 1
4690000 1
3860000 1
1920000 1
2080000 1
6280000 1
20000 556
4220000 1
7410000 1
180000 2
7570000 1
6600000 1
7730000 1
340000 1
10960000 1
3690000 1
820000 1
12410000 1
30000 113
3360000 1
7720000 1
350000 1
1460000 1
2570000 2
8200000 1
40000 16
200000 1
7550000 1
1330000 1
47357750000 1
3590000 1
520000 1
4800000 1
5930000 2
8030000 1
12310000 1
840000 1
50000 9
7540000 1
6590000 1
7700000 3
7860000 2
8020000 1
7070000 1
7370000 1
60000 1
6400000 1
220000 1
6560000 1
380000 3
7850000 1
4660000 1
8010000 1
4980000 1
7200000 1
12450000 1
47349940000 1
8330000 1
6270000 2
7360000 1
7520000 2
6570000 1
390000 1
7840000 2
5780000 2
3720000 1
8000000 1
8160000 1
4990000 1
2930000 1
870000 1
80000 1
7510000 2
240000 1
7670000 2
560000 1
4760000 1
4920000 1
10410000 1
90000 1
2190000 1
5400000 2
6550000 1
7660000 4
10910000 1
6710000 1
3620000 1
7980000 3
47354090000 1
6360000 1
7490000 3
7650000 1
7810000 1
580000 1
7970000 2
2800000 1
3930000 1
2960000 1
900000 1
2030000 1
110000 2
7640000 3
270000 2
7800000 2
7960000 1
16360000 1
1860000 1
7330000 1
120000 1
5370000 1
6660000 1
2860000 2
3990000 1
12390000 1
8270000 1
5360000 1
130000 5
7460000 3
7620000 3
1400000 1
7780000 1
450000 1
1560000 1
10950000 1
6830000 1
2870000 2
7150000 1
2200000 2
140000 3
7610000 3
7770000 1
620000 1
2840000 1
1910000 1
4270000 1
4430000 1
7600000 2
7760000 1
470000 1
5860000 1
12360000 1
790000 1
5070000 1
4120000 1
