0 33503915
15990000 1
320000 3
1450000 1
640000 1
960000 2
6846080000 1
170000 3
6847550000 1
2430000 1
490000 3
5945830000 1
1600000 2
2750000 1
810000 2
19870000 1
20000 60
1150000 1
15970000 1
24370000 1
340000 1
12940000 1
1470000 1
4860000 1
4010000 2
8210000 1
20000000 3
190000 2
15010000 1
2730000 1
830000 3
3050000 1
16760000 1
40000 3
15950000 1
360000 4
7870000 1
3750000 1
4070000 1
1000000 3
2150000 1
3260000 2
210000 1
8610000 1
1320000 2
2470000 1
4650000 1
21450000 1
530000 2
14480000 1
850000 1
6080000 1
6850090000 1
60000 4
5914060000 1
5310000 1
1190000 1
2280000 1
380000 2
2600000 1
700000 2
14350000 1
16570000 1
7360000 1
2130000 1
4350000 1
6850580000 1
230000 3
2450000 1
13070000 1
550000 8
13390000 1
24010000 13
1980000 1
80000 4
1210000 1
11710000 1
12840000 1
9770000 1
4600000 1
12030000 1
720000 1
15420000 1
5629920000 1
2190000 1
3300000 1
250000 2
4450000 1
11860000 1
2510000 1
570000 38
1680000 1
890000 1
15590000 1
2000000 1
4300000 1
100000 2
14760000 1
1230000 1
13990000 1
420000 1
12010000 6
740000 2
12330000 1
15720000 1
14930000 1
270000 2
1380000 1
8830000 1
6690000 1
590000 85
1700000 1
2810000 1
3920000 1
910000 1
15570000 1
3190000 1
15060000 1
440000 2
216660000 1
760000 1
9320000 1
1080000 1
610000 13
16340000 1
11430000 1
930000 1
2040000 1
140000 4
3490000 1
460000 2
780000 2
23920000 1
1910000 1
19800000 1
10470000 1
2210000 1
8550000 1
4430000 1
16000000 68
11880000 1
4750000 1
4054450000 1
630000 1
1740000 1
8080000 1
5070000 1
37560000 1
950000 1
2060000 1
3230000 1
4360000 1
160000 6
12760000 1
9690000 1
5490000 1
2420000 1
15020000 1
1610000 1
3870000 1
9200000 1
800000 1
10000 4451
8410000 1
16810000 1
1120000 2
15980000 3
4530000 1
650000 1
11310000 1
4020000 1
5170000 1
2080000 1
20010000 5
180000 2
1310000 1
36000000 1
500000 2
5924030000 1
820000 1
16770000 1
30000 22
13740000 1
1140000 2
15960000 1
350000 1
10540000 1
2140000 1
200000 3
5450000 1
50000 6
2310000 1
370000 1
6750000 1
2630000 2
6861380000 1
690000 4
47920000 1
1800000 1
4060000 1
1010000 1
2120000 1
220000 2
9750000 1
11970000 1
13060000 1
540000 6
14190000 1
8010000 5
1990000 1
24000000 6
70000 3
30500000 1
1180000 1
15920000 1
4510000 1
390000 5
5620000 1
2610000 1
6861360000 1
710000 1
1820000 1
4040000 2
5150000 1
29240000 1
13000000 1
7830000 1
560000 14
880000 3
2010000 1
90000 5
9760000 1
410000 2
730000 1
14600000 1
1070000 1
260000 1
16050000 1
1390000 1
580000 119
19920000 1
3120000 1
110000 1
1220000 2
16910000 1
430000 2
6861320000 1
16200000 1
2650000 1
8990000 1
6066580000 1
750000 1
1860000 1
23970000 1
13510000 1
1090000 1
16030000 3
600000 30
8110000 1
920000 1
6846040000 1
130000 2
1240000 3
450000 2
1560000 2
9010000 1
3820000 1
11270000 1
770000 1
15710000 1
6320000 2
16010000 147
2520000 1
12980000 1
620000 3
8090000 1
5060000 1
940000 1
5380000 1
150000 2
7600000 1
