0 2214190
80000 2
240000 2
15100000 1
560000 1
880000 6
10000 34
90000 8
250000 2
4530000 1
3700000 1
15270000 1
4850000 1
890000 3
970000 1
20000 11
100000 1
4380000 1
6440000 1
420000 1
980000 1
30000 6
110000 3
190000 2
270000 2
36090000 1
510000 3
750000 1
830000 2
40000 2
120000 4
1170000 1
200000 3
280000 1
360000 1
8840000 1
440000 1
520000 29
13360000 1
840000 2
50000 1
210000 2
32900000 1
530000 12
850000 6
1190000 1
2440000 1
540000 10
1750000 1
860000 12
70000 1
3320000 1
230000 2
16000000 2
2530000 1
550000 3
870000 27
5070000 1
