0 4499308
5330000 1
10660000 1
15990000 1
4520000 1
8720000 1
2580000 1
640000 2
4840000 1
31170000 1
4030000 1
960000 1
8570000 1
1280000 1
2430000 1
10830000 1
11940000 1
490000 7
12260000 1
6120000 1
20000 15
1150000 1
5350000 1
340000 2
14070000 1
16290000 1
660000 1
20000000 1
1300000 1
16990000 1
6610000 1
510000 4
3840000 1
8040000 1
830000 2
14540000 1
3050000 1
4160000 1
1170000 2
360000 14
1490000 1
4800000 1
680000 3
47930000 1
7380000 1
1320000 1
16100000 1
530000 1
24030000 1
7530000 1
3410000 2
4500000 1
380000 30
11000000 1
4820000 1
9100000 1
700000 1
1830000 1
4050000 1
5140000 1
3560000 1
550000 5
15290000 1
870000 1
24010000 14
10380000 1
16880000 1
400000 88
4600000 1
12030000 2
720000 1
4920000 1
8310000 1
4110000 1
44010000 1
1040000 1
15740000 1
20420000 1
570000 67
2000000 1
13990000 1
420000 91
740000 2
1870000 2
13500000 1
14630000 1
1060000 1
17860000 1
25310000 1
7480000 1
10730000 1
2490000 1
1380000 1
25630000 1
29830000 1
590000 30
1700000 1
8120000 1
910000 3
5370000 1
1250000 1
35980000 1
5475940000 1
440000 76
5690000 1
760000 1
7140000 1
1890000 1
10450000 1
6350000 1
7460000 1
4410000 1
290000 3
6670000 1
610000 6
1720000 1
2870000 2
3980000 1
11430000 1
14720000 1
5390000 1
38990000 1
1270000 1
4580000 2
460000 17
5710000 1
7930000 1
3810000 1
780000 2
13460000 1
14590000 1
15680000 1
1100000 1
14890000 1
16000000 81
310000 1
3640000 1
32010000 3
4750000 1
630000 1
10300000 1
6180000 1
950000 1
2100000 1
23100000 1
3230000 1
480000 12
1610000 1
5810000 1
2740000 1
800000 1
3060000 1
10000 1277
1120000 1
15980000 2
1440000 1
330000 4
5640000 1
12100000 1
650000 3
9050000 1
30050000 1
2080000 2
20010000 2
2400000 1
4607920000 1
500000 5
820000 1
13420000 1
24040000 1
15640000 1
12570000 1
5340000 1
23250000 1
2250000 1
350000 10
2570000 1
15490000 1
2890000 1
12720000 1
17000000 1
520000 5
2780000 2
3910000 1
840000 1
50000 2
1160000 1
6430000 1
7540000 1
370000 16
9880000 1
11030000 1
690000 2
47920000 1
40670000 1
4060000 1
14190000 1
540000 7
16410000 1
2760000 1
860000 1
24000000 4
40010000 2
10690000 2
390000 53
8790000 1
6730000 1
16240000 1
710000 2
1820000 1
1030000 1
3310000 1
14940000 1
17040000 1
16070000 1
25600000 1
2500000 1
560000 13
32060000 1
3140000 1
18000000 1
1200000 1
410000 96
5720000 1
8970000 1
28030000 1
15730000 1
260000 1
580000 74
13340000 1
8130000 1
3120000 1
9460000 1
1220000 2
430000 90
12000000 3
18340000 1
750000 2
17550000 1
1860000 2
2970000 1
8280000 1
9310000 1
4080000 1
2220000 1
7470000 1
280000 1
7790000 1
600000 9
48010000 1
1240000 1
12810000 1
450000 48
11270000 1
770000 2
16010000 79
300000 2
5550000 1
32000000 1
9990000 1
620000 2
5870000 1
6960000 1
14430000 1
940000 1
15840000 1
1260000 1
24400000 1
12040000 1
470000 12
9030000 1
790000 6
12360000 1
15690000 1
