0 13828348
28430000 1
160000 201
6460000 1
320000 43
19220000 1
480000 3
640000 30
7254780000 1
800000 2
4030000 1
10000 88375
13720000 1
170000 225
330000 49
16140000 1
14200000 1
650000 67
20000 43587
20010000 1
180000 206
15970000 1
340000 57
500000 1
660000 40
820000 1
15640000 1
30000 9502
190000 151
1300000 1
11010470000 1
350000 32
670000 29
8945290000 1
990000 1
40000 6960
200000 118
360000 50
8906980000 1
520000 1
680000 11
840000 1
1000000 1
50000 4012
8945660000 1
210000 124
370000 72
690000 8
1010000 1
60000 2192
220000 100
380000 216
700000 4
15760000 1
70000 1318
230000 110
390000 374
16080000 2
1500000 1
710000 2
870000 1
24010000 2
1030000 1
6260000 1
1050000 1
80000 1283
240000 111
16070000 1
7670000 1
400000 272
560000 2
720000 2
16390000 1
14450000 1
880000 1
90000 1201
11700000 1
250000 70
31750000 1
16060000 1
410000 85
570000 2
730000 5
890000 1
1070000 1
100000 737
15890000 1
260000 49
1390000 1
420000 18
12010000 1
580000 4
1060000 1
8906770000 1
110000 501
270000 53
7254370000 1
430000 6
16120540000 1
2650000 1
590000 2
16120380000 1
4950000 1
750000 1
1860000 1
12640000 1
120000 314
280000 26
16030000 3
440000 4
600000 3
130000 336
15860000 1
290000 11
16020000 4
450000 3
610000 9
140000 182
1270000 1
300000 9
16010000 34
7610000 1
460000 3
620000 12
780000 1
6330000 1
150000 153
310000 31
470000 3
10967720000 1
630000 12
7253540000 1
790000 1
15530000 1
24090000 1
