0 972883
80000 23
160000 3
240000 128
1290000 4
320000 466
1370000 3
23420000 1
400000 4
2514940000 1
560000 1
720000 2
800000 2
880000 4
960000 2
10000 164
90000 16
1280000 3
250000 176
1360000 1
330000 129
1440000 1
410000 1
1520000 1
650000 1
730000 5
810000 2
890000 2
20000 3
100000 1
1310000 2
260000 330
340000 69
740000 5
820000 1
6150000 1
900000 2
980000 1
1300000 4
270000 454
350000 64
1380000 1
430000 4
510000 18
670000 1
750000 4
830000 4
910000 4
990000 2
40000 3
120000 1
1250000 1
280000 597
1330000 1
360000 51
440000 4
520000 19
680000 2
760000 4
840000 2
920000 5
1000000 1
8450000 1
290000 867
370000 24
530000 6
690000 1
770000 5
850000 1
13450000 1
930000 6
140000 2
220000 21
1270000 1
300000 1013
1350000 2
380000 11
700000 3
780000 3
860000 3
940000 3
1020000 2
1180000 1
150000 24
230000 64
1260000 8
310000 897
1340000 1
390000 2
2610000 1
710000 5
790000 3
870000 4
950000 3
