0 7957312
1050000 1
160000 1
5570000 1
400000 2
480000 1
560000 4
640000 2
1690000 1
2900000 1
880000 8
10000 32
8410000 1
170000 1
1280000 1
3380000 1
730000 1
6040000 1
890000 4
20000 5
180000 2
5750000 1
5020000 1
820000 1
10350000 1
2960000 1
1060000 1
30000 2
190000 1
2330000 1
270000 1
430000 2
510000 10
12000000 1
670000 1
830000 6
910000 1
40000 1
4400000 1
4480000 1
440000 2
520000 28
600000 1
840000 1
1000000 1
50000 1
450000 1
530000 17
5920000 1
850000 10
60000 3
380000 1
460000 2
540000 11
620000 2
860000 37
150000 1
1180000 1
1048790000 1
16000000 2
390000 1
470000 1
550000 9
9030000 1
1820000 1
870000 26
2999870000 1
