0 2019079
15990000 1
15180000 1
560000 2
640000 2
10000 165
410000 1
16140000 1
570000 17
4850000 1
20000 13
1070000 1
180000 1
11850000 1
13990000 1
36000000 1
580000 25
4090000 1
12490000 1
2030000 1
12790000 1
4710000 1
510000 1
5820000 1
590000 17
40000 1
13850000 1
3430000 1
16030000 1
600000 3
680000 1
8030000 1
760000 1
50000 1
690000 1
12460000 1
13610000 1
2402290000 1
16010000 1
380000 1
16090000 1
8940000 1
540000 1
4740000 1
620000 1
700000 1
24000000 1
70000 1
16000000 4
2450000 1
550000 4
710000 1
790000 1
1980000 1
950000 1
