0 19854538
15990000 2
7590000 1
4520000 1
320000 2
640000 1
5970000 1
960000 1
9360000 1
170000 3
1280000 1
3540000 1
6950000 1
20000 41
340000 2
1470000 1
4852170000 1
660000 1
7080000 1
4010000 1
9380000 1
20000000 4
15800000 1
9700000 1
18100000 1
2730000 1
830000 2
4779340000 1
40000 4
2300000 1
15950000 1
12880000 1
5610000 1
360000 1
9890000 1
4800000 1
1810000 1
7060000 1
1000000 1
14650000 1
2150000 1
210000 1
8610000 1
1320000 1
13050000 1
3110000 1
60000 4
15930000 1
380000 3
14030000 1
3730000 1
12450000 1
230000 2
1340000 1
6570000 1
3321520000 1
2770000 1
24010000 7
8320000 1
80000 4
1210000 1
15910000 1
12840000 1
19140000 1
4600000 1
400000 1
12030000 2
1530000 1
720000 1
5240000 1
29490000 1
1360000 1
8810000 1
570000 37
1680000 1
10240000 1
2000000 2
100000 1
420000 1
12010000 4
7970000 1
4940000 1
1060000 2
13820000 1
270000 2
27850000 1
590000 32
16360000 1
3920000 1
910000 1
120000 2
1570000 1
2700000 1
760000 2
1080000 1
290000 1
12970000 1
3660000 1
8850000 1
610000 12
930000 3
3170000 1
9510000 1
140000 1
460000 2
7120000 1
3000000 1
13460000 1
19800000 1
5220000 1
6330000 1
16790000 1
16000000 91
1740000 1
6300000 1
160000 3
1290000 1
13080000 1
480000 1
14210000 1
800000 1
13400000 1
3167640000 1
10000 2936
2270000 1
10670000 1
15980000 1
330000 1
10990000 1
13250000 1
15810000 2
11610000 1
3850000 1
820000 3
13420000 1
30000 14
10650000 1
15960000 1
350000 1
9860000 1
3670000000 1
5190000 1
21120000 1
12720000 1
13040000 1
8030000 1
840000 1
3100000 1
50000 6
1160000 1
11820000 1
370000 2
7860000 1
4810000 2
12460000 1
1010000 1
15770000 1
220000 2
4660000 1
21460000 1
540000 4
11160000 1
8010000 1
24000000 5
3080000 2
13700000 1
70000 5
1180000 1
2290000 1
4510000 1
390000 2
6730000 1
710000 1
15450000 2
6380000 1
3310000 1
14940000 1
4440000 1
240000 2
3630000 1
560000 4
5890000 2
14790000 1
15900000 1
1200000 1
4779590000 1
2350000 1
1520000 5
13170000 1
4100000 1
12700000 1
1390000 2
9950000 1
580000 62
5910000 1
9140000 1
4910240000 1
2030000 1
7320000 1
10570000 1
110000 1
2330000 1
430000 2
12000000 1
7960000 1
28010000 1
1860000 1
9310000 1
11530000 1
11590000 1
8520000 1
280000 3
12960000 1
11910000 1
2540000 1
14090000 1
43570000 1
600000 14
6980000 1
24100000 1
130000 2
5360000 1
7940000 1
2474340000 1
11270000 1
13450000 1
3336800000 1
16010000 81
300000 3
1430000 2
3159790000 1
8860000 1
620000 2
5060000 1
11400000 1
940000 1
10610000 1
150000 1
6490000 1
4906010000 1
13470000 1
4120000 1
