0 15382411
80000 1
400000 1
480000 1
560000 6
640000 2
15420000 1
800000 1
8150000 1
3140000 1
1040000 1
10000 428367
15980000 1
410000 1
12020000 1
133660000 1
490000 1
570000 5
28900000 1
730000 1
2830000 1
810000 1
20000 21300
133170000 1
20010000 1
180000 1
15890000 1
260000 2
16050000 1
12860000 1
420000 1
12010000 5
580000 33
12090000 1
2720000 1
660000 1
132920000 1
6070000 1
4010000 5
5180000 1
30000 354
190000 1
7293200000 1
7279490000 1
350000 1
590000 105
670000 2
750000 1
7417460000 1
830000 1
40000 11
10620000 1
200000 1
16030000 2
13187640000 1
600000 121
3750000 1
132980000 1
7417570000 1
50000 1
3260000 1
130000 1
210000 2
16020000 23
370000 4
450000 1
1560000 1
610000 60
1640000 1
132830000 1
690000 1
48000000 1
24030000 1
7289820000 1
4753230000 1
7418930000 1
220000 1
16010000 47
380000 1
540000 1
620000 17
780000 2
13190610000 1
132880000 1
133040000 1
2290000 1
150000 1
230000 1
16000000 2
390000 3
470000 1
32010000 1
630000 5
24010000 3
