0 1819214
80000 3
160000 2
16960000 1
240000 334
1290000 6
320000 1
720000 3
10000 65
90000 2
170000 5
1200000 2
250000 194
1280000 2
490000 1
730000 1
970000 1
20000 4
1150000 1
180000 3
260000 107
660000 1
900000 1
30000 2
110000 1
20000000 1
190000 8
1220000 1
1300000 2
270000 22
510000 2
750000 2
910000 1
40000 13
120000 1
200000 49
280000 7
1330000 2
440000 3
520000 50
680000 1
920000 2
50000 4
1160000 1
1240000 1
210000 194
290000 3
16020000 1
530000 14
690000 2
770000 1
60000 3
140000 5
220000 343
1270000 1
300000 1
15040000 1
540000 1
700000 2
11480000 1
2070000 1
1100000 1
70000 1
150000 30
1180000 1
230000 374
1260000 1
16000000 2
1340000 1
470000 1
710000 1
