0 13839793
2260000 1
1365500000 1
3390000 1
4462880000 1
480000 3
640000 39
3387500000 1
1447720000 1
800000 1
10000 377
1280000 1
490000 1
650000 57
20000 13
3210000 1
1150000 1
2240000 2
180000 1
1310000 1
340000 1
1630000 1
660000 43
1790000 1
3453750000 1
2250000 1
190000 1
2410000 1
3387330000 1
670000 8
8040000 1
3104850000 1
360000 1
1490000 1
520000 1
8992110000 1
680000 1
1810000 1
4547720000 1
210000 1
1320000 1
1640000 1
2120000 1
60000 1
2280000 1
220000 1
1075110000 1
380000 1
4731580000 1
700000 2
1830000 1
70000 1
3240000 1
230000 1
15130000 1
550000 1
1660000 1
870000 1
1030000 1
1050000 1
2180000 1
80000 2
1450390000 1
400000 4
4102560000 1
1465890000 1
1040000 1
90000 1
1450380000 1
410000 11
3454120000 1
100000 1
260000 1
420000 29
4463140000 1
740000 1
1366040000 1
2330000 2
430000 36
750000 3
1090000 1
4732290000 1
120000 1
280000 2
440000 24
4547320000 1
2050000 1
130000 1
1240000 1
290000 1
450000 6
3820000 1
1720000 1
3030000 1
2040000 1
3170000 1
1365520000 1
300000 1
1448430000 1
460000 4
620000 3
1750000 1
4102010000 1
1450160000 1
1365370000 1
150000 1
1075020000 1
1260000 1
310000 1
470000 4
630000 9
3453620000 1
4463510000 1
790000 1
