0 8026546
80000 1308
160000 78
240000 40
320000 28
400000 23
560000 22
640000 2
10000 77131
90000 145
170000 85
1185070000 1
250000 48
330000 34
410000 10
570000 16
650000 2
730000 1
20000 26800
100000 129
180000 66
260000 38
340000 30
420000 8
580000 16
660000 2
883920000 1
30000 14336
110000 128
190000 50
270000 33
350000 31
430000 3
510000 10
590000 17
670000 1
40000 6248
120000 99
200000 69
280000 38
360000 40
997550000 1
440000 2
520000 20
600000 8
1072340000 1
50000 4195
130000 85
210000 60
290000 31
370000 50
450000 1
530000 29
610000 5
770000 1
824040000 1
60000 3335
824200000 1
140000 101
220000 42
300000 36
380000 53
540000 27
620000 4
1058630000 1
940000 1
70000 4040
150000 79
230000 52
310000 26
390000 37
550000 29
630000 2
986510000 1
