0 25486036
4200000 1
1130000 1
32790000 1
6780000 1
640000 4
4030000 1
37630000 1
960000 2
7420000 1
170000 1
1280000 1
233110000 1
1600000 1
20000 35
1150000 1
4540000 1
340000 2
2560000 1
660000 2
980000 1
20000000 1
6610000 1
11920000 1
510000 3
830000 2
13690000 1
9570000 1
360000 6
4704340000 1
2940000 1
1000000 1
7700000 1
2470000 1
8930000 1
530000 5
11190000 1
850000 3
60000 4
380000 2
1510000 1
700000 4
1020000 1
3240000 1
20040000 1
12750000 1
230000 2
1340000 1
14970000 1
4670000 1
550000 11
1660000 1
26860000 1
80000 4
3296960000 1
400000 1
1530000 1
2660000 2
13160000 1
42560000 1
720000 3
44010000 1
6390000 1
250000 3
11860000 1
2510000 1
13010000 1
570000 180
1680000 1
890000 2
14760000 1
1044620000 1
5157080000 1
420000 6
740000 6
1870000 2
1006450000 1
2490000 1
590000 33
6820000 1
3830000 1
760000 4
1890000 1
1080000 1
3340000 1
290000 1
2550000 1
610000 3
3980000 1
930000 1
54660000 1
140000 3
3490000 1
780000 9
56430000 1
16000000 8
2530000 1
630000 2
3960000 2
11630000 1
1290000 1
9690000 1
2420000 1
13080000 1
3870000 1
800000 5
10000 310
1120000 1
330000 1
650000 1
1760000 1
970000 2
180000 2
3530000 1
820000 1
30000 4
350000 3
670000 1
5980000 1
990000 2
2140000 1
379820000 1
520000 3
10050000 1
1650000 1
5111340000 1
13360000 1
3100000 1
50000 4
370000 3
3740000 1
690000 2
10200000 1
6240000 1
1010000 1
2120000 1
220000 1
1044660000 1
540000 7
1670000 1
860000 2
24000000 7
1990000 1
70000 1
40010000 1
1180000 1
7520000 1
2290000 1
390000 1
1500000 1
5085180000 1
21630000 1
710000 4
1030000 2
3310000 1
1370000 1
560000 76
880000 1
3140000 1
1200000 1
410000 3
1520000 1
6870000 1
7980000 1
20580000 1
1087090000 1
730000 3
2160000 1
1070000 1
260000 2
5590000 1
580000 111
1710000 1
2800000 1
900000 1
7320000 1
1044630000 1
430000 3
12000000 1
1540000 1
7960000 1
750000 11
241220000 1
280000 1
2540000 1
600000 5
7620000 1
1056180000 1
70700000 1
45660000 1
770000 10
1880000 1
1110000 1
2200000 1
4420000 1
16010000 1
300000 2
32000000 1
620000 3
150000 3
4705200000 1
2370000 1
16480000 1
7130000 1
790000 8
