1050000 3231
1130000 5
1210000 1
1290000 2
3630000 1
1930000 1
5160000 1
1040000 301
1120000 3
1200000 2
1280000 1
1520000 1
1070000 770
1150000 4
1230000 5
1310000 1
1390000 1
1060000 50545
1140000 4
1220000 1
1300000 1
1380000 1
1460000 1
1090000 21
1170000 4
1330000 2
1490000 1
1890000 1
1000000 3
1080000 82
1160000 2
1240000 2
1320000 1
1400000 1
4970000 1
30090000 1
1010000 106
1110000 7
1190000 2
1270000 3
5550000 1
1350000 1
5950000 1
1020000 254
1100000 3
1180000 3
1340000 1
1420000 2
1030000 307
