0 8454284
1130000 1
14860000 2
15990000 4
320000 50
24390000 1
12920000 1
14050000 2
1450000 1
5650000 1
6780000 1
7910000 1
640000 2
13240000 2
14370000 2
15500000 1
4030000 1
13560000 1
14710000 1
170000 1
490000 16
8890000 1
14200000 1
810000 1
10320000 1
15670000 1
8380000 1
20000 32
4220000 1
1150000 2
3370000 1
7570000 1
340000 94
1470000 3
16290000 2
660000 2
4860000 1
5990000 1
1790000 1
15480000 1
8210000 1
20000000 13
11600000 1
4390000 1
1300000 1
12790000 1
510000 9
14220000 1
10020000 1
19850000 1
12560000 1
16760000 1
40000 7
13690000 1
6420000 1
360000 146
1490000 1
13200000 1
12150000 2
680000 1
1810000 1
21920000 1
1000000 1
14990000 1
16100000 1
20380000 1
3580000 1
530000 6
16420000 2
3900000 1
12300000 1
1960000 1
60000 1
380000 96
15120000 1
7850000 1
16250000 1
700000 1
12450000 1
1020000 2
1340000 1
33830000 1
5780000 1
550000 4
12280000 2
24010000 8
1980000 1
3150000 1
13650000 1
1210000 1
15910000 1
12840000 1
2340000 1
1048960000 1
1691730000 1
400000 128
12030000 1
7990000 1
20590000 1
14290000 1
720000 1
14610000 1
10410000 1
1040000 1
22040000 1
28340000 1
250000 1
14950000 1
1360000 1
21250000 1
1450700000 1
570000 64
4770000 1
16380000 2
5880000 1
3940000 1
1230000 1
2320000 1
7650000 1
420000 40
17220000 1
12010000 2
3770000 2
740000 1
8290000 1
4090000 1
1060000 5
17860000 1
8510000 1
3280000 1
270000 1
1380000 2
2490000 1
1352020000 1
13030000 1
9940000 1
20400000 1
16360000 4
590000 6
11370000 1
14740000 1
120000 1
5370000 1
13930000 1
440000 15
24750000 1
16510000 1
290000 7
16020000 3
1400000 1
3660000 1
610000 1
9170000 1
3980000 1
16660000 1
2040000 1
14720000 1
140000 2
1270000 1
25500000 1
460000 14
12050000 2
7930000 1
1910000 1
1100000 2
1039200000 1
11560000 1
12670000 1
16000000 156
310000 12
11880000 1
1420000 3
14100000 2
15210000 2
630000 1
8080000 2
3960000 1
14420000 1
2100000 1
7750000 1
480000 9
27940000 1
12270000 1
3870000 1
16470000 1
800000 1
1679690000 1
10000 2035
1120000 2
13720000 2
15980000 1
330000 77
1440000 4
16300000 1
2910000 1
2080000 1
20010000 19
180000 2
3530000 1
11930000 1
16130000 1
500000 9
10030000 1
11120000 1
14230000 2
5020000 1
1950000 2
14550000 1
8370000 1
30000 4
1140000 1
3360000 1
350000 113
1460000 1
40370000 1
10970000 1
2570000 1
7880000 1
16280000 2
670000 1
34270000 1
16600000 1
990000 1
12720000 1
1330000 2
3590000 1
1467390000 1
20390000 1
520000 2
8030000 1
4960000 1
12310000 1
3910000 1
1970000 1
5280000 1
15940000 1
370000 115
14000000 2
5600000 1
1480000 2
1800000 1
34290000 1
1010000 1
15770000 1
220000 1
1350000 2
2440000 1
540000 6
5790000 4
12290000 1
24000000 4
3080000 1
5300000 1
390000 114
5620000 1
16240000 1
3720000 1
710000 1
1820000 1
5150000 1
1030000 6
1050000 4
18980000 1
240000 1
16070000 1
3630000 1
560000 5
16390000 6
4290000 1
9760000 1
12850000 1
19150000 1
20260000 1
410000 107
16220000 1
14280000 1
6040000 2
1840000 1
2990000 1
10400000 1
1070000 2
5270000 1
260000 2
10720000 1
16050000 1
1390000 2
18190000 1
3610000 1
14150000 1
580000 54
4780000 1
16370000 3
11360000 1
32360000 1
15560000 1
110000 1
15880000 1
1220000 1
430000 24
15090000 1
13190000 1
750000 3
28010000 2
4080000 1
8280000 1
14620000 1
2220000 1
4400000 2
280000 4
1410000 1
6660000 1
16350000 1
11100000 1
5040000 1
4250000 1
14750000 1
130000 2
1240000 1
15860000 1
2390000 1
4570000 1
9800000 1
450000 9
3820000 1
4140000 1
1110000 1
3330000 1
13790000 1
16010000 207
300000 8
1430000 1
16330000 2
620000 1
13300000 1
8090000 1
3970000 1
5060000 1
5380000 1
1260000 2
13940000 1
9820000 1
3480000 1
470000 8
12040000 1
14260000 2
4910000 1
15370000 1
6020000 1
1900000 1
15690000 1
