0 11777838
2100000 1
4200000 1
320000 1
480000 1
2580000 1
560000 2
2740000 1
1770000 1
800000 1
2900000 1
4030000 2
880000 5
4110000 1
10000 74
3150050000 1
10590000 1
250000 1
2350000 1
330000 1
2670000 1
810000 1
1840000 1
4100000 2
7852730000 1
3070000 1
4180000 1
20000 4
2160000 1
420000 1
2560000 1
1630000 1
2986130000 1
5020000 1
900000 1
30000 3
4230000 1
110000 1
3280000 1
350000 2
430000 2
510000 9
2570000 1
3840000 1
830000 3
2890000 1
910000 1
4160000 1
40000 4
14980000 1
440000 1
2540000 3
520000 13
7878530000 1
4880000 1
3910000 1
7857690000 1
840000 2
1890000 2
2940000 1
3990000 1
50000 1
2310000 1
290000 2
450000 1
530000 16
2630000 1
11110000 1
1720000 1
1800000 1
850000 7
930000 1
1110000 1
16010000 1
2520000 1
2600000 1
540000 4
1590000 1
860000 16
24000000 1
4130000 1
1180000 2
2290000 1
16000000 3
6730000 1
2530000 1
2610000 2
550000 1
1580000 1
710000 1
5940000 1
1900000 1
870000 10
7290000 1
11490000 1
