0 4568872
15990000 5
6620000 1
8720000 1
480000 1
3710000 1
640000 1
2900000 1
10000 1453
170000 1
15980000 1
1440000 1
3700000 1
650000 1
1760000 1
6280000 1
20000 10
8420000 1
20010000 2
340000 1
3530000 2
4700000 2
500000 1
15320000 2
2720000 1
1950000 1
12570000 1
30000 2
20000000 1
2250000 1
15960000 1
6610000 1
15010000 1
350000 1
15170000 1
8040000 1
830000 1
2140000 1
15950000 1
14010000 1
5610000 1
520000 1
50000 1
3260000 1
4330000 1
2310000 1
530000 1
690000 1
10458400000 1
60000 1
12740000 1
6560000 1
380000 2
1670000 1
12130000 1
4820000 1
8010000 2
15920000 1
40010000 1
8630000 1
3400000 1
8790000 1
10060000 1
2770000 1
24010000 3
1050000 1
2180000 2
400000 2
19300000 1
7990000 1
720000 3
1850000 1
13480000 1
880000 1
2010000 1
1040000 1
13960000 1
10910000 1
570000 8
14280000 1
24780000 1
15590000 1
8300000 1
4460000 1
1390000 1
2480000 1
580000 25
11040000 1
21580000 1
14310000 1
1870000 1
900000 1
3120000 1
5260000 1
590000 27
910000 1
9761030000 1
15870000 1
16030000 1
600000 14
760000 1
920000 1
5200000 1
12810000 1
6510000 1
290000 1
16020000 1
450000 2
610000 5
2710000 1
3980000 1
34370000 1
6160000 1
1110000 1
140000 2
16010000 18
11890000 1
620000 1
7930000 1
12210000 1
7120000 1
16000000 22
310000 2
4590000 1
470000 3
8870000 1
1740000 1
2850000 1
25040000 1
