0 26756922
40000 1
320000 2
4793430000 2
280000 1
3542460000 1
1149600000 1
360000 2
520000 22
560000 4
883620000 1
883660000 1
3827130000 1
10000 44
130000 1
5242060000 1
5242020000 1
290000 1
330000 4
370000 1
3411440000 1
490000 1
530000 9
2643330000 2
3410890000 1
60000 1
20000 4
8181000000 1
300000 1
340000 3
380000 1
500000 22
4844860000 1
540000 2
883680000 1
3826990000 1
3410860000 1
70000 2
150000 1
230000 1
310000 1
4793400000 1
350000 3
3542490000 1
510000 38
4962470000 1
550000 1
2643350000 1
