0 24582522
3567300000 1
1290000 1
1450000 1
640000 11
10000 326
2110000 1
1120000 1
490000 2
1600000 3
650000 21
1760000 1
1920000 1
18739820000 1
3128860000 1
20000 251
1150000 1
180000 2
340000 1
660000 30
3682290000 1
30000 70
190000 1
1300000 1
510000 2
1620000 1
3682120000 1
670000 9
1414150000 1
830000 1
40000 16
1674650000 1
520000 1
3128510000 1
680000 3
840000 1
18739790000 1
3100000 1
50000 5
370000 1
1480000 1
1416030000 1
530000 1
690000 2
850000 1
1675440000 1
5470000 1
5082810000 1
1350000 1
380000 1
1830000 1
860000 3
1416480000 1
3883850000 1
1416640000 1
70000 1
1180000 1
3150000 1
240000 1
3569640000 1
400000 3
3682070000 1
1690000 2
1393200000 1
880000 1
90000 1
410000 14
570000 1
2830000 1
730000 2
1675400000 1
2000000 1
1070000 1
100000 2
1230000 1
420000 20
1870000 1
900000 1
1220000 1
270000 1
430000 20
590000 2
1700000 2
750000 2
910000 1
1250000 1
280000 1
440000 19
1398170000 1
1570000 1
760000 1
14750000 1
290000 2
1276440000 1
1400000 1
450000 6
610000 1
770000 1
1110000 1
140000 2
3129180000 1
300000 1
16010000 1
1430000 1
460000 1
1590000 1
3568040000 1
780000 1
1910000 1
150000 1
1260000 1
16000000 1
310000 2
630000 1
1740000 1
