0 1839702
1130000 1
20030000 1
13810000 1
1290000 1
400000 1
560000 7
2980000 1
11380000 1
10000 94
1200000 2
570000 23
1760000 1
810000 3
20000 5
1230000 1
580000 40
740000 1
9140000 1
32520000 1
1140000 1
1220000 1
3360000 1
430000 1
590000 14
670000 1
3750000 1
760000 2
13600000 1
50000 1
15860000 1
610000 1
770000 1
850000 1
3170000 1
1190000 1
1270000 1
300000 1
16010000 1
1430000 1
7770000 1
28850000 1
620000 2
1670000 1
700000 1
780000 2
12530000 1
1100000 1
1180000 1
13780000 1
16000000 3
550000 2
1660000 1
710000 1
790000 1
