0 4327749
13730000 5
108390000 1
1450000 119
15180000 4
28910000 1
42640000 1
2900000 35
16630000 65
1755130000 1
30360000 2
18080000 3
1682130000 1
10830000 2
5800000 11
179940000 1
1732020000 1
1799220000 1
9168700000 1
53470000 1
62170000 1
23880000 1
9380000 2
11600000 3
1380070000 1
29590000 1
17310000 2
1683580000 1
19530000 1
1783270000 1
763080000 1
5030000 22
7250000 16
55690000 1
15950000 7
26690000 1
680000 6359
28140000 2
5120000 19
32580000 1
8610000 8
3580000 28
36070000 1
13050000 3
8020000 15
51250000 1
11510000 8
20980000 1
20210000 5
22430000 1
24650000 7
360650000 1
2130000 70
1782590000 1
1387320000 1
4350000 28
6570000 11
10060000 5
12280000 4
14500000 3
16720000 102
36750000 2
44180000 1
24470000 2
31900000 1
38200000 1
1416140000 1
39650000 1
6390000 18
1360000 165
27550000 2
33850000 1
1379300000 1
15270000 4
21570000 2
9164260000 1
10240000 3
9470000 10
11690000 8
17220000 2
19440000 2
1783180000 1
198790000 1
4940000 26
1731930000 1
18670000 4
7160000 17
20890000 2
26100000 1
28320000 2
13820000 3
16040000 114
48530000 1
590000 7131
2810000 40
1653310000 1
23020000 2
1690240000 1
32670000 1
1684260000 2
46400000 1
43410000 1
25330000 1
29770000 1
19350000 6
23790000 2
28230000 1
2040000 63
4260000 21
6480000 14
1270000 186
8700000 9
1389630000 1
3490000 39
10920000 8
5710000 17
13140000 4
7930000 9
865670000 1
10150000 6
15360000 4
12370000 6
14590000 5
1463810000 1
17900000 1
1733380000 1
20120000 1
22340000 2
24560000 6
26780000 1
9293130000 1
6300000 13
33760000 1
7750000 13
22610000 1
9200000 12
24060000 1
16810000 29
1783090000 1
12100000 6
4850000 20
26960000 1
19710000 1
28410000 1
12780000 8
15000000 4
500000 7342
2720000 46
14230000 5
16450000 41
1950000 93
4170000 25
8430000 9
43140000 1
10650000 2
30540000 1
32760000 3
45360000 1
18260000 2
20480000 2
26190000 1
23380000 1
20390000 3
1682720000 1
9880000 7
2630000 39
1387820000 1
37340000 1
14320000 6
7070000 16
21930000 2
15770000 6
32080000 1
29090000 1
1180000 211
3400000 27
5620000 25
7840000 8
40330000 1
9110000 3
9173550000 1
11330000 5
13550000 6
3310000 39
10740000 3
18170000 1
259510000 1
4760000 19
12190000 9
27050000 1
6210000 13
13640000 4
28500000 2
7660000 17
764800000 1
410000 9737
22520000 3
878360000 1
16540000 47
9290000 5
30630000 1
52110000 2
61760000 1
12870000 3
15090000 7
21750000 3
1860000 67
4080000 19
1090000 179
8520000 5
5530000 17
12960000 2
2540000 51
9970000 8
17400000 2
6980000 11
14410000 4
1800080000 1
3990000 30
21840000 1
11420000 4
18850000 2
26280000 1
15860000 3
30720000 1
20300000 7
264810000 1
24740000 7
29180000 2
33580000 2
1685530000 1
21070000 2
32170000 1
359290000 1
12600000 3
320000 18340
14050000 6
1715070000 1
1770000 93
15500000 2
3220000 29
23430000 1
18400000 2
11150000 4
6120000 16
33620000 1
5350000 20
7570000 6
1655120000 1
879720000 1
9700000 6
11920000 5
53920000 1
29910000 1
32130000 2
41640000 1
17630000 2
19850000 1
14820000 6
11830000 3
25560000 1
16270000 32
1379750000 1
1000000 238
35750000 1
28460000 2
5440000 15
8930000 5
3900000 30
13370000 5
8340000 12
16860000 2
19080000 3
23520000 2
18310000 3
20530000 4
22750000 1
230000 21544
42230000 1
2450000 43
4670000 28
6890000 12
206270000 1
10380000 5
23340000 1
39330000 1
99420000 1
40780000 1
12690000 10
18990000 4
175180000 1
6710000 12
1680000 112
27870000 1
36430000 2
764170000 1
15590000 2
9166840000 1
10560000 6
9790000 11
12010000 10
19760000 4
5260000 18
7480000 18
26420000 1
28640000 2
14140000 1
37200000 2
16360000 50
477880000 1
910000 292
3130000 40
763400000 1
43090000 1
31540000 1
28550000 1
32990000 1
44540000 1
763310000 1
14910000 3
21210000 1
1379660000 1
38650000 1
879630000 1
361650000 1
24110000 5
140000 33215
2360000 39
4580000 32
6800000 11
1590000 98
9020000 4
3810000 39
11240000 6
6030000 13
13460000 6
8250000 9
10470000 9
851710000 1
18220000 2
20440000 1
768610000 1
20030000 3
6620000 15
21480000 1
36340000 1
8070000 9
22930000 1
9520000 10
2270000 48
44270000 1
69470000 1
24380000 3
17130000 1
1643660000 1
12420000 6
5170000 13
361060000 1
28730000 1
13100000 5
15320000 5
820000 976
3040000 47
14550000 5
16770000 25
52650000 2
8750000 4
30860000 2
10970000 3
18580000 1
38470000 1
40690000 1
20800000 2
7390000 9
19260000 2
128460000 1
23700000 1
1389040000 1
20710000 4
50000 169796
31630000 1
9166750000 1
4490000 17
41460000 1
10200000 9
2950000 40
17810000 2
14640000 2
11650000 6
13870000 4
16090000 63
1711900000 1
27960000 2
27190000 1
32400000 1
1783540000 1
866210000 1
1500000 98
3720000 30
5940000 16
8160000 7
9430000 6
2180000 66
9610000 4
17040000 1
3630000 39
11060000 7
1643750000 1
18490000 1
5080000 25
12510000 5
19940000 1
54690000 1
13960000 6
7980000 6
730000 5282
22840000 1
37700000 1
22070000 3
24290000 7
29500000 1
40600000 1
4310000 24
6530000 16
1732470000 1
1734690000 1
34030000 1
13190000 1
15410000 2
1463760000 1
4400000 16
1410000 135
8840000 14
5850000 16
13280000 5
1656390000 1
2860000 43
10290000 5
17720000 1
1738450000 1
7300000 7
22160000 3
11740000 4
26600000 2
16180000 36
31040000 1
20620000 3
234090000 1
14730000 5
16950000 1
21390000 2
23610000 2
25830000 1
25200000 1
12920000 5
40380000 1
640000 8442
14370000 4
28100000 1
2090000 60
15820000 5
8570000 9
36030000 1
3540000 32
31000000 1
23750000 1
18720000 1
11470000 7
4220000 25
17950000 2
6440000 11
20170000 2
5670000 10
357020000 1
7890000 8
61360000 1
46860000 1
34580000 1
22300000 4
24520000 4
10020000 8
12240000 2
32450000 1
13690000 6
866220000 1
10700000 5
15140000 8
12150000 5
25880000 1
16590000 53
23070000 1
1320000 162
5760000 13
28780000 1
33220000 2
9250000 5
43190000 1
17180000 1
19400000 3
21620000 4
20850000 2
31770000 1
550000 6857
2770000 40
35260000 2
4990000 17
7210000 12
15910000 3
831690000 1
1711760000 1
23660000 2
25110000 1
32540000 1
25290000 1
19310000 4
13010000 5
7030000 17
2000000 107
1387370000 1
1230000 218
8660000 10
3450000 36
10880000 6
10110000 3
12330000 5
20080000 2
38070000 1
5580000 13
7800000 13
14460000 2
16680000 75
1415500000 1
30410000 1
19990000 3
27420000 1
24430000 5
35170000 1
33310000 1
36620000 1
6350000 14
10790000 8
17090000 4
15230000 2
25970000 1
1379940000 1
460000 7338
1650960000 1
2680000 38
4900000 14
7120000 11
1910000 77
9340000 7
4130000 25
11560000 4
355480000 1
13780000 3
16000000 7
20760000 3
18900000 2
32630000 2
5490000 19
60090000 1
20350000 3
6940000 14
894120000 1
21800000 1
14870000 3
902050000 1
42330000 1
9840000 9
1431720000 1
2590000 57
24700000 3
17450000 2
679620000 1
13420000 2
15640000 3
21030000 2
1140000 192
1736590000 1
23250000 1
3360000 32
35850000 1
1652910000 1
9070000 5
11290000 4
1651550000 1
3270000 30
21120000 2
9167710000 1
18130000 1
47450000 1
7710000 14
22570000 1
19580000 4
102450000 1
24020000 6
370000 12744
4810000 20
10520000 5
12740000 7
50620000 1
9750000 7
14960000 2
11970000 10
14190000 2
16410000 37
30500000 2
1820000 80
4040000 18
6260000 16
1050000 183
8480000 14
2500000 53
9930000 7
17360000 3
1662650000 1
3950000 19
11380000 6
18810000 1
26240000 1
5400000 13
37890000 1
357880000 1
20260000 3
14280000 4
46770000 1
1690100000 1
8300000 9
15730000 1
23160000 3
42420000 1
24610000 2
32040000 1
43870000 1
1734370000 1
25470000 4
4630000 19
27690000 1
6850000 11
13510000 7
60860000 1
280000 26530
1733690000 1
4720000 19
1730000 112
9160000 9
6170000 17
13600000 3
3180000 32
35670000 1
7620000 2
22480000 1
12060000 6
16500000 45
20940000 2
28370000 1
8390000 5
10610000 6
45320000 1
12830000 4
15050000 1
17270000 2
19490000 2
21710000 4
11790000 3
53790000 1
25520000 1
13240000 5
26970000 2
960000 232
893490000 1
21170000 3
16140000 49
8890000 5
3860000 36
31320000 1
24070000 3
16820000 17
30550000 1
19040000 1
32770000 1
4540000 33
18270000 4
6760000 12
20490000 1
5990000 17
36480000 1
8210000 15
14690000 3
190000 21887
2410000 46
24840000 3
10340000 3
12560000 3
9570000 8
14010000 5
11020000 5
15460000 3
12470000 7
18950000 1
1640000 89
6080000 12
5310000 16
7530000 7
49530000 1
1415230000 1
17500000 1
236710000 1
19720000 4
21940000 1
25430000 1
870000 313
3090000 37
7350000 10
21080000 1
14780000 2
1415820000 1
16230000 33
22530000 2
44500000 1
1684620000 1
4450000 28
13330000 6
19630000 2
1788800000 1
100000 47527
2320000 59
1550000 92
8980000 9
3770000 32
11200000 3
1777160000 1
10430000 8
18180000 1
20400000 4
5900000 19
8120000 6
29280000 3
23300000 1
34850000 1
20310000 3
24750000 4
36300000 2
1712120000 1
29190000 1
12650000 5
2230000 56
6670000 9
11110000 9
17410000 1
54380000 1
15550000 3
1739080000 1
780000 1919
3000000 29
865990000 1
5220000 13
7440000 15
9660000 6
11880000 7
14100000 4
16320000 46
1378850000 1
18860000 2
4360000 22
19220000 2
5810000 9
920130000 1
20670000 7
7260000 8
10000 749908
22120000 4
36980000 2
1380210000 1
15190000 2
902370000 1
10160000 7
2910000 46
25020000 1
17770000 2
11610000 7
39110000 1
827750000 1
27150000 2
13740000 7
1654810000 1
15960000 6
1747210000 1
1460000 138
3680000 29
1734140000 1
9390000 10
2140000 62
17000000 4
6580000 7
3590000 33
18450000 3
8030000 13
50030000 1
272390000 1
22890000 3
19900000 1
24340000 6
690000 6021
5130000 20
1403000000 1
8620000 7
10840000 5
1671800000 1
13060000 6
10070000 5
15280000 3
12290000 4
14510000 4
764300000 1
68060000 1
16730000 69
9163720000 1
72500000 1
28600000 2
33990000 1
36210000 1
1640040000 1
56780000 1
1370000 152
8800000 8
9165080000 1
2820000 47
10250000 4
11700000 5
384070000 1
5720000 14
1681540000 3
20580000 2
35440000 1
14600000 3
13830000 4
16050000 89
23480000 1
43550000 1
22710000 1
1683670000 1
24930000 1
32360000 1
16910000 2
19130000 1
47900000 1
4950000 14
28010000 1
7170000 10
600000 7159
5040000 24
2050000 63
9480000 10
262310000 1
13920000 4
3500000 27
48670000 1
18360000 2
7940000 12
12380000 7
27240000 1
22030000 2
24250000 1
26470000 1
28690000 2
36120000 4
33130000 1
9347640000 1
42780000 1
4270000 32
6490000 11
8710000 10
10930000 4
13150000 7
17590000 1
10660000 5
1655950000 1
24390000 1
12110000 13
25840000 2
13560000 7
6310000 12
41020000 1
1280000 176
33770000 1
776210000 1
1379220000 1
61230000 1
28740000 1
21490000 1
16460000 38
9210000 6
43920000 1
4180000 20
36670000 2
43150000 1
17140000 4
19360000 1
33090000 2
4860000 22
7080000 7
20810000 2
27290000 1
12790000 5
15010000 4
510000 6940
2730000 45
22940000 2
25160000 2
8440000 8
12880000 12
9890000 6
40340000 1
14330000 3
11340000 6
55520000 1
15780000 1
126210000 1
1960000 74
34450000 1
9233600000 1
6400000 6
1190000 194
3410000 41
5630000 17
7850000 6
901570000 1
17820000 2
20040000 7
382820000 1
22260000 2
24480000 4
25750000 1
27970000 2
1447870000 1
19950000 2
13650000 5
27380000 2
7670000 7
15100000 8
21400000 1
16550000 37
22850000 1
30280000 2
36580000 2
24300000 4
10750000 6
17050000 2
4770000 20
25930000 1
420000 9268
2640000 59
1870000 88
55340000 1
9300000 6
4090000 25
11520000 5
18500000 4
20720000 1
6220000 18
784320000 1
15870000 2
22170000 1
19180000 2
31050000 1
8530000 14
43240000 1
12970000 6
2550000 52
37260000 1
6990000 14
11430000 5
1712140000 1
1100000 185
33590000 1
1684090000 1
1389460000 1
100790000 1
3320000 43
5540000 15
7760000 13
9980000 5
42470000 1
12200000 9
14420000 2
16640000 56
3230000 36
31820000 1
4680000 24
19540000 2
6130000 17
12610000 14
7580000 8
40070000 1
330000 17698
15510000 5
1787610000 1
10480000 7
30370000 1
9710000 6
11930000 3
26020000 1
1683910000 1
28240000 1
1660120000 1
14060000 3
46550000 1
16280000 32
48770000 1
21670000 1
1780000 87
23890000 2
68980000 1
36490000 1
4000000 31
877510000 1
58600000 1
32590000 1
5450000 14
2460000 53
6900000 8
3910000 26
21760000 1
8350000 7
877600000 1
639750000 1
25250000 1
14830000 4
245590000 1
20220000 4
24660000 8
28150000 2
1010000 215
37170000 2
8940000 14
39390000 1
11160000 5
1755030000 1
13380000 7
10390000 7
15600000 4
26700000 2
59190000 1
28920000 1
161620000 1
240000 24028
47410000 1
41430000 1
1690000 99
9120000 8
3140000 29
18000000 1
12020000 10
145310000 1
26880000 2
6040000 7
20900000 1
5270000 12
12700000 10
7490000 9
14920000 1
14150000 4
16370000 41
21580000 1
36400000 3
23030000 1
10570000 5
32680000 3
17230000 6
19450000 1
26110000 2
60050000 1
58510000 1
920000 265
5360000 13
9800000 8
1387740000 1
14240000 2
3820000 37
182240000 1
18680000 1
8260000 6
23120000 1
17910000 2
25340000 2
20130000 1
27560000 1
22350000 1
24570000 3
880410000 1
150000 29677
2370000 57
4590000 22
6810000 10
9030000 7
11250000 11
13470000 7
45960000 1
15690000 5
37800000 1
9530000 4
23260000 2
10980000 7
24710000 10
1712000000 1
1683730000 1
12430000 6
13880000 4
1638190000 1
6630000 9
1600000 104
36350000 1
21810000 2
1655630000 1
17460000 1
31190000 1
19680000 2
5180000 11
7400000 13
25390000 1
13110000 3
15330000 3
1681600000 2
830000 681
3050000 30
68030000 1
763480000 1
40020000 1
8760000 8
1799840000 1
13200000 5
10210000 6
14650000 5
785360000 1
11660000 7
16100000 47
26840000 1
19590000 3
1379580000 1
86790000 1
31280000 1
24030000 1
60000 84493
30510000 1
2280000 42
4500000 32
6720000 12
1510000 103
3730000 33
1463410000 1
5950000 16
8170000 6
18140000 2
20360000 4
1834420000 1
22580000 2
35580000 1
28290000 1
1388280000 1
26250000 2
6540000 12
13970000 8
7990000 4
1735020000 1
21720000 3
15420000 4
2190000 65
30600000 2
24620000 2
11070000 4
17370000 3
5090000 21
48040000 1
1636830000 1
384040000 1
740000 3939
2960000 35
63900000 1
23170000 1
9620000 5
11840000 6
29830000 1
32050000 1
18820000 3
14740000 6
18050000 1
11750000 5
16190000 31
34040000 1
22490000 2
19500000 2
26930000 1
879460000 1
38480000 2
31370000 1
20950000 1
67170000 1
4410000 27
8850000 12
13290000 7
825900000 1
2870000 39
45820000 1
7310000 13
1386920000 1
1420000 138
3640000 22
5860000 15
8080000 10
10300000 8
12520000 3
51350000 1
2100000 72
15830000 6
16960000 2
3550000 26
5000000 17
212740000 1
19860000 3
12930000 5
7900000 10
1713950000 1
27790000 1
650000 8715
22760000 2
24210000 3
877830000 2
8580000 13
10800000 10
38300000 1
10030000 6
12250000 8
4230000 23
746670000 1
6450000 11
28560000 2
33950000 1
14380000 3
16600000 59
4320000 19
28470000 3
1330000 157
5770000 21
776480000 1
2780000 47
44780000 1
17640000 2
7220000 14
10710000 7
15150000 1
20540000 2
1682100000 1
36850000 1
1800020000 1
9260000 7
1402870000 1
16870000 3
13700000 4
15920000 7
19090000 2
21310000 1
23530000 2
357310000 1
1652640000 1
560000 6998
2010000 70
9440000 3
3460000 37
23350000 1
38210000 1
18320000 3
826850000 1
12340000 5
27200000 1
6360000 6
26430000 2
5590000 17
28650000 1
13020000 3
7810000 14
15240000 2
14470000 3
37530000 1
16690000 74
24120000 3
1379990000 1
8670000 6
10890000 8
33000000 1
17550000 2
19770000 2
1659890000 1
383860000 1
31550000 1
1240000 229
5680000 17
1754760000 1
72880000 1
10120000 8
762980000 1
14560000 2
4140000 28
16780000 33
11570000 5
19000000 4
13790000 3
21220000 1
16010000 154
23440000 1
18230000 2
25660000 1
32320000 1
34540000 1
29330000 1
36760000 2
43420000 1
470000 7105
2690000 40
4910000 22
7130000 10
9350000 8
54520000 1
8400000 7
22130000 4
9850000 5
23580000 1
1387790000 1
11300000 7
25030000 1
26480000 2
1791330000 1
14200000 3
6950000 18
1920000 93
367000000 1
1150000 177
3370000 35
30060000 2
32280000 2
20000000 3
5500000 13
7720000 12
1671770000 1
13430000 4
15650000 1
207700000 1
33640000 1
24350000 1
35090000 1
9080000 9
39530000 1
36540000 1
13520000 1
17010000 4
11980000 6
21450000 1
16420000 44
19910000 1
380000 11903
2600000 39
33050000 1
4820000 23
1830000 83
7040000 15
4050000 36
6270000 15
10530000 4
12750000 5
14970000 4
18460000 1
20680000 3
22900000 2
5410000 19
12840000 7
19140000 2
293920000 1
6860000 10
14290000 2
20590000 5
28020000 4
8310000 10
22040000 1
15740000 1
8490000 8
2510000 61
74230000 1
11390000 3
17690000 2
40120000 2
39350000 1
41570000 1
1060000 187
1684130000 1
3280000 45
119770000 1
21270000 2
9940000 7
12160000 5
30150000 1
32370000 2
3190000 33
16920000 1
10620000 6
7630000 7
21360000 2
15060000 3
12070000 8
18370000 1
25800000 3
16510000 37
22810000 1
19820000 1
27250000 1
24260000 2
290000 25307
28700000 2
4730000 17
39440000 1
9170000 3
13610000 7
45330000 1
47550000 1
1740000 90
3960000 29
36450000 1
6180000 21
14700000 5
2420000 53
16150000 48
17280000 1
31010000 1
3870000 32
18730000 1
764240000 1
32460000 1
5320000 10
20180000 2
52670000 1
13250000 5
28110000 2
8220000 6
970000 233
23080000 2
22310000 1
24530000 7
8900000 5
11120000 9
10350000 8
1712180000 1
12570000 10
53440000 1
4550000 20
26660000 1
6770000 8
1732160000 1
27340000 3
200000 20919
4640000 25
28790000 2
1650000 105
1735060000 1
1379590000 1
6090000 11
3100000 28
866230000 2
1799530000 1
7540000 10
22400000 2
11030000 7
15470000 5
50180000 1
20860000 1
9580000 9
11800000 3
14020000 3
17190000 1
16240000 36
19410000 2
21630000 2
23850000 1
32550000 1
880000 332
1711270000 1
14790000 8
1415830000 1
9760000 8
3780000 28
23670000 1
18640000 3
20090000 3
1681050000 1
4460000 22
6680000 12
26750000 1
5910000 21
28970000 1
13340000 2
8130000 12
15560000 3
110000 42649
2330000 61
22220000 2
24440000 2
8990000 12
11210000 2
852230000 1
39940000 1
763560000 1
36950000 1
44380000 1
59240000 1
53260000 1
1560000 108
6000000 23
358480000 1
10440000 4
7450000 13
12660000 11
9670000 10
14880000 2
17100000 4
11890000 4
19320000 1
14110000 5
21540000 1
16330000 43
23760000 1
20770000 2
28200000 2
30420000 2
32640000 1
1734970000 1
790000 1832
3010000 36
35500000 1
5230000 23
21000000 3
8720000 10
22450000 2
825950000 1
10170000 4
52170000 1
11620000 8
4370000 29
31830000 1
26800000 1
19550000 1
14520000 7
7270000 10
20000 194163
13750000 2
2240000 61
44240000 1
15970000 4
1470000 117
3690000 33
30380000 1
20320000 1
878140000 1
5820000 19
8040000 8
26030000 1
34770000 1
23220000 2
20230000 5
826720000 1
36220000 1
24670000 6
40660000 1
9400000 6
2150000 54
13840000 1
6590000 13
17330000 6
12300000 5
21770000 1
16740000 58
776020000 1
27480000 1
26710000 1
700000 6344
2920000 38
5140000 19
7360000 11
8630000 14
355720000 1
10850000 6
13070000 4
15290000 3
18780000 4
4280000 22
11710000 8
355630000 1
18010000 1
5730000 20
13160000 7
7180000 10
20910000 1
28340000 1
16060000 65
8810000 11
340450000 1
2830000 43
32690000 1
48680000 1
1379450000 1
47910000 1
1380000 147
3600000 29
1754900000 1
21590000 2
10260000 3
9166540000 1
792560000 1
12480000 4
9490000 6
6500000 19
13930000 3
3510000 39
10940000 7
7950000 10
15380000 3
21680000 1
12390000 5
18690000 1
26120000 2
952170000 1
1732250000 1
20140000 3
172410000 1
24580000 5
610000 7141
5050000 20
1380900000 1
33910000 2
902110000 1
36130000 1
865820000 1
2060000 70
28430000 2
1290000 191
15020000 9
29880000 1
2740000 43
16470000 36
4190000 24
10670000 7
32780000 1
25530000 2
5640000 10
20500000 2
55250000 1
13570000 6
24850000 1
9220000 5
11440000 7
16830000 13
19050000 1
41160000 1
1379360000 1
4870000 20
46870000 1
7090000 6
246170000 1
29200000 1
15790000 5
520000 6665
32100000 1
4960000 24
1970000 84
8450000 6
3420000 35
12890000 5
18280000 1
7860000 10
22720000 1
11350000 4
26210000 1
24170000 1
6410000 10
9900000 6
12120000 6
14340000 5
17510000 2
16560000 45
19730000 4
21950000 1
61140000 1
40300000 1
55160000 2
1653280000 1
56610000 1
21090000 1
1200000 194
35950000 1
15110000 4
10080000 6
4100000 20
18960000 2
18190000 1
20410000 2
4780000 15
27840000 2
7000000 16
27070000 1
6230000 24
13660000 2
36720000 1
15880000 3
430000 8657
22540000 1
45600000 1
2650000 44
24760000 3
92990000 1
9310000 6
11530000 6
31420000 1
44060000 1
49950000 1
233620000 1
23310000 1
1782810000 1
1379180000 2
38170000 1
1746520000 1
42610000 1
1880000 86
1110000 174
6320000 12
3330000 35
8540000 8
5550000 7
10760000 4
355810000 1
7770000 11
15200000 3
9990000 6
17420000 3
12210000 3
14430000 6
21860000 3
16650000 85
18870000 3
24080000 2
28520000 1
1386610000 1
30740000 1
41840000 1
33600000 1
7590000 11
21320000 1
9040000 10
1386980000 1
22770000 1
852280000 1
50230000 1
1681790000 1
826270000 1
24220000 2
16970000 3
11940000 3
4690000 23
39400000 1
32150000 1
12620000 6
14840000 1
340000 16418
14070000 3
2560000 45
16290000 37
1790000 76
4010000 27
42980000 1
10490000 5
18420000 4
20640000 3
6140000 10
8360000 11
22090000 1
23540000 3
20550000 2
31470000 1
9720000 5
2470000 47
37180000 2
46650000 1
6910000 17
41620000 1
17650000 6
25580000 1
32240000 1
789340000 1
27030000 1
1379730000 1
29250000 2
1020000 204
3240000 28
893470000 1
5460000 12
7680000 5
8950000 10
11170000 3
13390000 5
48100000 1
15610000 2
3150000 40
16880000 8
10580000 6
4600000 27
12030000 1
18330000 3
6050000 10
13480000 5
19780000 2
27210000 2
7500000 10
39990000 1
250000 25540
28660000 2
16380000 34
22680000 2
9130000 3
24130000 1
1682380000 1
53040000 1
38540000 1
12710000 7
14930000 2
1700000 92
3920000 33
36410000 1
21910000 1
5370000 13
12800000 4
2380000 55
9810000 9
6820000 9
14250000 4
3830000 21
11260000 7
17560000 2
8270000 10
15700000 4
22000000 3
851690000 1
63370000 1
20460000 4
24900000 1
930000 251
236470000 1
46740000 2
16790000 23
21230000 1
1671730000 1
55940000 1
58160000 1
32330000 2
39900000 1
361850000 1
160000 24734
13890000 7
1659180000 1
1610000 103
15340000 5
3060000 42
50410000 1
17920000 1
1637200000 1
10990000 6
45700000 1
5960000 15
20820000 3
7410000 9
36320000 1
1681610000 1
35550000 1
29430000 1
9540000 9
11760000 3
17150000 4
1484360000 1
5190000 24
11670000 5
29520000 2
26530000 1
16110000 49
840000 553
32420000 1
5280000 16
8770000 7
3740000 33
13210000 3
18600000 1
8180000 10
23040000 1
17830000 3
20050000 3
22270000 1
24490000 2
356050000 1
70000 80438
2290000 56
1387480000 1
4510000 26
6730000 16
41440000 2
10220000 8
12440000 6
14660000 5
24310000 3
358860000 1
44340000 1
45790000 1
6550000 11
21410000 1
1520000 127
15430000 4
10400000 5
9630000 4
11850000 4
17060000 2
19280000 3
86480000 1
1783340000 1
25940000 2
20730000 2
5100000 16
28160000 1
7320000 16
16200000 32
1681520000 1
750000 2876
732650000 1
22860000 1
2970000 40
32510000 1
762830000 1
55440000 1
25170000 1
14750000 4
19190000 3
23630000 2
28070000 1
1448110000 1
2200000 57
1455540000 1
4420000 19
1430000 133
6640000 16
9170310000 1
3650000 31
9168090000 1
8860000 7
5870000 15
11080000 7
13300000 3
8090000 8
15520000 7
10310000 5
17740000 5
12530000 9
24400000 2
31060000 1
262930000 1
852190000 1
6460000 16
20190000 5
7910000 8
21640000 2
9360000 10
37630000 1
2110000 68
39080000 1
24540000 5
17290000 2
338110000 1
12260000 1
5010000 13
1392460000 1
32470000 1
12940000 4
26670000 1
15160000 12
28890000 1
660000 7823
2880000 54
14390000 4
16610000 46
23090000 1
8590000 13
10810000 6
75790000 1
33240000 2
18740000 1
20960000 2
22410000 2
1637250000 1
19420000 1
27350000 1
4330000 29
1686370000 1
41300000 1
10040000 6
2790000 45
44790000 1
14480000 4
7230000 7
13710000 1
15930000 3
25900000 2
28120000 2
30340000 1
32560000 2
1340000 147
3560000 32
5780000 12
8000000 14
9270000 7
11490000 4
9450000 7
69220000 1
3470000 22
10900000 5
17200000 1
4920000 18
12350000 6
18650000 5
13800000 6
1684150000 2
20100000 4
7820000 15
570000 6990
16700000 71
52720000 1
24450000 3
9198860000 1
1415350000 1
6370000 12
9170260000 1
1732630000 1
13030000 5
15250000 4
865780000 1
1431980000 1
2020000 77
4240000 21
1250000 180
8680000 13
5690000 10
13120000 7
2700000 45
10130000 3
7140000 13
14570000 1
4150000 25
11580000 5
17880000 4
877840000 1
16020000 130
22320000 1
26760000 2
20780000 1
36770000 2
32650000 3
826500000 1
1684240000 1
17110000 3
19330000 2
21550000 1
23770000 1
1711200000 1
28210000 1
1684060000 1
12760000 7
41030000 1
27620000 2
480000 7140
14210000 3
1930000 84
43930000 1
15660000 2
8410000 9
3380000 41
23270000 2
18240000 1
60240000 1
11310000 8
6280000 14
48280000 1
5510000 24
7730000 8
21820000 3
24040000 6
9860000 4
31970000 2
12080000 6
17470000 2
39580000 1
19690000 5
10540000 8
14980000 5
11990000 7
29840000 1
16430000 48
31290000 1
1160000 190
95500000 1
1781660000 1
5600000 15
40350000 1
9090000 8
4060000 30
13530000 3
18920000 1
18150000 1
23360000 1
20370000 3
783810000 1
22590000 1
356370000 1
1387160000 2
36680000 1
38900000 1
390000 11225
2610000 45
4830000 17
46830000 1
7050000 21
15750000 5
23180000 3
45470000 1
826680000 1
24630000 3
1415170000 1
32060000 1
1749720000 1
1712240000 1
40940000 1
33690000 1
12850000 8
27710000 1
6870000 14
21730000 1
1840000 70
36590000 2
1070000 201
8500000 10
3290000 35
10720000 5
75700000 1
9950000 4
17380000 2
12170000 5
19600000 1
26260000 1
5420000 15
1711470000 1
7640000 10
866730000 1
14300000 5
16520000 39
44020000 1
28390000 1
35820000 1
1683290000 1
47690000 1
763150000 1
1681750000 1
21050000 1
10630000 8
25490000 2
15070000 6
192420000 1
19510000 2
23950000 2
865960000 1
300000 23277
2520000 58
4740000 22
1750000 99
6960000 11
9180000 7
3970000 21
11400000 7
6190000 12
13620000 5
15840000 2
18060000 1
20280000 1
22500000 2
24720000 3
26940000 1
31380000 1
5330000 14
6780000 11
20510000 4
1415250000 1
8230000 10
14710000 8
9680000 6
2430000 57
902210000 1
24860000 1
191750000 1
12580000 5
40040000 1
13260000 7
26990000 2
1779220000 1
15480000 3
980000 221
3200000 41
21190000 3
23410000 3
8910000 7
11130000 4
16840000 4
7550000 14
21280000 2
355910000 1
18290000 1
45750000 1
19740000 6
24180000 4
210000 19934
4650000 22
10360000 3
3110000 38
14800000 8
9590000 9
11810000 5
14030000 2
16250000 33
28440000 1
1660000 114
3880000 24
38590000 1
6100000 11
8320000 6
40810000 1
851560000 1
2340000 59
9770000 12
3790000 36
11220000 5
17520000 1
1733080000 1
877560000 1
5240000 17
26400000 2
14120000 6
20420000 3
52910000 1
8140000 13
890000 317
9169770000 1
1683960000 1
29300000 1
23320000 2
44480000 1
31430000 1
51460000 1
4470000 16
6690000 14
25630000 3
27850000 1
13350000 5
1379600000 1
15570000 2
120000 40570
1782800000 1
4560000 23
1570000 114
9000000 7
6010000 13
13440000 1
3020000 43
10450000 6
7460000 8
11900000 8
50690000 1
18200000 2
44390000 1
16340000 47
22640000 1
26310000 1
34060000 1
36280000 1
12670000 5
14890000 3
49600000 1
17430000 4
19650000 2
21870000 1
24090000 7
11630000 8
1671780000 1
13080000 5
800000 1633
14530000 7
15980000 11
8730000 10
1386670000 1
3700000 18
36190000 1
18560000 1
75420000 1
20010000 5
4380000 27
6600000 8
5830000 17
8050000 14
49240000 2
30000 464680
54630000 1
2250000 62
24360000 6
10180000 5
12400000 9
17790000 2
13850000 6
10860000 7
15300000 1
53180000 1
12310000 5
30160000 1
1675450000 1
16750000 42
28620000 1
1480000 112
33970000 1
33060000 1
5920000 15
9410000 7
7370000 17
357630000 1
44120000 1
17020000 5
1667520000 1
19240000 2
21460000 1
23680000 1
20690000 3
1683870000 1
1380190000 1
710000 6708
2930000 41
5150000 15
22050000 2
16070000 80
36100000 3
24950000 2
32380000 1
44980000 1
4290000 23
39000000 1
19150000 1
1734710000 1
13170000 3
7190000 6
2160000 57
866240000 1
1390000 173
8820000 8
3610000 34
11040000 6
10270000 3
17700000 2
12490000 4
19920000 2
9167960000 1
26580000 1
5740000 18
7960000 9
14620000 3
24270000 2
28710000 2
33150000 1
16930000 1
6510000 12
21370000 3
10950000 7
25810000 1
15390000 4
19830000 2
79090000 1
1386760000 1
620000 7450
2840000 36
5060000 17
2070000 74
7280000 14
9500000 3
11720000 6
13940000 5
16160000 46
18380000 2
20600000 2
22820000 2
4200000 21
355550000 1
17930000 2
5650000 17
19380000 1
7100000 9
20830000 4
1682920000 1
27310000 1
36820000 1
15030000 1
10000000 5
2750000 51
860530000 1
41170000 1
13580000 4
15800000 1
1300000 187
3520000 30
21510000 2
9230000 6
11450000 2
6420000 14
3430000 29
17160000 2
7870000 4
18610000 1
23050000 1
20060000 1
24500000 3
530000 6696
4970000 20
1735070000 1
8460000 11
10680000 9
12900000 3
1714770000 1
15120000 3
9910000 6
12130000 3
14350000 7
16570000 53
33830000 1
26540000 1
28760000 3
36050000 2
1980000 86
1210000 210
1463960000 1
8640000 14
2660000 57
1783160000 1
10090000 5
4110000 23
11540000 4
17840000 1
5560000 13
14440000 6
20740000 3
689840000 1
13670000 2
15890000 6
21420000 2
23640000 1
22870000 2
25090000 3
30300000 1
32520000 2
17070000 1
19290000 2
4790000 29
7010000 11
1637980000 1
440000 8339
1386620000 1
1734980000 1
4880000 22
1655420000 1
1890000 64
9320000 10
13760000 4
1455530000 1
3340000 30
7780000 6
12220000 11
18520000 3
16660000 85
22960000 2
25180000 1
19970000 3
27400000 1
22190000 1
29620000 1
24410000 4
28850000 1
37410000 2
6330000 8
8550000 12
10770000 3
12990000 15
15210000 2
10500000 4
201440000 1
25360000 1
40220000 1
11950000 3
26810000 1
13400000 3
28260000 2
21010000 3
1120000 204
35870000 2
16300000 44
9050000 4
23910000 1
4020000 34
18880000 1
18110000 1
20330000 1
4700000 24
46700000 1
6920000 13
6150000 14
34420000 1
8370000 9
36640000 1
12630000 4
14850000 4
350000 14931
22460000 4
2570000 48
24680000 9
54400000 1
12720000 13
9730000 8
14170000 1
11180000 3
26040000 2
15620000 2
30480000 1
23230000 3
1800000 81
33380000 1
36550000 1
6240000 11
3250000 36
5470000 16
7690000 10
17340000 4
21780000 1
24000000 3
27490000 2
31930000 2
41760000 1
1030000 226
7510000 5
14940000 4
29800000 1
37230000 1
16390000 42
23820000 1
31250000 2
46110000 1
10590000 9
88290000 1
25450000 1
4610000 23
19470000 1
13490000 3
55670000 1
260000 26128
2480000 52
1710000 101
3930000 17
9140000 9
11360000 3
18020000 2
60970000 1
20240000 2
40130000 1
6060000 14
8280000 10
33560000 1
23140000 3
1684100000 1
30570000 1
20150000 5
27580000 1
35010000 1
24590000 3
32020000 2
29030000 1
33470000 1
12810000 3
2390000 72
49780000 1
17250000 2
6830000 14
11270000 2
1715180000 1
26130000 2
15710000 5
940000 259
3160000 39
48330000 1
5380000 17
7600000 9
9820000 4
12040000 14
14260000 1
16480000 37
18700000 1
20920000 4
16800000 25
4520000 22
18250000 1
31980000 2
5970000 12
19700000 1
7420000 5
170000 23462
15350000 3
1681620000 2
10320000 10
3070000 32
77520000 1
9550000 4
11770000 9
1684520000 1
52190000 1
26180000 1
28400000 1
13900000 4
16120000 44
1620000 92
34110000 1
3840000 24
36330000 1
24050000 12
5290000 8
2300000 40
6740000 12
3750000 31
17480000 2
47930000 1
8190000 9
21920000 1
49380000 1
25410000 1
20380000 2
24820000 3
850000 420
28310000 4
34790000 1
37010000 1
8780000 13
75980000 1
11000000 4
13220000 9
865750000 1
15440000 6
10230000 3
12450000 7
14670000 5
51420000 1
18930000 3
23370000 1
31300000 1
80000 60007
1652800000 1
1530000 101
8960000 8
1386900000 1
2980000 36
10410000 6
117350000 1
23190000 1
867380000 1
11860000 2
18160000 1
5880000 12
14760000 2
28490000 2
182760000 1
13990000 9
16210000 36
1735000000 1
37690000 2
30620000 1
9167330000 1
17390000 4
19610000 2
5110000 19
7330000 12
760000 2172
5200000 22
9640000 6
1387580000 1
14080000 4
3660000 34
8100000 11
40590000 1
12540000 5
21060000 1
20290000 3
25500000 1
22510000 3
29940000 2
24730000 6
32160000 1
31390000 1
2210000 67
4430000 28
6650000 12
8870000 5
11090000 2
13310000 4
15530000 8
257980000 1
24230000 4
10820000 2
12270000 12
27130000 1
13720000 2
6470000 12
61070000 1
28580000 1
1440000 135
16620000 56
9370000 5
16980000 5
19200000 1
20650000 7
5020000 20
7240000 9
12950000 5
15170000 9
670000 6990
22780000 1
2890000 42
25000000 1
764450000 1
8600000 10
39050000 1
1754690000 1
13040000 2
36060000 1
10050000 10
37510000 1
14490000 4
11500000 5
15940000 7
19110000 1
30800000 1
784300000 1
2120000 68
4340000 15
1350000 185
6560000 11
3570000 32
5790000 15
42540000 2
44760000 1
8010000 14
17660000 1
19880000 3
43990000 1
22100000 3
1736630000 1
24320000 3
27810000 2
6380000 10
13810000 3
21240000 1
28670000 3
7830000 15
15260000 3
16710000 71
826190000 1
24140000 5
10910000 8
4930000 16
19790000 1
48520000 1
763860000 1
1386720000 1
580000 7258
2800000 37
1653300000 1
2030000 64
866110000 2
41950000 1
9460000 7
11680000 2
20560000 7
87760000 1
1783510000 1
27220000 1
11590000 4
29440000 1
19020000 1
26450000 1
16030000 45
20470000 1
27900000 1
32340000 1
4250000 38
8690000 10
13130000 3
2710000 46
17570000 1
7150000 7
22010000 3
58940000 1
1260000 188
3480000 29
1686470000 1
5700000 13
7920000 11
10140000 7
12360000 7
14580000 4
3390000 34
17120000 6
30850000 1
4840000 16
18570000 2
6290000 13
20020000 3
12770000 5
7740000 14
490000 7386
15670000 8
8420000 5
22150000 5
10640000 8
356700000 1
525510000 1
24370000 5
9870000 8
12090000 6
1682620000 1
376360000 1
48290000 1
206780000 1
36010000 1
28720000 1
14220000 2
16440000 40
1940000 80
4160000 24
1170000 164
43170000 1
28630000 3
5610000 10
2620000 45
44620000 3
7060000 11
74260000 1
4070000 28
17800000 1
10550000 6
22240000 2
14990000 5
35240000 1
20700000 3
30170000 1
25140000 2
9100000 10
11320000 4
13540000 3
15760000 4
17030000 2
851790000 1
23690000 1
34470000 2
27180000 2
400000 10386
851880000 1
49830000 1
1850000 81
9280000 6
29490000 1
3300000 34
23510000 3
90710000 1
12180000 7
18480000 1
6200000 21
19930000 1
27360000 2
5430000 13
7650000 7
12860000 6
26590000 2
15080000 1
14310000 4
37370000 1
16530000 47
1681850000 1
44030000 1
8510000 8
24280000 2
10730000 6
30940000 2
17710000 3
1711480000 1
1388800000 1
1387260000 1
1080000 212
35830000 1
31710000 1
5520000 12
1656060000 1
9960000 6
14400000 4
3980000 29
15850000 2
16940000 2
19160000 2
21380000 4
25820000 1
20610000 1
28040000 1
22830000 2
25050000 1
36600000 1
310000 20736
2530000 61
4750000 21
6970000 16
9190000 7
11410000 4
13630000 5
1782600000 1
65100000 1
9690000 9
826600000 1
24550000 4
11140000 5
14040000 1
6790000 14
28900000 1
1760000 89
21650000 2
36510000 1
3210000 24
45210000 1
70410000 1
29580000 1
31800000 1
17300000 2
19520000 1
33250000 1
18750000 1
20970000 1
5340000 15
27450000 1
7560000 18
13270000 4
15490000 3
990000 210
866380000 1
1415860000 1
40180000 1
37190000 1
8920000 12
13360000 7
10370000 3
11820000 7
16260000 33
19430000 3
99770000 1
220000 19804
2440000 49
4660000 12
6880000 17
1670000 100
43670000 1
3890000 33
6110000 11
8330000 10
1688150000 1
12590000 7
14810000 2
17980000 2
20200000 3
22420000 1
24640000 3
1380510000 1
25910000 1
28130000 1
30350000 1
5250000 18
12680000 8
20110000 3
27540000 2
6700000 8
42400000 1
14130000 3
28990000 2
8150000 14
15580000 6
1476390000 1
23010000 2
30440000 1
2350000 53
24460000 1
17210000 2
11230000 5
33340000 2
63740000 1
900000 312
3120000 40
29670000 1
9780000 5
12000000 3
18660000 2
20880000 2
17890000 5
7470000 7
25320000 1
14900000 2
11910000 5
198570000 1
19340000 2
16350000 42
34200000 1
23780000 1
31210000 2
130000 36710
1781740000 1
4570000 20
9010000 9
13450000 3
3030000 40
1711980000 1
40090000 1
1580000 127
1684570000 1
3800000 27
6020000 20
8240000 10
1669200000 1
2260000 54
15990000 8
3710000 29
17440000 4
31170000 2
1733000000 1
5160000 15
121650000 1
32620000 2
1713470000 1
25370000 3
20340000 5
13090000 3
8060000 11
40550000 1
810000 1330
28270000 1
21020000 2
34750000 1
8740000 10
1654030000 1
22470000 2
10960000 7
1656250000 2
24690000 6
10190000 6
12410000 7
18890000 2
53600000 1
4390000 20
6610000 23
39100000 2
14540000 4
16760000 37
40000 104011
4480000 31
1490000 120
31940000 1
988260000 1
28950000 1
5930000 16
2940000 44
7380000 13
18120000 1
67410000 1
10870000 4
15310000 3
1681660000 1
26050000 1
33980000 1
826740000 1
1386680000 1
36200000 1
35430000 2
40640000 1
9420000 10
11640000 5
13860000 7
1415850000 1
16080000 48
17350000 3
19570000 4
24010000 7
1783650000 1
46440000 1
720000 6416
41910000 1
9600000 5
36110000 1
3620000 27
12500000 5
4300000 21
18030000 2
6520000 13
20250000 5
5750000 11
7970000 9
13180000 1
15400000 2
29130000 2
14630000 3
2170000 67
22380000 1
8830000 10
24600000 4
11050000 6
913550000 1
1455680000 1
840290000 1
1400000 153
826650000 1
1379340000 1
5840000 11
10280000 3
14720000 4
9510000 8
11730000 5
355650000 1
13950000 3
16170000 24
17260000 2
21700000 1
26140000 2
20930000 1
28360000 3
1380110000 1
630000 8087
776590000 1
2850000 43
5070000 20
1655570000 1
7290000 9
8560000 13
23420000 2
1684380000 1
36020000 5
10010000 6
24870000 1
11460000 3
4210000 24
19070000 2
9167110000 1
14360000 4
7110000 12
41820000 1
2080000 80
21970000 1
15810000 7
1310000 192
3530000 25
29900000 1
19840000 2
1692310000 1
5660000 11
27770000 1
7880000 5
13590000 3
24190000 3
33800000 1
9240000 7
865890000 1
36700000 2
13680000 3
354470000 1
16850000 3
6430000 15
12140000 8
16580000 55
31440000 2
540000 6620
2760000 43
4980000 22
7200000 6
1990000 77
8470000 11
10690000 6
12910000 7
15130000 2
18300000 1
20520000 1
1683700000 1
11550000 10
18980000 1
784520000 1
5570000 20
13000000 2
20430000 2
7020000 11
14450000 7
21880000 2
15900000 7
8650000 8
63250000 1
1386590000 1
9207880000 1
2670000 34
37380000 1
24780000 1
17530000 1
1637760000 2
9249250000 1
1712430000 1
1782700000 1
38060000 1
60350000 1
39510000 1
49160000 1
1220000 191
55820000 1
23330000 1
3440000 28
10100000 4
12320000 9
32210000 1
6340000 17
13770000 5
3350000 39
21200000 1
10780000 5
18210000 3
7790000 10
25640000 1
15220000 6
22650000 1
12230000 5
30080000 2
19660000 3
27090000 2
16670000 85
24100000 3
28540000 1
450000 7956
35160000 1
1784240000 1
4890000 16
93010000 1
9330000 7
38830000 1
227750000 1
43270000 1
1799780000 1
59580000 1
31530000 1
1900000 99
34390000 1
4120000 25
36610000 1
1130000 209
14860000 4
43130000 1
28590000 2
2580000 46
888630000 1
16310000 29
4030000 22
17760000 4
805270000 1
10510000 7
826290000 1
5480000 16
25690000 1
20660000 3
1415400000 1
8380000 11
866160000 1
1684200000 1
23560000 4
9060000 9
22790000 1
11280000 8
25010000 1
16990000 1
19210000 2
4710000 25
6930000 7
48930000 1
29360000 1
36650000 1
1733450000 1
360000 13785
778580000 1
4800000 23
1810000 85
32260000 1
1736350000 1
6250000 21
3260000 33
12730000 8
7700000 7
18440000 3
11190000 7
22880000 1
15630000 3
22110000 1
24330000 1
866840000 1
827060000 1
9740000 11
11960000 4
14180000 3
16400000 33
17670000 3
24150000 3
1637130000 1
764810000 1
33030000 1
1040000 189
14950000 5
21250000 2
9920000 3
3940000 29
16900000 4
19120000 2
4620000 19
18350000 3
6840000 14
20570000 4
6070000 15
13500000 6
182310000 1
8290000 6
15720000 1
866250000 1
270000 25996
2490000 52
22700000 1
9150000 9
768390000 1
11370000 7
207500000 1
69090000 1
19030000 2
27910000 1
1720000 87
36470000 2
6160000 18
32350000 1
3170000 35
10600000 3
5390000 17
12820000 6
7610000 8
9830000 3
15040000 4
12050000 7
14270000 2
16490000 35
17580000 2
19800000 3
1681890000 1
22020000 2
190830000 1
26460000 2
28680000 1
33120000 1
41680000 1
950000 246
7430000 12
22290000 1
8880000 10
23740000 1
1726700000 1
38600000 1
10330000 12
11780000 5
4530000 22
26640000 1
1653530000 1
14680000 6
180000 21493
2400000 51
13910000 7
44400000 1
16130000 29
1630000 100
3850000 30
32440000 1
17940000 2
20160000 4
5980000 13
422250000 1
47980000 1
28090000 3
8200000 11
20070000 2
24510000 2
81370000 1
9560000 5
2310000 50
44310000 1
17170000 2
14000000 7
6750000 8
48750000 1
21610000 1
12460000 7
26550000 1
28770000 1
33210000 1
860000 351
3080000 31
5300000 23
7520000 14
1711430000 1
8790000 9
11010000 6
13230000 6
1805260000 1
15450000 6
18620000 4
20840000 1
17850000 5
25280000 1
4440000 24
9196420000 1
11870000 3
5890000 18
885640000 1
13320000 4
182130000 1
20750000 5
28180000 2
7340000 7
90000 56090
1463970000 1
16220000 26
8970000 8
368700000 1
31080000 1
2990000 26
39960000 2
41410000 1
14770000 3
21430000 2
44490000 1
1540000 93
23650000 2
3760000 29
1684610000 1
10420000 4
30310000 1
12640000 12
2220000 70
9650000 7
17080000 2
6660000 10
14090000 1
3670000 30
21520000 1
11100000 8
880430000 1
18530000 1
356150000 1
8110000 11
25960000 2
15540000 5
22970000 1
12550000 8
30400000 2
34840000 1
24420000 2
1734990000 1
770000 1991
5210000 19
47390000 1
49610000 1
764220000 1
766440000 1
25190000 2
27410000 1
9342260000 1
1387720000 1
36290000 1
