0 39993932
80000 1
2180000 1
160000 3
240000 2
320000 2
400000 1
480000 1
8960000 1
560000 1
640000 1
960000 1
10000 308
1120000 1
170000 2
250000 2
490000 1
570000 1
650000 2
20000 14
1070000 1
100000 1
180000 3
260000 1
340000 3
420000 3
500000 1
9060000 1
660000 1
30000 4
110000 2
190000 4
270000 3
350000 3
430000 2
510000 1
590000 1
670000 1
27930000 1
830000 1
1940000 1
990000 1
40000 2
120000 2
200000 3
280000 2
360000 4
440000 2
600000 1
680000 1
2940000 1
18690000 1
50000 2
210000 2
290000 2
370000 3
450000 3
530000 1
610000 2
690000 2
850000 1
18680000 1
930000 1
60000 2
1110000 1
140000 2
220000 3
300000 3
380000 1
460000 1
540000 2
8940000 1
620000 2
700000 2
1100000 1
70000 3
150000 4
230000 3
310000 3
16000000 1
390000 2
470000 1
630000 1
790000 2
1030000 1
