0 100764908
1290000 1
320000 1
400000 1
21480000 1
560000 2
13400000 1
880000 11
960000 2
110080000 1
489620000 1
10000 29
330000 2
410000 2
2670000 1
47800000 1
890000 2
20000 15
72550000 1
1310000 1
260000 1
420000 5
580000 1
660000 1
820000 2
30000 16
110000 1
1300000 1
350000 2
430000 5
1148600000 1
510000 60
830000 7
40000 10
120000 1
360000 3
19340000 1
520000 331
2998390000 1
600000 1
1730000 1
549190000 1
840000 4
50000 3
210000 1
370000 1
274080000 1
530000 47
850000 46
562020000 1
60000 1
300000 1
380000 3
860000 265
24000000 1
30340000 1
70000 1
150000 1
16000000 3
310000 3
390000 3
550000 2
870000 108
