0 18514030
1130000 1
15990000 2
320000 4
1450000 1
19380000 1
640000 1
47970000 1
5160000 1
2090000 1
5787020000 1
2110000 1
20020000 1
3220000 1
170000 2
2430000 1
490000 2
1600000 1
8060000 1
810000 2
4180000 1
20000 35
15970000 3
340000 2
1470000 2
2560000 1
660000 3
3200000 1
7152380000 1
190000 3
1300000 3
36010000 2
510000 1
1620000 1
830000 3
6140000 1
7152230000 1
40000 13
1170000 1
15950000 1
360000 4
680000 1
4070000 1
1000000 2
24180000 1
11660000 1
210000 4
530000 2
1640000 1
8020000 1
2790000 1
4970000 1
13370000 1
850000 1
3110000 1
60000 8
1190000 1
15930000 1
380000 1
1510000 1
700000 1
7040000 1
2920000 1
4050000 1
1020000 2
7360000 1
230000 6
550000 3
2770000 1
4990000 1
870000 1
24010000 15
1980000 1
80000 12
1210000 1
22210000 1
15910000 1
2340000 1
400000 2
1530000 1
24790000 1
720000 1
1850000 2
23980000 1
44010000 1
15740000 1
20100000 1
250000 1
1360000 2
570000 33
890000 1
2000000 1
100000 5
420000 3
12010000 6
5783530000 1
2640000 1
740000 1
16530000 1
270000 4
16040000 1
1380000 1
5784230000 1
6690000 1
590000 99
1700000 1
120000 3
1250000 1
7630000 1
10940000 1
440000 1
760000 2
7153210000 1
3020000 1
5200000 1
4150000 1
290000 1
6670000 1
1400000 1
610000 16
12220000 1
15550000 1
930000 1
4260000 2
140000 7
3490000 1
460000 1
1590000 1
780000 1
12670000 1
16000000 10
310000 4
630000 3
9190000 1
11630000 1
160000 1
13890000 1
6620000 1
480000 1
8070000 1
800000 3
10330000 1
10000 3648
1120000 1
15980000 1
330000 2
18240000 1
650000 2
20010000 3
180000 4
1310000 1
1630000 2
30000 26
1140000 2
19050000 1
3360000 1
350000 1
1460000 1
670000 3
5980000 1
5784790000 1
990000 1
20070000 1
200000 1
3590000 1
840000 1
1970000 2
43970000 1
50000 13
1160000 2
40030000 1
370000 1
14320000 1
1800000 1
6240000 1
3250000 1
220000 2
10840000 1
2440000 1
11970000 1
540000 1
11160000 1
11480000 2
6961520000 1
70000 8
1180000 2
390000 1
2610000 1
12440000 1
1050000 2
240000 2
560000 4
15260000 1
1690000 1
10590000 1
90000 3
15900000 1
1200000 1
2350000 1
5700690000 1
730000 2
4930000 1
2990000 1
1070000 2
39960000 1
260000 1
1390000 1
580000 97
900000 2
3120000 2
110000 6
4310000 1
1220000 2
430000 1
1540000 1
2650000 1
750000 2
16520000 1
8520000 1
280000 2
1410000 1
3670000 1
600000 62
1730000 1
4250000 1
130000 7
6510000 1
2390000 1
450000 2
1560000 1
2710000 1
770000 3
6961310000 1
9330000 1
16010000 109
3650000 1
620000 5
5870000 1
1750000 1
940000 2
150000 2
12040000 1
1900000 2
790000 6
