0 5352069
1050000 1
15990000 2
6540000 1
1370000 1
6620000 1
10820000 1
1450000 1
560000 21
22690000 1
800000 2
23980000 1
2090000 1
10000 199
1200000 1
8650000 1
330000 1
13960000 1
570000 75
650000 1
8060000 1
810000 2
1920000 1
970000 1
20000 14
180000 1
11770000 1
16050000 1
580000 74
820000 1
8130000 1
30000 5
12000000 1
590000 29
1780000 1
28010000 1
4950000 1
1940000 1
10420000 1
40000 2
6420000 1
16030000 1
4640000 1
520000 1
1570000 1
600000 6
8030000 1
760000 1
3915130000 1
15780000 1
50000 1
6350000 1
1160000 1
4490000 1
450000 1
8850000 1
610000 2
3820000 1
1720000 1
22190000 1
1190000 1
16010000 4
1350000 1
380000 1
540000 4
2760000 1
780000 1
16570000 1
24000000 2
1020000 1
6410000 1
70000 1
16000000 22
1340000 1
7760000 1
550000 8
2456330000 1
5940000 1
710000 1
1820000 1
7050000 1
790000 2
950000 1
6260000 2
