0 5244157
20030000 2
1130000 1
4360000 1
160000 1
2260000 1
15990000 5
320000 1
12920000 1
12110000 1
43610000 1
23900000 1
2090000 1
10000 2062
170000 1
14870000 1
12770000 1
15980000 2
330000 1
490000 3
810000 1
5010000 1
4020000 1
970000 1
20000 20
20010000 2
180000 2
15970000 1
340000 1
1470000 1
56070000 1
8185720000 1
1950000 1
33410000 1
4010000 2
30000 6
190000 1
5820000 1
670000 2
830000 1
2140000 1
40000 4
200000 2
3430000 1
520000 1
50000 1
15940000 1
1320000 1
370000 1
11980000 1
530000 2
10040000 1
15310000 1
27990000 1
8455620000 1
60000 1
3250000 2
2280000 1
1190000 1
17020000 1
1350000 1
8173160000 1
2760000 1
8010000 2
700000 2
24000000 3
70000 1
15920000 1
390000 1
1500000 1
7840000 1
8000000 1
2770000 1
870000 1
4040000 1
24010000 22
1050000 1
13650000 1
19950000 1
80000 2
12680000 1
1210000 1
1370000 1
12030000 2
560000 1
3950000 1
766580000 1
2190000 1
3460000 1
2510000 1
570000 12
27870000 1
730000 1
23990000 1
100000 1
8500000 1
13830000 1
260000 1
2480000 1
12010000 4
3610000 1
580000 40
8980000 1
13180000 1
740000 2
1870000 1
9300000 1
4090000 1
44030000 1
9460000 1
1220000 1
9620000 1
270000 1
1540000 1
590000 26
1700000 1
28010000 4
750000 1
910000 1
14740000 1
4240000 1
8462180000 1
16030000 1
4560000 1
6660000 1
440000 1
600000 11
9000000 1
10130000 1
5200000 1
1080000 1
19980000 1
130000 1
35990000 2
450000 1
1560000 1
5840000 1
1110000 1
766610000 1
140000 1
16010000 119
8441400000 1
300000 1
1430000 1
2520000 1
620000 2
8090000 1
1910000 1
1100000 1
11560000 1
150000 2
16000000 28
310000 3
32010000 1
11090000 1
790000 1
7264320000 1
950000 1
