0 571450
1050000 3
160000 1
1290000 1
640000 1
720000 1
880000 1
1930000 1
960000 5
4110000 1
1040000 1
10000 371
1360000 1
1440000 1
650000 1
970000 1
20000 49
1070000 1
1150000 1
100000 1
1310000 1
660000 1
5020000 1
980000 2
30000 10
1060000 1
110000 1
1140000 1
1300000 2
1380000 1
1460000 2
1540000 1
670000 1
830000 1
990000 1
40000 3
1090000 1
200000 1
1410000 4
7307810000 1
1490000 1
4720000 1
2700000 1
680000 1
920000 1
1000000 6
1080000 2
50000 1
1320000 1
1400000 1
1480000 3
690000 1
1010000 1
60000 3
140000 1
4340000 1
1430000 4
620000 1
700000 1
780000 4
940000 2
1990000 1
1020000 3
1100000 1
70000 1
150000 1
1340000 1
1420000 2
1500000 4
630000 1
710000 1
790000 1
3960000 1
950000 2
1030000 4
