1050000 3126
2100000 1
1130000 5
1210000 5
1290000 2
1370000 1
1450000 2
1690000 1
1040000 283
1120000 4
1200000 1
1280000 1
1360000 1
4850000 1
1070000 723
1150000 1
1230000 2
1310000 1
1390000 1
1470000 1
1790000 1
14470000 1
1060000 50788
1140000 4
1220000 3
1380000 1
1460000 1
1090000 35
1250000 3
1330000 3
1970000 1
1000000 2
1080000 86
1160000 6
1320000 1
1400000 3
1480000 1
1010000 112
1110000 6
1190000 3
1270000 2
1350000 1
1430000 3
2600000 1
1510000 1
28930000 1
1020000 252
1100000 7
1180000 5
1260000 1
1340000 2
1420000 1
1500000 2
3800000 1
1740000 1
2930000 1
1030000 256
