0 23589885
160000 2
2260000 1
1290000 1
4520000 1
1610000 1
640000 1
18570000 1
1930000 1
960000 2
10000 971
1120000 1
2270000 1
18080000 1
330000 2
1600000 2
650000 2
810000 5
1920000 1
20000 81
1150000 1
180000 3
1310000 1
4540000 1
340000 1
1470000 1
500000 2
660000 1
93029560000 1
820000 2
980000 3
30000 14
1140000 1
2250000 1
4390000 1
190000 1
350000 1
1460000 1
4710000 1
510000 2
1620000 2
18420000 1
830000 1
18740000 1
40000 5
2140000 1
17970000 1
200000 3
1330000 1
360000 1
11990000 1
520000 1
1650000 1
680000 1
1810000 1
50000 5
210000 1
1320000 1
4490000 1
2470000 1
370000 1
530000 1
18440000 1
690000 1
850000 1
1010000 3
60000 4
11650000 1
220000 3
1350000 1
1510000 1
540000 1
18470000 1
700000 1
860000 1
2130000 1
70000 4
1180000 1
4350000 1
230000 1
870000 1
1980000 1
1030000 2
1050000 2
80000 1
1210000 1
1370000 1
400000 2
1530000 1
1690000 1
1850000 1
18650000 1
2010000 2
90000 3
2190000 1
1200000 3
250000 2
410000 1
18320000 1
1520000 1
570000 1
730000 1
1840000 2
890000 1
18800000 1
1070000 2
100000 2
1230000 1
260000 2
1390000 1
420000 2
580000 1
740000 2
1870000 1
18670000 1
900000 1
18830000 1
110000 1
1220000 1
2330000 1
19130000 1
4470000 1
430000 1
590000 1
750000 1
17890000 1
120000 5
4400000 1
280000 3
2380000 1
1410000 1
1570000 1
760000 1
18690000 1
2050000 1
1080000 1
130000 3
290000 1
19190000 1
1400000 1
450000 1
770000 1
930000 2
2040000 1
5210000 1
4260000 1
140000 2
4420000 1
16010000 1
18230000 1
2520000 1
460000 1
4740000 1
620000 3
780000 1
1100000 1
150000 3
1420000 2
2530000 1
470000 1
630000 3
18540000 1
4910000 1
790000 2
950000 1
