0 1683485
1130000 2
1290000 1
640000 1
1930000 1
960000 2
10000 184
1120000 2
1280000 2
1440000 2
1600000 1
810000 5
970000 1
20000 9
1150000 4
5993820000 1
1310000 3
660000 1
820000 4
980000 1
30000 5
1140000 2
1300000 2
1460000 1
510000 1
1620000 1
830000 2
990000 1
40000 3
1170000 2
1330000 4
520000 1
1650000 1
680000 1
840000 2
1000000 1
50000 2
1160000 3
1320000 1
530000 3
850000 1
1010000 1
1190000 5
860000 2
1990000 1
1020000 7
1180000 4
1500000 4
1660000 1
710000 3
870000 2
1030000 4
1050000 8
80000 2
1210000 7
1370000 2
1530000 1
1690000 1
880000 2
1040000 6
90000 1
1200000 1
1360000 2
410000 1
1520000 1
4222110000 1
2000000 1
1070000 6
1230000 1
1390000 2
580000 2
740000 1
900000 3
1060000 3
1380000 2
590000 2
1700000 2
750000 1
910000 2
1090000 4
120000 1
1250000 2
1410000 4
600000 1
760000 1
920000 3
1080000 1
1400000 2
1560000 2
770000 1
930000 1
1110000 2
1270000 2
780000 2
940000 1
1100000 2
1260000 4
470000 1
630000 1
790000 1
950000 2
