0 8087601
1050000 1
240000 4
320000 1
480000 18
560000 47
800000 3
693080000 1
10000 52
250000 5
330000 1
410000 1
490000 1
570000 9
650000 1
12180000 1
730000 2
810000 7
14440000 1
20000 6
180000 1
260000 1
365260000 1
500000 1
580000 2
740000 1
820000 4
12330000 1
30000 1
9540000 1
190000 3
270000 4
680820000 1
350000 1
590000 1
750000 3
15410000 1
830000 2
990000 1
40000 1
120000 1
200000 4
357040000 1
600000 6
680000 1
12230000 1
760000 5
840000 1
50000 1
1160000 1
210000 2
9640000 1
823400000 1
8770000 1
450000 2
530000 1
610000 4
690000 1
9090000 1
8100000 1
12460000 1
60000 2
300000 1
148190000 1
380000 1
460000 2
540000 6
620000 2
700000 2
9100000 1
780000 4
16570000 1
24000000 1
70000 1
16000000 3
470000 14
550000 60
630000 1
710000 3
8080000 1
790000 4
13550000 1
