0 14686365
2260000 1
19060000 1
15990000 8
7590000 1
3710000 1
9040000 1
640000 1
6310000 1
170000 7
1280000 1
9680000 1
19230000 1
11940000 1
9210000 1
810000 1
1920000 2
9550000 1
1150000 1
340000 114
5670000 2
4860000 1
1790000 1
4010000 2
10490000 1
20000000 10
28400000 1
4390000 1
15010000 1
12240000 2
8360000 1
40000 3
15140000 1
3750000 1
680000 1
210000 1
1320000 1
2470000 1
3580000 1
4650000 1
850000 1
10360000 1
3110000 1
9590000 1
1190000 2
48400000 1
3410000 1
380000 156
5630000 1
1020000 1
11640000 1
44130000 1
22260000 1
5460000 1
550000 27
8950000 2
17350000 1
2770000 1
27970000 1
6100000 1
14500000 1
24010000 46
3150000 1
30450000 1
80000 1
4600000 1
12030000 1
3790000 1
720000 2
28020000 1
16550000 1
10410000 1
8490000 2
7500000 1
250000 2
2510000 1
4770000 1
15270000 1
16380000 2
17690000 1
890000 1
4300000 1
11690000 1
20250000 1
3450000 1
420000 60
5750000 1
20890000 1
4470000 1
22380000 1
5580000 1
590000 34
5110000 1
16680000 1
3190000 1
5370000 2
15870000 1
7630000 1
2380000 1
14250000 1
11260000 1
8270000 1
19820000 1
3020000 1
5200000 1
7460000 1
290000 17
3660000 1
4730000 1
5840000 1
16340000 2
930000 2
1270000 1
45330000 1
13950000 1
16170000 1
460000 6
2680000 2
9340000 1
4130000 1
1100000 2
4430000 1
16000000 302
5540000 1
23450000 1
630000 1
1740000 1
13310000 2
1037090000 1
14700000 1
11630000 1
160000 2
8560000 1
2420000 1
56210000 1
800000 1
14530000 1
11460000 1
15980000 2
330000 66
8730000 2
4850000 1
16620000 1
20010000 17
6600000 1
3530000 1
500000 2
5830000 1
5020000 1
1950000 1
10350000 1
12570000 1
4170000 1
30000 9
4171290000 1
1140000 1
9540000 1
6770000 1
7880000 1
16280000 1
1780000 2
10050000 1
15300000 1
840000 1
24020000 1
15940000 2
370000 146
22400000 1
11030000 1
2630000 2
8180000 2
28150000 1
31440000 1
15770000 1
14960000 1
11970000 1
3570000 1
540000 10
8010000 4
31310000 1
8470000 2
70000 5
2290000 1
4510000 2
5620000 1
710000 2
1050000 2
240000 3
16070000 2
7830000 2
1690000 1
27860000 1
9120000 1
3950000 1
14790000 1
4290000 1
15900000 1
8650000 1
410000 62
1520000 1
12020000 2
14280000 1
15430000 1
12700000 1
20090000 1
7490000 1
580000 88
5910000 1
9460000 1
110000 1
10570000 1
1220000 1
2330000 1
12870000 1
3884350000 1
4630000 1
8990000 1
750000 1
2970000 1
280000 19
16030000 2
1730000 1
4307270000 1
9160000 1
920000 1
7620000 1
9800000 1
450000 9
12060000 1
4890000 1
6000000 1
22010000 1
1430000 1
14110000 1
32000000 2
16330000 1
620000 1
150000 1
1260000 1
2370000 1
4590000 2
18380000 1
1130000 1
6460000 1
320000 59
7910000 1
16310000 1
1770000 1
23900000 1
12430000 1
4030000 1
960000 1
10510000 1
2110000 1
20020000 3
4370000 1
13880000 2
490000 2
1600000 1
3860000 1
21810000 1
8380000 1
20000 68
2240000 1
19040000 1
15970000 2
9870000 1
1470000 1
12090000 1
660000 1
2880000 1
14390000 1
8210000 1
190000 6
36010000 2
3520000 1
5820000 1
1940000 1
4160000 2
1170000 1
360000 136
5610000 1
8760000 1
25560000 1
2620000 1
16270000 1
6250000 1
11660000 1
6590000 1
530000 1
3900000 1
27990000 1
4970000 1
7230000 1
60000 4
15930000 1
4500000 3
15120000 1
12130000 1
700000 3
11320000 1
8170000 1
7360000 1
230000 2
9740000 1
10850000 1
3560000 1
4670000 1
14180000 1
22580000 1
15290000 1
16400000 2
1210000 1
3470000 1
13970000 1
400000 116
5730000 1
2660000 1
4920000 1
18650000 1
24620000 1
40310000 1
570000 103
11070000 1
12180000 1
14440000 1
6200000 1
100000 2
5430000 1
4620000 1
12010000 11
28000000 5
740000 3
6070000 1
2960000 1
5260000 1
270000 8
2490000 1
3600000 1
16360000 1
5900000 1
8120000 1
23810000 1
910000 1
1250000 1
8680000 1
3510000 1
5690000 2
440000 17
4880000 1
4150000 1
3340000 1
14910000 1
16020000 3
8850000 1
610000 2
1720000 1
3980000 1
48000000 1
3170000 1
12050000 1
780000 1
3000000 1
7440000 1
8550000 1
310000 45
1420000 2
14100000 1
32010000 1
24880000 1
12520000 1
12760000 1
1290000 1
3550000 1
480000 5
8880000 1
14210000 2
1930000 1
4190000 1
10000 3987
8410000 1
4171310000 1
12930000 1
16300000 2
1760000 2
3210000 1
180000 4
13910000 1
5510000 1
7730000 1
36000000 4
12250000 1
11440000 1
5340000 1
6450000 1
350000 115
9860000 1
8200000 1
990000 2
7390000 1
10540000 1
6580000 1
9730000 1
520000 2
11180000 1
8030000 2
7220000 1
50000 4
12890000 1
1800000 1
7690000 1
15280000 1
860000 2
24000000 32
3080000 1
390000 170
1500000 1
3720000 1
5940000 1
8160000 1
15750000 1
1370000 1
8800000 1
560000 21
16390000 1
28180000 1
2010000 1
9440000 1
90000 2
11700000 1
1200000 1
3460000 1
16220000 1
7980000 1
10080000 1
730000 1
1840000 1
12340000 1
1070000 3
6360000 1
3290000 2
260000 2
16050000 1
3930000 1
15880000 1
430000 27
12000000 9
2650000 1
3760000 1
28010000 2
2220000 2
8840000 1
600000 3
2860000 1
19980000 1
9010000 1
770000 2
12380000 1
4140000 1
1110000 1
8540000 1
16010000 220
300000 36
1750000 1
14730000 2
470000 2
1580000 2
