0 19337674
6300000 1
160000 15
1290000 4
320000 2
480000 1
800000 6
10000 984
170000 206
1280000 6
330000 4
650000 1
810000 2
1920000 1
20000 240
12620000 1
180000 1218
1310000 1
340000 3
3690000 1
8050000 1
660000 1
16450000 1
820000 2
30000 295
20000000 1
190000 1675
1300000 2
510000 12
1620000 1
15330000 1
670000 1
40000 165
8440000 1
200000 1041
360000 1
520000 188
1650000 3
680000 1
1000000 1
50000 127
15940000 1
210000 563
530000 59
850000 3
60000 25
1190000 1
220000 373
14960000 1
1350000 1
540000 11
1670000 1
700000 1
860000 1
70000 14
230000 577
1340000 2
550000 1
1660000 1
710000 4
870000 1
12440000 1
80000 32
240000 754
400000 1
560000 1
1690000 1
720000 2
880000 3
90000 2
250000 708
1360000 1
410000 1
3620000 1
570000 1
5880000 1
1680000 2
1840000 1
890000 1
100000 6
260000 582
6520000 1
420000 2
12010000 1
1710000 1
13500000 1
900000 3
14630000 1
110000 5
1220000 1
270000 364
430000 20
13030000 1
12000000 1
14140000 1
1700000 1
910000 3
14740000 1
120000 3
1250000 4
3350000 1
280000 228
440000 17
14250000 1
130000 4
1240000 1
290000 109
73710000 1
450000 1
770000 1
930000 2
1110000 1
9510000 1
140000 9
1270000 3
16010000 1
300000 48
460000 1
1750000 1
780000 1
15520000 1
12370000 1
116480000 1
150000 8
1260000 1
16000000 22
310000 11
470000 2
