0 3415707
1130000 2
5490000 1
3710000 1
640000 1
2900000 1
1930000 1
10000 1193
3220000 1
13720000 1
12770000 1
2750000 2
9050000 1
810000 1
15510000 1
4020000 1
20000 34
20010000 1
1470000 1
660000 1
9060000 1
16610000 1
8210000 1
14550000 1
30000 2
15800000 1
5340000 1
6450000 1
1300000 1
3520000 1
6930000 1
670000 1
830000 1
40000 1
200000 1
4480000 1
1650000 2
10050000 1
840000 1
1160000 1
11980000 1
1480000 1
530000 1
540000 1
700000 2
860000 1
3080000 1
1020000 1
12590000 1
70000 2
40010000 1
4350000 2
1180000 1
1340000 1
1500000 1
550000 5
710000 1
4440000 1
560000 5
720000 3
2820000 1
880000 1
2010000 1
8490000 1
1200000 1
3460000 1
12850000 1
410000 2
7820000 1
12020000 1
570000 28
730000 3
13490000 1
2990000 1
1070000 1
13990000 1
420000 1
580000 49
2800000 1
740000 1
28000000 1
900000 1
7320000 1
110000 1
12000000 1
14140000 1
590000 22
2970000 1
910000 1
1090000 2
440000 1
12070000 1
600000 4
760000 1
920000 1
6350000 1
130000 1
12650000 1
16020000 1
1400000 1
450000 1
3660000 1
1560000 1
12060000 1
610000 1
12220000 1
14560000 1
3119390000 1
1110000 1
16010000 21
12050000 1
1590000 1
8090000 1
16490000 1
780000 1
11400000 1
14890000 1
16000000 24
1420000 1
2530000 1
20600000 1
2850000 1
