0 4234351
1130000 1
16880000 1
160000 1
2260000 1
3550000 1
560000 1
640000 1
880000 1
2980000 1
10000 1736
15980000 1
570000 8
14280000 1
650000 2
3940000 1
20000 17
2240000 1
15970000 1
1470000 1
12010000 1
580000 18
2720000 1
820000 1
1950000 1
980000 2
30000 4
110000 1
36010000 1
590000 40
670000 2
28010000 1
750000 1
5030000 1
990000 1
360000 1
520000 1
600000 34
1730000 1
11340000 1
1970000 1
1080000 1
35750000 1
210000 1
2310000 1
16020000 1
610000 9
690000 1
1880000 1
1010000 2
3110000 1
4260000 1
140000 2
16010000 17
300000 1
620000 3
700000 1
12590000 1
9500000 1
150000 1
1180000 1
7520000 1
16000000 1
390000 1
2530000 1
8053590000 1
710000 1
16480000 1
3880000 1
790000 1
12440000 1
1980000 1
