0 1252806
160000 10
1290000 1
320000 1
480000 2
640000 1
800000 2
960000 1
10000 19
1120000 1
11780000 1
490000 1
650000 2
810000 6
20000 2
4700000 1
500000 2
660000 1
820000 8
980000 1
12570000 1
30000 2
14690000 1
20000000 4
190000 3
14850000 1
510000 46
670000 1
830000 4
990000 1
40000 5
200000 193
520000 21
16270000 1
7870000 1
680000 4
840000 9
50000 1
210000 697
20220000 1
370000 1
530000 7
690000 4
4970000 1
850000 17
1190000 1
220000 1182
13060000 1
3730000 1
540000 1
14510000 1
860000 14
1180000 1
230000 1176
3720000 1
550000 1
710000 1
12280000 1
870000 7
1030000 1
240000 1236
15100000 1
400000 1
19300000 1
1690000 2
720000 1
880000 9
250000 781
570000 1
2670000 1
730000 2
890000 1
15730000 1
260000 770
25620000 1
740000 2
28000000 1
900000 2
14630000 1
1220000 3
270000 626
5580000 1
430000 1
750000 1
910000 3
13930000 1
280000 168
440000 1
760000 1
920000 1
3180000 1
130000 1
2230000 1
16020000 1
290000 37
12220000 1
930000 2
2200000 1
140000 5
1270000 1
300000 8
1430000 2
460000 2
780000 2
16490000 1
940000 3
1100000 1
150000 7
1260000 2
16000000 10
310000 4
470000 1
9980000 1
630000 1
