0 23181895
80000 11
160000 2
240000 3
320000 1
4370800000 1
720000 2
4558910000 1
800000 1
10000 756
90000 11
170000 5
4052880000 1
4370890000 1
730000 1
810000 1
4498160000 1
4558030000 1
4498320000 1
20000 209
100000 8
180000 1
260000 1
4004890000 1
340000 1
500000 2
580000 1
740000 1
30000 77
110000 6
190000 2
270000 1
350000 1
510000 20
590000 1
40000 44
120000 5
200000 1
4004710000 1
360000 1
520000 13
600000 1
760000 1
50000 40
4052760000 1
130000 5
210000 5
530000 10
690000 1
1010000 1
60000 23
140000 2
220000 1
4370780000 1
780000 1
940000 1
70000 18
4370710000 1
2583830000 1
230000 2
12391740000 1
710000 1
870000 1
