0 1819776
1130000 4
2260000 5
3390000 1
320000 63
1450000 9
2580000 1
640000 18
960000 2
2090000 1
2430000 2
490000 4
1600000 4
2750000 2
810000 47
1920000 1
20000 17
1150000 4
2240000 4
340000 136
12940000 1
1470000 13
2560000 3
660000 15
1790000 1
980000 1
3200000 1
20000000 1
190000 1
1300000 3
510000 7
1620000 2
2730000 2
830000 27
9230000 1
1940000 2
1170000 3
2300000 3
3430000 2
360000 364
1490000 15
2620000 2
680000 27
1810000 1
1000000 2
2150000 1
2470000 1
530000 5
1640000 1
850000 12
1960000 1
3110000 1
60000 1
1190000 3
2280000 10
380000 432
1510000 15
2600000 3
700000 48
4050000 2
20850000 1
1020000 2
2130000 3
230000 36
1340000 1
3560000 1
550000 6
1660000 1
2770000 2
3880000 1
870000 3
24010000 1
1210000 3
2340000 6
400000 335
1530000 10
2660000 4
720000 61
2980000 1
1040000 1
2190000 2
3300000 1
250000 7
1360000 1
2510000 1
3620000 1
570000 15
890000 1
2000000 1
100000 5
1230000 2
2320000 2
8660000 1
3450000 1
420000 198
1550000 9
16210000 1
2640000 2
740000 64
1060000 2
2170000 5
3280000 1
270000 4
1380000 3
590000 19
1700000 3
5110000 1
910000 1
120000 2
1250000 1
2380000 2
440000 54
1570000 10
2700000 1
3830000 2
760000 50
2230000 3
4410000 1
290000 3
1400000 4
610000 3
930000 1
4260000 1
1270000 2
2360000 2
460000 6
1590000 3
2680000 2
780000 43
1910000 1
1100000 5
2210000 2
16000000 14
310000 11
1420000 3
2530000 2
630000 12
2850000 1
950000 1
2060000 2
1290000 2
2420000 1
3550000 2
480000 7
1610000 4
2740000 2
800000 49
1930000 1
10000 678
4210000 1
1120000 3
2270000 11
3380000 1
330000 103
1440000 6
650000 7
970000 3
2080000 4
2400000 1
17300000 1
500000 2
2720000 1
820000 43
30000 2
1140000 5
2250000 11
350000 211
1460000 10
2570000 2
670000 12
2890000 1
8200000 1
990000 1
2140000 2
200000 1
1330000 1
520000 3
2780000 1
840000 19
50000 2
1160000 4
2310000 4
3420000 1
370000 417
5600000 1
1480000 20
2630000 1
690000 32
1010000 1
220000 8
1350000 2
2440000 2
3570000 1
540000 2
1670000 2
2760000 1
3890000 1
860000 10
70000 1
1180000 2
2290000 6
3400000 1
390000 376
1500000 17
2610000 3
11010000 1
3720000 1
710000 47
1030000 2
1050000 3
2180000 1
240000 11
1370000 2
2500000 1
560000 6
3950000 1
880000 4
90000 1
2098320000 1
1200000 3
11700000 1
2350000 5
410000 290
1520000 9
2670000 3
3780000 2
730000 40
1070000 1
260000 3
1390000 6
3610000 1
580000 30
1710000 2
110000 1
1220000 1
2330000 7
430000 122
1540000 6
6850000 1
2650000 2
750000 64
1860000 2
16520000 1
1090000 1
280000 2
1410000 2
2540000 3
600000 9
1730000 2
920000 4
2050000 2
1240000 3
3500000 1
450000 30
1560000 7
6000000 1
770000 51
10440000 1
1110000 5
2200000 5
4420000 2
16010000 4
1430000 2
14110000 1
620000 4
1750000 1
2840000 1
2070000 2
150000 1
1260000 1
2370000 4
3480000 1
470000 4
1580000 4
2690000 3
3800000 1
1900000 2
790000 71
