0 3333799
1130000 1
160000 2
320000 107
4680000 1
480000 1
7910000 1
640000 2
800000 2
960000 3
2090000 1
10000 948
2110000 1
1120000 1
1280000 1
330000 41
6790000 1
490000 1
4020000 1
970000 4
20000 14
20010000 1
180000 1
1310000 3
340000 15
1630000 2
820000 1
980000 3
30000 4
1300000 2
350000 7
7720000 1
2570000 1
510000 2
670000 1
2890000 1
990000 4
40000 1
1170000 2
1330000 1
360000 6
2460000 1
7870000 1
680000 1
1000000 2
2150000 2
50000 3
210000 1
12890000 1
1320000 1
370000 6
530000 1
1640000 2
690000 2
7230000 1
1010000 1
2120000 1
60000 2
1350000 1
380000 1
1510000 2
540000 3
1990000 1
1020000 3
1340000 2
390000 4
550000 11
1660000 1
11330000 1
870000 1
1030000 6
7350000 1
1050000 3
80000 2
1210000 3
2340000 1
240000 1
400000 2
560000 17
880000 4
1040000 1
250000 1
2350000 1
3460000 1
410000 1
570000 80
730000 1
890000 2
100000 1
1230000 2
260000 8
420000 3
1550000 1
2640000 1
580000 91
1710000 1
1870000 1
900000 3
7160000 1
1060000 2
5260000 1
2170000 1
1220000 2
16910000 1
270000 42
1380000 2
430000 1
2650000 1
590000 69
4950000 1
28010000 1
910000 2
4080000 1
1090000 3
120000 1
280000 168
2380000 1
440000 1
14090000 1
600000 23
1730000 1
760000 1
920000 2
2230000 1
1240000 3
290000 519
2390000 1
610000 30
770000 1
1880000 1
930000 4
10440000 1
4140000 1
1110000 3
1270000 3
300000 683
620000 13
1977310000 1
940000 5
1100000 1
1260000 3
310000 369
16000000 5
470000 1
630000 9
790000 1
950000 4
