0 1862706
1130000 1
2260000 1
1290000 1
1450000 3
640000 1
800000 1
1930000 1
10000 974
1120000 1
1600000 2
970000 2
20000 31
1310000 1
500000 1
1630000 2
660000 1
820000 1
30000 12
1140000 1
1300000 1
1460000 1
1940000 1
990000 1
40000 6
2140000 1
1170000 1
1490000 2
520000 1
840000 1
1000000 2
50000 6
1160000 4
1480000 1
1640000 1
690000 1
1800000 1
850000 1
1010000 1
60000 5
1190000 2
1350000 1
1510000 2
2600000 1
700000 2
1020000 3
70000 1
1180000 2
2646830000 1
1500000 1
710000 1
1820000 1
870000 2
1030000 1
80000 2
880000 1
1040000 3
1200000 3
1360000 1
1520000 3
570000 2
1680000 1
890000 2
1390000 2
2480000 1
1710000 1
1060000 1
110000 1
1220000 1
270000 2
1380000 1
1540000 1
590000 1
910000 2
2020000 1
1090000 1
120000 2
1250000 1
1570000 1
1730000 2
1890000 1
920000 1
2050000 1
1080000 1
1400000 2
610000 2
1720000 1
1880000 2
930000 2
2040000 1
620000 1
780000 1
1910000 1
3995030000 1
1100000 1
1260000 2
16000000 2
1420000 2
1580000 1
790000 1
950000 2
