0 5927928
1130000 1
1406210000 1
160000 3315
320000 869
640000 2
1770000 1
800000 17
960000 5
10000 256655
1543530000 1
1120000 2
170000 2729
330000 647
810000 21
970000 6
20000 170008
1150000 2
180000 1652
340000 427
820000 19
980000 4
30000 125601
9843120000 1
1140000 5
190000 1459
1300000 1
350000 184
1460000 1
670000 1
830000 13
9842810000 2
990000 4
40000 54476
1170000 5
200000 1394
360000 73
1490000 1
9843350000 1
680000 6
840000 22
50000 37520
1160000 2
210000 1472
370000 20
530000 1
690000 8
850000 25
1010000 4
60000 20036
220000 1300
380000 6
700000 15
860000 9
1020000 4
70000 9098
1180000 1
230000 1197
390000 1
550000 1
9842690000 1
710000 14
1544230000 1
870000 20
1030000 1
1050000 1
80000 4884
240000 810
400000 2
720000 19
880000 19
1040000 3
90000 4385
1200000 3
250000 575
410000 3
9869570000 1
1680000 1
730000 25
890000 18
1070000 4
100000 5547
1230000 1
260000 495
580000 1
1263020000 1
1514860000 1
740000 29
900000 13
1060000 3
110000 5752
270000 495
750000 23
1406940000 1
910000 18
1090000 4
120000 5437
280000 568
760000 23
920000 11
1080000 2
130000 4606
290000 650
1177900000 1
770000 22
930000 11
1110000 2
140000 4289
300000 812
1590000 1
780000 20
940000 13
1462680000 1
1406100000 1
1100000 1
150000 4590
1260000 1
310000 939
470000 1
790000 23
950000 5
