0 15065620
160000 2
15990000 1
400000 5
480000 1
2580000 1
560000 3
640000 1
2740000 1
14370000 1
7259140000 1
23980000 1
15580000 1
2090000 1
5846790000 1
10000 4669
1200000 1
7176770000 1
570000 11
2670000 1
810000 1
20000 18
15970000 1
2560000 1
12010000 2
580000 65
2640000 1
4780000 1
740000 1
820000 1
4010000 1
30000 11
10650000 1
15960000 1
350000 1
430000 1
590000 98
27930000 1
40000 1
7176560000 1
1170000 1
16030000 1
360000 3
2540000 1
600000 60
7177040000 1
680000 1
760000 1
15540000 1
17720000 1
5846750000 1
50000 5
15940000 1
370000 1
610000 14
690000 1
5050000 1
16010000 45
380000 3
540000 1
620000 3
700000 1
6674020000 1
4050000 1
7182850000 1
16000000 14
390000 4
12040000 1
32010000 1
630000 2
8000000 1
790000 2
4040000 1
11490000 1
