0 1559883
1210000 1
720000 3
880000 1
1177460000 1
960000 1
1040000 1
10000 958
1120000 1
1440000 2
1520000 1
650000 1
730000 2
810000 1
970000 2
20000 11
1070000 1
1550000 1
1630000 2
740000 4
900000 1
980000 1
30000 5
1060000 1
1140000 1
1300000 1
1460000 1
1540000 1
1620000 1
670000 1
750000 6
830000 2
910000 2
990000 3
1250000 1
1330000 1
1410000 1
1570000 2
680000 2
840000 1
920000 1
1000000 3
1320000 1
1400000 1
1480000 1
1640000 2
770000 1
850000 2
930000 1
1010000 1
1110000 1
1510000 1
1590000 1
700000 1
780000 3
860000 2
940000 2
1020000 4
1100000 1
1260000 1
1420000 1
1580000 2
1660000 1
710000 6
790000 1
1030000 4
