0 11084303
80000 6
4360000 1
160000 2
240000 5
320000 1
560000 5
640000 1
15500000 1
3950000 1
880000 17
2090000 1
10000 63
1120000 2
90000 6
170000 1
250000 2
330000 1
490000 1
1760000 1
890000 5
970000 2
20000 17
100000 6
180000 1
260000 1
4540000 1
500000 1
3930000 1
740000 1
14550000 1
4090000 1
30000 8
20000000 2
110000 2
190000 4
14850000 1
510000 4
7170000 1
910000 1
40000 7
1090000 1
120000 6
200000 2
4400000 1
173450000 1
520000 52
4960000 1
840000 6
920000 1
50000 2
130000 2
210000 4
5520000 1
370000 1
530000 15
610000 1
9090000 1
20700000 1
4970000 1
850000 10
1880000 1
1010000 1
1110000 3
60000 1
140000 1
220000 3
8700000 1
876050000 1
1510000 1
540000 28
3890000 1
8170000 1
860000 30
150000 1
230000 3
4430000 1
1260000 1
16000000 2
470000 1
550000 11
4910000 1
50080000 1
870000 46
1980000 1
