0 3154531
15990000 1
3550000 2
480000 7
640000 2
19540000 1
13240000 1
800000 16
960000 3
10000 580
2270000 1
170000 1
330000 1
2590000 2
490000 6
650000 1
2910000 1
810000 12
15510000 2
970000 3
20000 9
20010000 1
340000 2
2560000 1
500000 3
820000 13
980000 1
350000 1
510000 6
12080000 1
2730000 1
830000 9
13590000 1
990000 3
40000 2
2300000 2
360000 3
520000 8
1650000 1
680000 1
840000 9
10370000 1
1000000 1
50000 1
8450000 1
9720000 1
370000 6
2630000 1
530000 4
850000 16
13370000 1
1010000 2
60000 1
6560000 1
380000 24
10840000 2
2600000 1
540000 6
8940000 1
10230000 1
860000 15
14670000 1
70000 3
12750000 1
1340000 1
390000 26
550000 6
1660000 1
2770000 1
870000 16
1030000 1
1050000 3
5410000 1
400000 65
6700000 1
2660000 1
560000 2
880000 15
1040000 2
36740000 1
90000 1
250000 1
11860000 1
410000 86
12020000 1
570000 31
890000 11
15890000 1
11690000 1
2480000 1
420000 75
580000 27
8980000 1
900000 7
650150000 1
1060000 2
110000 1
13820000 1
2490000 1
430000 78
12000000 2
918080000 1
590000 5
750000 1
910000 5
1090000 1
11750000 1
6500000 1
11910000 1
440000 55
9970000 1
16350000 1
11100000 1
600000 1
760000 2
920000 5
16020000 1
2550000 2
450000 52
13130000 1
610000 1
1720000 1
770000 1
930000 3
3330000 1
16010000 6
300000 1
460000 39
780000 9
940000 2
12530000 1
15840000 1
18060000 1
2370000 1
16000000 7
13940000 1
2530000 1
470000 19
2850000 1
6020000 1
790000 4
950000 2
