0 1333473
160000 5
1290000 10
800000 4
960000 1
10000 36
170000 46
1280000 5
330000 1
650000 1
4850000 1
810000 7
970000 2
20000 5
180000 121
1310000 4
340000 1
660000 3
820000 13
980000 2
30000 3
190000 139
1300000 8
12790000 1
510000 3
670000 4
830000 8
14540000 1
40000 3
200000 435
1330000 3
520000 72
12150000 1
680000 6
840000 7
1160000 2
210000 1115
1320000 2
370000 1
530000 15
690000 8
850000 2
1190000 2
220000 2201
5470000 1
15120000 1
700000 6
860000 6
1020000 1
230000 1945
1340000 1
710000 7
12280000 1
870000 2
80000 3
2180000 1
1210000 2
240000 1119
1690000 1
720000 3
880000 3
1040000 1
1200000 1
250000 833
730000 7
890000 3
8300000 1
1070000 1
11690000 1
1230000 3
260000 292
1710000 1
740000 5
900000 4
1060000 1
110000 1
1220000 2
270000 74
430000 3
590000 1
750000 4
910000 1
1250000 2
280000 13
440000 4
760000 7
920000 2
1240000 4
290000 2
610000 1
6000000 1
770000 8
930000 4
1110000 1
1270000 4
16010000 1
300000 6
780000 3
1910000 1
16650000 1
940000 1
150000 9
1260000 6
310000 1
790000 1
1900000 1
950000 1
