0 1628019
2100000 2
2260000 2
320000 2
1450000 3
640000 1
800000 5
960000 1
10000 970
1120000 1
878790000 1
2590000 1
1600000 2
650000 2
1760000 1
810000 6
20000 572
1150000 1
180000 1
340000 2
500000 1
3213380000 1
660000 3
820000 7
1393300000 1
30000 4
190000 3
2250000 1
350000 1
1620000 1
670000 1
830000 5
990000 1
40000 4
1170000 1
1330000 1
360000 1
1580550000 1
1650000 2
680000 3
1577800000 1
840000 9
1970000 1
1270870000 1
1000000 1
50000 2
2150000 1
2310000 1
370000 1
1640000 1
690000 1
1800000 1
850000 1
60000 1
1190000 1
380000 1
700000 2
1830000 1
860000 5
1020000 1
2130000 1
70000 1
2876480000 1
230000 2
1340000 1
390000 1
1500000 1
1325830000 1
550000 1
870000 3
1980000 2
1050000 1
80000 1
240000 1
1370000 2
2500000 1
1690000 2
720000 2
880000 3
2010000 1
1497410000 1
90000 3
2190000 1
250000 2
410000 1
2510000 1
1541830000 1
603420000 1
1557640000 1
570000 1
1680000 1
1399510000 1
730000 2
1840000 1
878520000 1
890000 1
2160000 2
100000 2
1256360000 1
260000 2
1325700000 1
2480000 1
420000 1
1550000 1
580000 2
740000 4
900000 4
2030000 1
2170000 1
110000 2
1220000 1
1700000 1
750000 2
910000 1
2875180000 1
1090000 3
120000 3
280000 2
440000 1
1570000 1
2700000 1
2050000 3
130000 1
1560000 2
610000 1
770000 2
2870000 1
930000 1
2040000 1
140000 1
300000 1
620000 1
1750000 2
780000 5
1910000 1
2070000 1
1100000 1
150000 3
310000 1
1420000 1
879290000 1
790000 2
