0 20416471
1050000 1
963990000 1
480000 4
3176610000 1
560000 2
640000 1
800000 2
880000 1
4267570000 1
10000 112
3477170000 1
1200000 1
1360000 1
1440000 2
410000 2
490000 2
1520000 1
570000 2
650000 3
1144740000 1
730000 2
810000 5
20000 1
1310000 1
340000 1
1390000 1
420000 2
580000 2
660000 5
740000 1
820000 4
900000 3
980000 3
30000 1
963800000 1
2351210000 1
1380000 2
350000 1
1460000 1
430000 2
510000 1
590000 7
670000 4
830000 4
990000 1
40000 1
4476570000 1
4267050000 1
440000 6
520000 2
600000 4
1144710000 1
680000 3
760000 1
840000 4
920000 1
1000000 2
50000 2
1080000 1
3016800000 1
210000 1
450000 3
610000 1
690000 2
850000 3
930000 1
1010000 1
60000 1
2351160000 1
460000 4
620000 2
700000 5
780000 5
860000 5
1205790000 1
3477150000 1
230000 1
1340000 1
470000 2
550000 4
630000 6
790000 2
870000 3
1030000 1
