1 10130374.058155863 10143094.7315556 10117653.384756126 10164956.997091219 10016004.687237691
2 12616104.945718745 13274091.41587023 11958118.475567259 16388003.198188422 10167221.685336001
4 25088524.205239605 27526917.15880267 22650131.25167654 35932271.54813679 17267988.04969999
8 47170718.20316591 50477628.1667764 43863808.239555426 61272829.130046986 31942178.86722108
16 67469058.22928502 72577007.27954736 62361109.17902266 90077971.03811376 43960718.569135
32 128134445.47146897 135415818.8440068 120853072.09893113 158485995.6978233 76937967.85120408
48 171264103.94135565 181720732.05243847 160807475.83027282 200836964.4448114 101674440.90999748
64 186571281.66540802 200230328.6402175 172912234.69059852 229643396.82279673 121145044.29465571
70 205894474.96811113 215363800.33003283 196425149.60618943 233503124.78188014 140776458.7951133
86 236447314.9446514 238530514.81122047 234364115.07808232 251798649.01654437 226601190.62444502
96 232739303.26929176 240287461.12014985 225191145.41843367 267863587.61275882 160294287.33950064
