1 10811714.482744336 10819267.871109026 10804161.094379647 10847329.099833209 10756026.95121321
2 13385289.286114521 13769331.953501653 13001246.61872739 16055705.876731416 10098850.514933554
4 27342713.53028409 30183457.301871028 24501969.758697156 39426661.271781296 17130302.0249293
8 50570825.37580114 55930957.49496002 45210693.25664226 70539852.3183931 26273896.04485028
16 95279418.45821218 102055798.43270463 88503038.48371974 116153208.83923888 55602053.43678288
32 155865883.578808 167624169.99567264 144107597.16194338 189045677.6270094 73765077.45229183
48 220346853.44693553 236790205.48225546 203903501.4116156 261303601.78622335 105892710.36005968
64 225472406.11834812 248360112.6523642 202584699.58433205 275321270.20398957 61930460.66560393
70 249089345.3489794 267482252.45415723 230696438.2438016 297874246.0028724 143971633.9547874
86 280032003.5364502 291928919.276312 268135087.79658845 298116131.7547048 124943556.35234402
96 271367233.05934733 289365629.30183476 253368836.8168599 313982694.6537302 122035713.3809565
