1 10164880.026202431 10184096.457127597 10145663.595277265 10224744.478935288 9988804.780074282
2 12617132.714202665 12979641.489729576 12254623.938675754 15162567.06231452 9587275.74699224
4 25697163.34526788 28372352.652482532 23021974.03805323 37095995.359726466 16128480.692577388
8 48009715.478406005 53127701.67768904 42891729.27912297 66372754.267259985 24842535.676015668
16 90489562.39366077 96969948.07786575 84009176.70945579 110498856.27867691 52811677.656239726
32 149534792.0295044 160876573.9189997 138193010.14000908 181431377.55518585 70429840.49608566
48 211446605.2298142 227319629.72557533 195573580.73405308 249356390.44567838 100981133.216927
64 214275346.50796393 236048137.40509194 192502555.6108359 261512945.29966217 59903620.701080576
70 237074191.75163403 254661587.84060392 219486795.66266415 284188341.50660247 136672295.1529441
86 269485673.7776198 281091736.62114114 257879610.93409845 287529619.46442264 118145237.01855959
96 259799944.55724007 277131735.3769961 242468153.737484 299655062.6601569 117192297.2774541
