1 8161216.762717148 8198160.152542275 8124273.372892021 8265004.583132399 8109511.971035365
2 10116274.37277242 11288505.196161767 8944043.549383072 12175052.813981477 7729067.10229459
4 24842268.61577196 28823707.265009526 20860829.966534395 29465433.40133135 13270961.632790308
8 46648875.78456385 52329710.52711378 40968041.04201391 53457903.83385172 31709458.79907499
16 69759352.84568349 81452633.41389376 58066072.27747322 90838338.56836006 45812445.96511965
32 145004651.77344328 163825160.73065647 126184142.81623009 162321430.4442461 71634575.8898572
48 188466328.10874256 218249386.16598785 158683270.05149728 222808544.86250517 81097829.21480316
64 221147676.0943748 252098961.6157893 190196390.57296032 250384293.70277992 109253673.82798441
70 230346120.80913067 255937109.53048384 204755132.0877775 255806971.09954768 155790647.36419675
86 242003734.9209032 273872910.7347279 210134559.1070785 276639527.64631414 149395899.03454039
96 270689476.0771353 292859760.57782423 248519191.57644644 304911229.3376207 203499029.1736718
