1 1911360.4362706852 1911948.0683592744 1910772.804182096 1915174.9137721246 1908567.479837712
2 3535069.1482308907 3615459.156275388 3454679.1401863936 3786222.4915264617 3000275.8604108547
4 7573661.570472601 7625401.980353305 7521921.160591897 7658903.196135219 6992241.550819932
8 15458636.304570198 15523167.801876053 15394104.807264343 15617694.452470418 14814479.064481523
16 30383204.018022273 30585481.67277263 30180926.363271914 30689516.971307494 27820363.159300245
32 54899800.771331936 55320241.710305594 54479359.83235828 55688047.96576789 50916674.42662762
48 69451750.41974694 69760295.14231429 69143205.69717959 70200565.64258176 65697236.04990357
64 69970770.38259098 70606751.73753993 69334789.02764203 71073493.38762736 63822294.2820103
70 71177806.32586724 71688651.23579039 70666961.41594408 71948334.87283304 66903793.64058338
86 70586838.45503221 71430959.57010847 69742717.33995596 71954835.6228772 64318361.294527784
96 70887003.08047514 71166837.58571102 70607168.57523926 71445986.41664481 67068348.8516101
