1 8764094.85598306 8827064.712397223 8701124.999568896 9011946.990881173 8708996.119986042
2 11211874.403020818 12434226.500712425 9989522.305329211 13535839.577022566 8609211.783749301
4 28141452.69114403 32408152.721359346 23874752.660928715 33074486.679070752 14673682.982927654
8 51373454.11408523 57231844.2124839 45515064.01568656 56624736.2088949 35599128.5566885
16 76342803.86135581 89811694.60189253 62873913.120819084 99492175.24334309 48912362.63777486
32 158573575.8959176 179722986.15675017 137424165.63508502 176382640.03877264 75808786.2335921
48 203524873.64933142 236682461.85152635 170367285.4471365 240093310.4037802 84088485.76206292
64 237252056.52670217 271643681.97301686 202860431.08038744 270832822.86509985 113055764.85179467
70 246236241.60632277 274802028.1753137 217670455.03733182 273725791.0011036 162184550.87000117
86 257690436.79281163 293894875.8067792 221485997.77884406 297095272.37722427 154254261.1830222
96 290227467.4967927 315429971.9474913 265024963.04609406 328204268.36518 213838768.62733328
