1 11034114.431265762 11042429.758873759 11025799.103657765 11077237.451609962 10959557.324508175
2 18355386.554812085 19077681.719752807 17633091.389871363 20477247.402892876 13436890.074861363
4 34357797.589697346 36864209.37473012 31851385.804664575 40822681.50427497 19775143.656582586
8 56390667.1967745 62225367.84549472 50555966.54805428 71259213.46417905 28268951.40770968
16 100053372.741286 106371552.07310475 93735193.40946724 117268137.68406747 54139835.58337701
32 166354819.95942286 180430761.9357656 152278877.98308012 201469472.19406092 82632829.61551835
48 234913746.42957255 251498509.6043037 218328983.25484142 267536403.21138194 117993995.40326369
64 268613326.685921 278871090.52452296 258355562.84731904 283865991.26597035 143159434.8905301
70 255085452.23323762 273020382.96657896 237150521.4998963 287151709.2407376 148316839.2073967
86 295708470.1752422 304420576.3026034 286996364.04788095 304675724.28230894 173851644.45456398
96 290771017.7528801 307109301.7092851 274432733.7964751 322133236.2945443 164406166.45426556
