1 33834587.031237625 33925147.60061232 33744026.46186293 34133423.296427734 33684174.96476435
2 45631408.483121164 47145120.13260579 44117696.83363654 48775727.74077209 42566076.36623809
4 88214264.579742 112701853.136974 63726676.02250999 114088612.5242539 18690154.266065262
8 126480310.91880938 171019774.53642845 81940847.30119032 233748388.57558915 53514357.61251184
16 291701411.641624 349460751.3181133 233942071.96513462 388519430.63417196 135089421.16271162
32 541524980.5712309 645233853.9240057 437816107.21845603 725556651.3954108 234293919.1379929
48 624575118.0187908 724314513.4787334 524835722.5588483 805989651.1375328 381151264.57544565
64 749598930.4549323 783360517.6722884 715837343.2375762 808847156.7232639 669449295.8401003
70 730411734.3636154 798411346.6532085 662412122.0740223 796176970.1571597 537499300.9974109
86 756982641.7956614 785592132.7677398 728373150.8235831 786347325.4954287 648472310.7173791
96 748825774.2649298 771088983.1129396 726562565.41692 785921082.4191285 694306087.902123
