1 27715822.632218566 27809603.413313866 27622041.851123266 28797750.65188652 27046853.801697567
2 40478261.19381451 41797962.96089054 39158559.42673848 48370522.78127308 34755551.05355726
4 86225988.09880266 91255712.899717 81196263.29788831 105531387.20181428 68935180.20422687
8 184544627.92429146 193122615.36393356 175966640.48464936 214101723.57054576 132005171.69255668
16 368949131.2482564 397583932.6070576 340314329.8894552 456714327.0751903 155145485.74814194
32 801936629.5786426 832822295.725643 771050963.4316422 915450301.1409988 638771256.7343689
48 1207746769.4977431 1243616512.8016021 1171877026.1938841 1328473065.923763 880782353.7516121
64 1127906170.5843942 1172982623.0952241 1082829718.0735643 1340279153.1965787 599781130.7813051
70 1087990976.0457237 1122238679.3224971 1053743272.7689502 1232030310.7443757 691074903.1438216
86 1157148547.4446318 1176017222.3612907 1138279872.527973 1348090390.9817789 1063987446.8328125
96 1047942376.5393467 1080067634.8180044 1015817118.2606889 1263847300.3026412 678537606.8616931
