1 9954175.182540527 9968384.47426752 9939965.890813533 9997407.241400106 9833136.544360226
2 12970974.79944747 13494761.741813418 12447187.857081521 16125731.782149693 10798799.411372831
4 26658000.86885037 28440629.414271712 24875372.323429026 33934137.03527131 20570456.210166484
8 48724038.84925948 51761833.85023395 45686243.84828501 60210254.59948177 32556194.46230336
16 68387521.34495093 73760794.16842282 63014248.52147905 88597690.31971096 43433973.0378325
32 128539455.25056471 135628589.14624262 121450321.3548868 152936212.59277576 75397855.64942369
48 168852920.01744893 179166866.81634468 158538973.2185532 194279540.8391716 98009879.49294177
64 183567741.22028223 197013655.2760713 170121827.16449314 222850584.5431213 120054889.12738493
70 201446840.90947706 210689765.1248807 192203916.6940734 227113105.88930884 135559578.25929698
86 230237346.23991162 232127104.36579433 228347588.1140289 248357457.3516971 219509595.15750372
96 228456866.27398455 235783682.79754838 221130049.75042072 260789475.68867067 154187946.20229784
