1 11544336.988511106 11564479.611472968 11524194.365549244 11742675.819694376 11376899.743473459
2 14249148.902422836 14661647.693556298 13836650.111289375 17055742.998561803 10663265.98588493
4 29204140.17897068 32233179.925366625 26175100.432574734 42057851.67168031 18254592.305335335
8 53406078.114356644 59033661.20133508 47778495.02737821 75255211.14322346 27866764.37945032
16 100577399.69446728 107678714.21920538 93476085.16972917 122387173.65819684 58455112.02360957
32 162710188.9210068 174917510.36246663 150502867.47954696 197272401.7633901 77386081.23240903
48 229946036.000811 246999727.07226965 212892344.92935237 274357816.71102554 111232899.21898969
64 237799200.6211949 261915341.5504121 213683059.6919777 290548035.03201944 64095158.479829915
70 262275112.15685782 281552760.25655216 242997464.05716348 312837287.60797894 152000490.57460156
86 291309399.12029326 303495869.9046453 279122928.3359412 309380761.5061338 132535706.06025864
96 283869556.52345395 302574816.7827549 265164296.26415303 329578795.54807025 127277684.4309855
