1 1837233.4280922273 1837899.6472409347 1836567.20894352 1841932.5500346352 1832897.0848540834
2 3346570.411132735 3421315.17189393 3271825.6503715403 3583135.96225366 2857548.7433152706
4 7395528.103520579 7448901.649324033 7342154.557717124 7484364.7118507475 6801527.984762477
8 14569080.956649203 14629733.599615863 14508428.313682543 14725777.244487094 13934882.094376067
16 28656539.89500881 28849099.05661909 28463980.73339853 28944753.743685048 26190003.446536075
32 52263261.7025347 52649187.5155414 51877335.889528 53006667.19955746 48691341.73527184
48 65613716.015396275 65901285.68563141 65326146.34516114 66332004.97809895 62124639.10959536
64 66516768.59253118 67107883.42875126 65925653.7563111 67558758.05885997 60612223.35654168
70 67361951.68283099 67830110.40444529 66893792.961216696 68064686.10910876 63299576.21311859
86 68243556.16876298 69038813.5065705 67448298.83095546 69560506.4549002 62456077.14357343
96 66877602.88323526 67126965.67996272 66628240.086507805 67385405.44281772 63476486.677331395
