1 1992328.3504768473 1993109.768777549 1991546.9321761455 1995126.690596581 1987152.3984619472
2 3747304.111040685 3834592.4589863857 3660015.763094984 4015576.0001889025 3157385.351246612
4 7762084.322234011 7812034.358093824 7712134.286374198 7845514.314876302 7194802.709830905
8 16471655.325745312 16540880.436063718 16402430.215426907 16634716.949395975 15820774.808823237
16 32347553.979268886 32561211.05189666 32133896.90664111 32674052.222709686 29676384.83840154
32 57829774.579308294 58291441.84506605 57368107.31355054 58698137.22878944 53358657.67629822
48 73781488.11456572 74115885.41129617 73447090.81783526 74561711.8008741 69725762.58782151
64 73819758.42691517 74508812.00435205 73130704.84947829 74991795.50551295 67399980.27126707
70 75465892.39769952 76028123.70705692 74903661.08834212 76324160.73019703 70944994.16436955
86 73090411.06551641 73990048.34696515 72190773.78406768 74533278.06296913 66283731.396832496
96 75373293.04053046 75689507.22255072 75057078.8585102 75990777.04438257 71065342.69600642
