1 802214.5810813343 802214.5810813343 802214.5810813343 802214.5810813343 802214.5810813343
16 11211327.719044225 11211327.719044225 11211327.719044225 11211327.719044225 11211327.719044225
48 24911385.432265647 24911385.432265647 24911385.432265647 24911385.432265647 24911385.432265647
1 352722.0863019274
1 401561.7154636284
1 406779.5897726983
2 894559.8947377085
2 672347.8057904725
2 2059696.965341661
4 946507.4437338125
4 835368.9882149067
4 652649.657291385
8 2429156.963743711
8 583701.0814955352
8 2458001.2871530014
16 2908461.2137027225
16 4425836.154936954
16 1.5295064297781939E7
32 2.844659209278006E7
32 1.267017685064502E7
32 6687275.499728795
48 3811315.365390017
48 6930852.433076778
48 5431215.370354595
