1 4365858.476608449
1 4482959.82431282
1 4473238.245544037
1 4500639.450449154
1 4400970.5031181555
2 3112731.375456904
2 3051064.4041904868
2 2848292.452229153
2 3257795.9441196555
2 3028631.6001106636
4 1920013.7400675262
4 2054440.9806305675
4 1993927.978007112
4 1553064.707729696
4 1805868.1033524068
8 1423210.8937679403
8 1814555.841149639
8 1302259.2523296156
8 1218171.404273464
8 1761616.1739024124
16 1158770.882025135
16 1195637.0114434825
16 1109411.6345337282
16 1212706.2247556928
16 1088095.8186010988
32 1033165.4629328455
32 507016.01449141774
32 523716.3853924118
32 857661.5920783255
32 729387.1798677786
48 484081.1982459069
48 581513.9287767923
48 725408.9048466206
48 389186.7888235745
48 678904.9075923993
