1 4572506.742733414
2 3529827.284186793
2 3472747.4024823145
2 3310514.128383122
2 3611082.7260106686
2 3515574.565772465
2 3237191.2255405104
2 3567207.1882322123
2 3379311.7103514527
2 3422572.403144367
2 3393089.356440391
4 2691642.4344325536
4 2560702.763061206
4 2851818.601720893
4 2644953.2651900845
4 2535912.5072631706
4 2525404.771878858
4 2625651.252701018
4 2696342.969046732
4 2717933.2868103664
4 2805506.015353463
8 1818982.6901447973
8 1779563.0701556788
8 1970301.9054293642
8 1929675.3692939056
8 1944289.1508213147
8 1855279.6381593058
8 1700470.647840229
8 1769886.2920629764
8 1773136.8237545085
8 1863831.8159140297
16 1532255.478014767
16 1355096.3518843472
16 1503267.1570619368
16 1303398.151386321
16 1531398.1122600182
16 1463871.908495767
16 1170878.1455594273
16 1299162.732033862
16 1520729.6461373295
16 1123308.6581310881
32 1293723.3306259469
32 1057871.7966268284
32 1195289.9095302909
32 1044183.4921722944
32 1082650.101903593
32 1068997.1834240637
32 1269543.3346751858
32 1166565.4561192947
32 1190975.7008149861
32 1078433.0422634243
48 962092.0590829205
48 1056099.7715527336
48 1068355.4775788342
48 1054999.8331461353
48 1133332.3539300212
48 1055311.5182770316
48 1082011.7621820038
48 837268.1410471731
48 1159067.6739761287
48 1070481.7430250186
