1 1922271.1328609863
2 1907995.1152158254
2 1790712.4149609616
2 1813211.0899643048
2 1846593.222314276
2 1781173.290694989
2 1901245.5934826646
2 1861570.0013371645
2 1910800.700885739
2 1839198.042655295
2 1878618.5378130684
4 1678209.0739189037
4 1679059.8365193936
4 1712392.9236340057
4 1734325.9461635728
4 1753750.1420363963
4 1709671.8795796274
4 1732850.477333491
4 1704905.2582220032
4 1665408.781429008
4 1793167.8096927782
8 1630010.64990918
8 1627486.3453379448
8 1664952.7577465263
8 1295843.6631309085
8 1644319.1607739828
8 1329747.9178999283
8 1588185.0898708776
8 1657603.931652769
8 1651480.508075751
8 1605264.8131009075
16 1400494.2748991167
16 1413410.2514918346
16 1383034.9148039
16 1471211.001985199
16 1395976.6255221334
16 1488098.3146381772
16 1483856.5561965373
16 1422315.4253570025
16 1391980.3931697211
16 1484076.5208970802
32 1131760.877373095
32 1140421.8789721339
32 1121823.9646992625
32 1140082.700423009
32 1141773.5243414836
32 1157060.1213893099
32 1127680.7681448574
32 1156670.4225406433
32 1177202.372929168
32 1132545.5218853205
48 868534.5874826474
48 871071.022216907
48 855220.6233398354
48 889286.8182484773
48 849158.7053772863
48 882196.4298694956
48 868164.7615035895
48 863375.5954727745
48 872823.9406631888
48 866650.4589152244
1 1781454.227650935
1 1722442.7020340166
1 1834616.1117741887
1 1792796.1249669513
1 1758129.9643666039
1 1850949.8019260434
1 1698396.0987838048
1 1821339.3726443243
1 1745788.5119585276
1 1872397.7851605336
2 1786287.0447468408
2 1802381.4425314409
2 1862940.1241469665
2 1886308.3522842005
2 1938654.5772166757
2 1821428.6069412443
2 1932135.1652067497
2 1923514.1124810867
2 1790757.8018812393
2 1889258.4792312295
4 1727888.9407766394
4 1668853.0742525142
4 1726916.5976735707
4 1745778.978700162
4 1704471.22059629
4 1750206.6608811042
4 1734075.234718415
4 1743472.5779708198
4 1625019.4755638577
4 1774185.0935347034
8 1641401.026418224
8 1574674.1971103735
8 1613716.8562233266
8 1272820.5837218922
8 1634969.9592830483
8 1645101.403596341
8 1623742.2811877278
8 1627799.776092018
8 1298871.5468724077
8 1585674.173727613
16 1415839.7856486791
16 1445398.2303880234
16 1439532.526958368
16 1463945.996526402
16 1479813.846183963
16 1404699.4229860033
16 1465872.601171679
16 1465864.567910932
16 1444153.2496563238
16 1338963.5704975387
32 1137683.0138898452
32 1115576.1443697663
32 1091892.190062679
32 1152717.7405481602
32 965279.8883358851
32 1131408.581412709
32 1112263.8000426905
32 1145790.7834797406
32 1140923.707006868
32 1162461.9486922112
48 889363.0291355192
48 885719.4426202698
48 867336.9701570277
48 835044.6661435843
48 883888.5200584057
48 847980.4576084398
48 885627.4838684009
48 871693.1872253484
48 883789.469883661
48 870103.8159549038
