1 2175881.0453214124
1 2492951.098540214
1 2356776.3590633296
1 2600051.0274064164
1 2240466.393235958
1 2388524.930694196
1 2014169.99187768
1 2233898.1638404606
1 2268320.610285108
1 2265895.798119418
2 2097609.0301546394
2 2199774.279577847
2 2081500.7715135366
2 1971033.7811869585
2 2047650.0668595664
2 2211745.6339201033
2 2272605.0265818485
2 2058327.8364272083
2 2011448.872255423
2 2095887.0271748884
4 1844074.0083649945
4 1847653.0961229117
4 1811491.602354951
4 1805343.347704398
4 1727348.7505821562
4 1751817.779642737
4 1735160.2148780674
4 1719717.7855825427
4 1810496.406416703
4 1822642.781663545
8 1488822.5158071634
8 1448022.181976841
8 1403905.241836097
8 1430030.1282407104
8 1513620.1220939239
8 1519589.9238654072
8 1458340.8216856418
8 1432356.3117369998
8 1454632.435952439
8 1534264.6960210078
16 1140156.3042067552
16 1324791.8895729957
16 1264068.3031638504
16 1218605.3590288972
16 1070025.5506469512
16 1273872.3468691788
16 1238708.3309787568
16 1289267.760732372
16 1268793.2635794485
16 1241416.1886932857
32 613066.3978586602
32 511143.2101986663
32 588141.575056114
32 604750.2969127952
32 705667.1389447169
32 667877.7199499708
32 810143.7321646964
32 633799.6493317715
32 587154.0475665118
32 541395.4207969361
48 588712.154766815
48 446344.64972779877
48 508927.31443416997
48 479070.32932661136
48 494341.51842588634
48 588744.1346298773
48 339954.56347996683
48 483241.10401209275
48 605066.2927606364
48 445047.45850514644
