1 316471.34661375935
1 290508.8148302338
1 287646.3692642478
1 289355.0608488224
1 288810.1653792114
1 290633.3534097662
1 289747.7440688168
1 296908.00951555686
1 292377.8807953082
1 291674.21111610887
2 350032.4436889291
2 355843.50404026493
2 340662.3249532095
2 343384.2207654742
2 339662.8481544757
2 364309.744324371
2 373450.12499213027
2 342575.69906434795
2 339384.90381907515
2 355481.53953610884
4 332369.49987494625
4 336596.7677521604
4 332957.38798275014
4 349884.9565206517
4 335657.07175390003
4 332383.1642500143
4 335617.86894271354
4 329125.7108123309
4 335922.43589279416
4 348597.19468900043
8 317279.3034007257
8 330660.81992088084
8 313894.1259046645
8 306373.6964207863
8 301923.901100951
8 314683.3256157155
8 316714.90859506326
8 311501.86371202406
8 320093.5657225719
8 322554.9484620998
16 174225.5755655022
16 171992.1684750434
16 191878.80362699076
16 169328.72143661752
16 185920.6384477601
16 162810.86454429696
16 183304.871199509
16 216449.99186192505
16 183442.44959269563
16 186325.18853517168
32 89466.26278444643
32 77884.28101257121
32 90581.6119043862
32 83407.10814034073
32 85171.00844718891
32 80815.98182190726
32 89239.66349132503
32 75409.67599108792
32 75606.45194650552
32 84852.61276417127
48 48687.74244302979
48 49250.49237665946
48 53428.9045070498
48 50364.302595138215
48 47823.1603344039
48 47022.24736085095
48 54842.94102780748
48 54055.245124946625
48 46178.49056726351
48 51585.22609734525
