1 6582748.532352226 6636839.966859714 6528657.097844738 6625710.359990648 6517680.5181881
2 9013861.048536673 10758073.968209807 7269648.1288635405 10855708.27487799 7380094.612894247
4 19189281.97275018 23781140.585682362 14597423.359817997 23509731.312824223 13997860.245399648
8 23637425.0123746 29160511.604385838 18114338.42036336 28651272.158973612 16760076.568113783
16 42028025.989209116 49097385.521137096 34958666.457281135 46972596.3976522 34765044.56380493
32 126402991.55825552 161078333.1533335 91727649.96317756 166906884.36889493 93457981.97397856
48 184018992.056109 249636822.43475828 118401161.67745975 257556716.957923 129297196.12307686
64 171442386.86240834 237249787.82280964 105634985.90200703 234488408.97674438 104976971.11487907
70 223681664.00980133 289985822.72121847 157377505.29838416 253593327.49416047 128496617.92369337
86 215118814.03577846 298977493.62649024 131260134.4450667 274703678.0600473 105360694.16125911
96 259453971.76523027 304029523.1687917 214878420.36166883 291431051.87493426 203142648.05973363
