1 392028.66745929746
1 397379.6775549786
1 399542.95939714264
1 415798.2064495835
1 367453.2623669231
1 389588.6587815831
1 368592.49156897824
1 369237.06117653026
1 385424.4853042681
1 403703.81313457055
2 383244.3592762558
2 386479.41299560555
2 399482.5268800222
2 374292.02471049887
2 387985.9169977399
2 395110.3575753999
2 386339.7738671077
2 381736.61783266644
2 394853.88530172384
2 392127.20336709125
4 400059.60621829244
4 386541.12818978255
4 383773.18844888
4 396819.78469719697
4 395703.547758493
4 397559.2841690449
4 383833.5941562394
4 398575.2586059775
4 394275.78247994324
4 366462.4789697364
8 401643.9602940371
8 392837.60950748215
8 386660.2629898861
8 402706.25113997626
8 394911.1315674517
8 397039.1693170682
8 396154.9160915078
8 383661.7373336546
8 394835.2297572581
8 398590.43165107764
16 398904.04148070776
16 388517.7711247506
16 382108.28647747263
16 358382.64318192546
16 393452.95404655865
16 402392.93500235485
16 399496.9407933142
16 389132.3670726618
16 397906.58012145915
16 395673.8428248032
32 369701.684396081
32 368431.9252621005
32 343970.1707149413
32 365971.4144597793
32 357727.30865576875
32 354605.3742705383
32 364277.20702667325
32 369215.084244206
32 362980.3962679711
32 361733.54302693985
48 314319.7440029596
48 321729.66770921566
48 310563.6114946771
48 317584.67265937664
48 313815.0793361804
48 294397.02685011737
48 310955.08319467003
48 322649.44394574704
48 311077.7910469475
48 311907.4488973785
