1 211068.78331325724
2 256697.2082516819
4 248999.64475045464
8 428120.44832600985
16 423907.4455972301
32 379434.6558347282
48 330015.01872290793
1 366659.49711280456
1 428020.9423664691
1 391993.99412800773
1 377540.1850801008
1 384295.1118832635
1 389967.3009003605
1 384007.8312916813
1 367386.0343735808
1 383294.8989479862
1 419028.5809610901
2 383287.61168468714
2 406457.0310590426
2 389658.20435429085
2 392997.10301914427
2 398000.66415886785
2 396682.4278094826
2 387025.9133734181
2 390259.81274505705
2 392877.2094617331
2 388812.4642358014
4 399506.99463161227
4 399456.3055638007
4 399125.9287246161
4 390017.9917060494
4 398524.6662278496
4 394267.83814416133
4 397848.0618717677
4 400243.54991956614
4 401456.7752284831
4 396557.3092028937
8 397564.0714909359
8 401487.5012757523
8 397987.98932829814
8 378735.28306930105
8 389788.53101354983
8 393999.3716386521
8 399795.33007723035
8 397216.58922249975
8 406743.7412363784
8 399978.59691779054
16 401690.9271672463
16 389599.0969904501
16 381705.3253212953
16 401171.1595481595
16 404606.95919488906
16 406513.38296788523
16 389056.7512535578
16 391490.6320797802
16 392149.9373403018
16 391520.5426361653
32 375037.2117199416
32 365623.19179429644
32 356849.07574647496
32 363966.57430159225
32 368362.999435722
32 362381.0539114881
32 353572.42201718444
32 366431.7335240295
32 360263.3678889773
32 352574.71785075316
48 299597.92265561456
48 318076.32371487207
48 284935.8435097658
48 307601.3820985988
48 321818.31353649695
48 318195.31919893064
48 303281.54846464
48 330133.34664634656
48 331383.69005171594
48 329785.5253355827
