1 7008128.3901295 7043515.836936585 6972740.943322415 7161417.051532192 6823770.257567233
2 8241853.057316006 8876887.666404651 7606818.448227362 11397299.499996996 5512514.88419512
4 19254973.968134325 20907289.452452395 17602658.483816255 27879782.94310056 9826759.6831738
8 34638868.13703205 37719282.55180118 31558453.72226291 49270704.92053546 20022925.6752879
16 66658612.94850273 71715908.9682259 61601316.92877955 89823813.59280421 33039226.42596345
32 116108309.71161231 126541346.3446781 105675273.07854652 153634213.8007004 44471293.58874926
48 167044797.3158743 185678181.7982088 148411412.8335398 249088180.31648585 72240420.6553423
64 161833305.41374925 182946349.53592137 140720261.29157713 254806504.11744255 25422167.311153274
70 152274006.0331718 174494013.2309103 130053998.8354333 261343687.8505278 31347185.54147102
86 147442160.7928385 175836791.28397858 119047530.30169845 282598889.9446328 22902350.886805378
96 166557868.58683768 190720529.4288957 142395207.74477965 278236536.75684 31849735.6088034
