1 6924519.79784671 6945367.509851075 6903672.085842346 7031670.35120796 6798106.856012753
2 6858419.555338684 7330317.772386086 6386521.338291281 8762879.239079304 4278623.3241215935
4 12965684.874038303 14334872.14214585 11596497.605930757 19131972.05476252 6713518.700923755
8 18344891.172161285 20135904.778091814 16553877.566230755 25581366.42188402 7640695.780353565
16 19437984.093704823 23053955.349010658 15822012.83839899 46768846.24329051 6932144.101392479
32 46728172.61146443 57076098.013219565 36380247.2097093 99597124.20046271 17276673.956246134
48 66626921.85946948 80974100.76022199 52279742.95871697 132650550.10823923 14873332.235843886
64 51321146.00519322 63740734.901194885 38901557.10919155 145200162.8731078 17584912.604070622
70 74934445.57794777 92257434.42128566 57611456.73460987 162517854.86686233 20170018.951574977
86 53332871.14364817 63508398.8887856 43157343.39851074 177150417.56311673 25300192.65703006
96 61816474.026926756 75657778.6909468 47975169.3629067 168855859.9441818 16766454.033136237
