1 7294585.468078323 7570276.6591644045 7018894.276992241 7675315.200658369 7102533.626560246
2 10410215.216489855 12325069.498893373 8495360.934086338 13133493.145883143 9419334.803073602
4 29307220.968890965 29558223.670122866 29056218.267659064 29482304.038295366 29055768.912110955
8 45192399.13683511 52342051.20658669 38042747.06708354 51796255.39763489 37601232.963245876
16 105057426.64963126 127105338.53000733 83009514.76925519 116813638.80161987 74211993.66077137
32 138470232.3761577 246132137.38092357 30808327.371391818 234296777.41799116 50846304.69760228
48 265369102.1019469 387611206.71266097 143126997.4912328 326974671.3171515 90830459.12288803
64 203148395.2557773 289797231.45352185 116499559.05803275 277170825.26282835 111434740.00277625
70 145887204.17792684 273816006.77151406 17958401.58433959 266293145.43235943 47838178.361101806
86 150748789.02596086 248956494.8746171 52541083.17730461 242638429.59106243 59716309.486065865
96 224016509.76222667 359999556.433384 88033463.09106934 348273441.12788606 66284166.181123875
