1 6638554.376769534 6779467.154161021 6497641.5993780475 6766325.559129571 6479194.529707109
2 11016289.684133027 12303962.438427443 9728616.92983861 11990097.714343634 9497354.9033654
4 25960259.61345557 35368069.5784633 16552449.648447843 29763174.50524817 12415956.787893323
8 44308036.409826055 62571618.598996 26044454.220656108 59692597.19021886 22474141.914667517
16 111285391.69971462 118792985.98744223 103777797.411987 117349469.98661038 102582288.79378079
32 227652824.02458078 231790973.84457082 223514674.20459074 232334198.9150797 223401749.01746246
48 309284076.42430276 341844201.04754114 276723951.8010644 325739753.9530377 262850040.0900578
64 180359098.77773273 298961135.79069 61757061.76477544 256227322.32212597 49153740.95620467
70 174715275.62495428 308683715.8858725 40746835.36403608 293393135.32539266 47840422.12784914
86 117814034.73675096 232088528.59063995 3539540.882861972 262854435.37632307 55604495.24884792
96 190686401.42313188 337498373.6124401 43874429.23382369 321287281.71521634 63665003.782875024
