1 299444.3931032742
1 300337.9271483458
1 297457.81770391285
1 295768.901597192
1 318251.4148791182
1 302043.18030990096
1 299851.2743635727
1 302620.85290813266
1 297985.73643430293
1 308842.4786992237
2 345404.11607675994
2 355596.75594944897
2 331819.8507371582
2 380914.2840369937
2 341084.9840625905
2 340841.04534030025
2 356433.4018710703
2 341549.3265009698
2 346360.54684123123
2 354778.3843795802
4 365035.499783098
4 336062.7575374625
4 347105.2490243492
4 335412.1687738143
4 349963.9574757511
4 349342.18429571553
4 334919.74085771834
4 345878.9466957406
4 348505.4006294262
4 352990.9446857352
8 320145.2468558707
8 323954.2804250222
8 330962.55155053036
8 329691.8118751796
8 326642.62384477275
8 328777.53127879533
8 333323.79602509685
8 324366.04267817276
8 327244.9793632277
8 332711.7955612295
16 168633.4575586366
16 185974.54027205938
16 174188.2296943053
16 187201.44540876805
16 196493.03457816865
16 162915.6506865054
16 174748.37071040843
16 203111.36239608427
16 169231.33710344162
16 182693.11537155526
32 87670.58708714727
32 90172.84468317032
32 79659.66899672012
32 81133.12623333142
32 77219.99435548953
32 86963.47462719155
32 83315.63582667959
32 84058.34648269284
32 79138.45319795038
32 81952.22800847379
48 44325.112252067665
48 44088.01151469498
48 47777.16874866642
48 45400.488775366626
48 51451.39990378381
48 47731.42745864164
48 49822.08624358973
48 47523.27161556665
48 47018.59717780573
48 52360.23262950372
