1 7499124.91695148 7860691.705697262 7137558.128205699 7746158.001905994 7132522.926321364
2 7628719.551680128 8766101.08404406 6491338.019316196 8978791.634030983 6818728.718955662
4 26238641.991554417 34000261.57973311 18477022.403375726 30307989.789278638 15438280.09473392
8 54784244.3078116 68071268.57909906 41497220.03652415 60810443.56205179 35719458.61460447
16 116354908.96787098 120529375.80838758 112180442.12735438 118931555.41804941 110530595.55452362
32 177729524.38237244 279799904.2386721 75659144.5260728 233112270.27744064 44770677.90541776
48 158254930.5414241 350628024.0021602 -34118162.919312 348200568.9290572 40316245.6045249
64 330034174.86177295 360175859.5029062 299892490.2206397 362899097.3675791 303827603.86393905
70 230119211.4554816 362516277.98015463 97722144.93080857 326833336.28093433 60370059.50169671
86 292675767.86492133 461859983.7313944 123491551.99844822 391958886.213522 67252383.35355897
96 298194612.9414896 373631458.8337773 222757767.04920185 370332926.9241074 228403637.18654254
