1 6625880.486874705 6660981.71250934 6590779.261240071 6659608.845075422 6586606.730714336
2 6984934.978291966 7639467.674559673 6330402.282024259 7609398.644495411 6272793.06777294
4 20686198.549179938 26892577.43949353 14479819.658866346 24505869.585341886 11917494.80522985
8 42561116.13238144 52049376.47541523 33072855.78934765 52421797.925057136 34182043.87123418
16 55063157.21012358 64519524.782346435 45606789.63790073 63893569.52383269 43042881.82649668
32 44347309.443479 73661696.98048106 15032921.906476945 77617817.2115639 26352728.98569602
48 66612131.34196905 171648322.21674028 -38424059.53280217 217092966.0630206 20044294.673507415
64 116792573.56631131 190055697.47856975 43529449.6540529 197902140.967581 54304915.968580276
70 174846041.75967038 233785423.19762856 115906660.3217122 227814362.5550114 123487329.16700956
86 167239121.61859357 232770110.96689498 101708132.27029216 244017610.33434367 109853791.53041795
96 131425895.62393224 201551764.21914697 61300027.02871752 217550569.27512357 66056149.02868614
