1 2033105.9270288711
2 1875367.2011793472
2 2027759.1900576884
2 1852870.2810419986
2 2010838.315523236
2 1973298.7781928927
2 2036512.340268333
2 1953869.11888646
2 2038687.678769113
2 1950107.2082018035
2 1956265.5671062977
4 1862150.007752303
4 1904280.7747182588
4 1744991.9967558368
4 1865571.946800182
4 1868410.4601661307
4 1711840.8054462203
4 1953290.9197292086
4 1873392.4732228138
4 1827649.3250911462
4 1855587.6639060786
8 1004693.0662665375
8 875650.3251456777
8 913405.4621426604
8 940963.0488400889
8 949382.6629678529
8 841898.6469495269
8 966892.2812763209
8 924231.9943870679
8 1011720.1946090411
8 1010960.8457908094
16 539311.603553039
16 583786.0037661574
16 583836.0404609944
16 527556.8162762227
16 558487.7964590202
16 555459.9777042668
16 571452.3612102981
16 519023.65699220594
16 553985.2296523085
16 536768.8901681887
32 284153.7631239619
32 249817.58455054593
32 271547.5520672588
32 306468.0041106417
32 296976.6448057734
32 276344.3862011531
32 280901.5471919142
32 294812.2144600419
32 334838.57280709344
32 267010.1415536803
48 188162.0727462947
48 171663.68795525178
48 169074.72088284456
48 168394.23682789895
48 185945.61964494688
48 172042.39194880234
48 171439.2412756946
48 177076.2201182571
48 169378.40755134783
48 172313.6660748919
