1 2366779.7293724106
1 2351855.8043718073
1 2474626.9587033787
1 2633632.5990102384
1 2176895.559803151
1 2439981.9947904185
1 2360686.998949925
1 2532621.235149309
1 2449214.7397113903
1 2429375.9703218923
2 2279145.2511370983
2 2247106.267888449
2 2187662.254311533
2 2100091.513417221
2 2205721.515130254
2 2276258.175555031
2 1920833.6432457264
2 2155540.862839663
2 2264454.362083335
2 2041741.0186537136
4 1778821.7807546728
4 2073693.9346081493
4 1985283.960380552
4 2039291.9167887801
4 1816557.0018840164
4 1822633.7986345855
4 2110900.198603485
4 1939409.4514745837
4 1877679.1735672164
4 1848907.2048368182
8 1542724.5395600824
8 1584370.1300769951
8 1639580.3061927205
8 1641815.0488282756
8 1552602.5472701874
8 1584424.8645194473
8 1639038.4524628534
8 1635441.521524039
8 1568608.9352949646
8 1689410.8291567217
16 1357585.783450252
16 1342510.61638105
16 1404893.4693171591
16 1289942.0631411574
16 1315591.628867304
16 1277310.8414784179
16 1405960.5076761446
16 1091028.7438292354
16 1349455.1182550061
16 1326950.9340548243
32 507205.6865703698
32 672398.5576787394
32 457873.48948138003
32 588326.8090993349
32 584662.1420167196
32 546955.0562439631
32 631612.3731063328
32 681967.021513239
32 778662.7028556783
32 549006.3538374592
48 553503.638760692
48 614963.3198240597
48 606561.6481949717
48 464466.39999665006
48 503243.1412334231
48 801065.5749977003
48 515435.68269450334
48 519186.0266552177
48 556156.7722553817
48 611152.3980254382
