0 54 72 15 25 1 47 142 59 102 96 110 122 101 8
1 24 76 136 33 14 144 72 4 103 68 9 143 29 112 96 12 38 101 66 134 54 111 39 123 100 6 61 75 31 107 114 1 59 51 122 119 77 0 23 41 71 83 140 95 64 7 25 120 139 27 47 117 69 94 55 102 56 118 73 110 141 97 124 8 81 79 138 86 116 22 53 15 93 132 49 16 45 84 48 142 99 35 62 104 17 150 44
2
3 72 4 124 7 17 103
4 24 76 33 72 105 4 9 125 96 12 19 66 54 39 152 57 61 75 107 31 88 5 1 59 51 119 122 3 7 64 25 27 139 47 117 94 102 118 73 110 124 141 97 8 116 53 15 132 49 16 142 99 146 62 104 17 150 44
5 25 76 105 4 73 110
6 111 72 53 7 107 127 25 1 47 142 59 51 96 110 44
7 24 76 67 33 72 4 68 9 112 96 12 80 54 111 39 153 6 152 61 75 11 1 42 59 51 119 122 131 3 71 83 140 95 7 64 25 27 139 47 117 69 94 102 118 73 110 124 141 8 116 53 93 74 132 16 45 48 142 99 62 17 150 44
8 24 70 76 67 136 14 72 105 68 103 2 9 143 112 29 133 96 147 38 89 20 80 101 19 134 43 54 111 121 50 123 153 159 61 57 59 119 122 131 3 106 155 41 71 83 140 95 64 7 154 130 85 69 94 102 55 56 109 118 124 110 97 113 79 138 108 46 53 15 132 45 84 142 99 146 62 18 17 44 33 144 149 4 127 13 63 157 125 12 91 34 66 82 39 52 6 152 75 31 107 11 88 114 1 30 42 51 40 115 58 77 0 23 126 78 145 10 60 25 120 151 27 139 47 117 73 141 8 65 81 36 86 116 22 93 74 28 49 16 48 35 104 150 129
9 24 70 33 149 72 105 4 7 64 103 9 25 139 47 117 94 69 102 96 12 118 73 97 110 8 54 138 82 116 39 153 53 61 132 16 84 107 45 114 59 99 51 17 119 150
10 27 47 116 53 132 110 64 114
11 134 54 111 116 7 16 25 47 117 142 59 51 96 115 12 73 110 124 150 8 65
12 24 70 76 67 136 14 72 105 68 103 2 9 143 112 29 96 147 38 20 89 80 101 19 134 43 54 111 121 50 153 100 159 57 61 5 59 119 122 131 3 106 155 41 71 83 140 95 64 7 154 130 85 69 94 102 55 56 109 118 124 110 97 79 138 108 46 53 15 132 45 84 142 99 146 62 18 17 44 33 144 149 4 13 157 125 12 91 34 66 82 39 6 152 75 31 107 11 88 114 1 30 42 51 40 115 58 77 0 23 126 78 145 10 25 120 151 27 139 47 117 148 73 141 8 81 65 36 86 116 22 93 74 90 28 49 16 48 35 150 104 129
13
14 24 76 136 33 14 144 72 4 68 96 12 38 134 54 111 39 123 61 75 31 107 59 51 119 122 77 23 71 7 25 120 27 139 47 117 69 94 118 110 73 124 141 8 79 138 86 116 53 15 132 45 16 142 99 62 150 17 44
15 24 70 76 136 33 14 149 72 4 68 103 13 143 157 29 112 125 96 12 147 38 66 43 134 54 82 111 39 153 152 6 61 57 75 31 107 114 1 59 51 122 119 3 77 0 23 126 78 71 83 145 64 7 154 25 120 130 139 27 47 117 94 69 102 148 118 73 110 124 97 141 8 81 79 36 86 138 116 53 15 93 132 84 16 45 48 142 99 35 62 17 104 150 44
16 24 76 67 33 72 4 103 21 9 112 96 12 38 34 101 66 54 111 39 50 153 152 61 75 107 11 88 1 59 51 58 119 122 77 23 71 140 95 7 64 60 25 120 130 27 85 139 47 117 69 94 102 148 118 73 110 124 141 8 79 138 116 53 15 93 74 132 16 45 84 142 99 146 62 17 150 44 129
17 24 70 76 67 136 14 72 105 103 68 2 9 143 29 112 133 96 147 38 20 89 101 19 43 134 54 111 121 50 123 153 159 100 61 57 5 59 122 119 3 106 155 41 71 83 140 95 64 7 154 130 85 94 69 102 55 56 109 118 124 110 97 113 79 108 138 46 53 15 132 45 84 142 99 146 62 18 17 44 33 144 149 4 13 127 63 157 125 12 91 34 66 82 39 52 6 152 75 31 107 11 88 114 1 30 42 51 40 115 58 77 0 23 126 78 145 10 60 25 120 151 27 139 47 117 148 73 141 8 65 81 36 86 116 22 93 74 28 90 49 16 48 35 150 104 129
18
19 25 47 116 96 93 4 73 110 150 8
20 47 12 152 110 104 45
21 25 47 99 57 150 16
22
23 24 76 136 33 14 144 72 68 103 63 143 157 112 96 12 38 66 134 54 111 39 153 159 6 152 61 57 75 107 114 5 1 59 51 122 119 77 23 71 83 64 7 154 25 120 130 151 27 139 47 117 69 94 56 102 118 73 110 124 141 8 81 79 86 108 138 116 53 15 132 74 90 16 84 45 48 142 99 35 146 62 17 150 44 129
24 76 72 95 105 4 7 9 25 27 139 47 117 112 96 12 118 73 110 124 8 54 111 116 39 53 132 61 16 31 142 59 99 51 17 119 150 131
25 24 70 76 67 136 14 72 105 68 103 2 9 143 29 112 133 96 147 38 20 89 80 101 19 43 134 54 111 121 50 123 153 100 159 57 61 5 59 119 122 3 106 155 41 71 83 140 95 7 64 154 130 85 69 94 102 55 56 109 118 97 110 124 113 79 138 108 46 53 15 132 45 84 142 99 146 62 18 17 44 33 144 149 4 21 13 127 63 157 125 12 91 34 66 82 39 52 6 152 75 31 107 11 88 114 1 30 42 51 40 115 58 77 0 23 126 78 145 10 60 25 120 151 27 139 47 117 148 73 141 8 65 81 36 86 22 116 93 74 28 90 49 16 48 35 104 150 129
26
27 24 76 136 33 144 14 72 4 68 157 96 12 38 66 54 82 111 39 50 159 6 61 31 107 1 59 51 115 122 119 155 23 126 71 140 10 95 7 64 25 120 130 27 139 47 117 94 69 102 118 73 110 124 141 8 81 79 86 116 53 15 132 16 45 142 99 35 62 17 150 44
28 47 64 44
29 25 142 157 72 132 124 89
30
31 47 99 57 150 8
32
33 126 72 140 4 7 25 47 117 102 96 12 73 110 124 141 8 138 111 39 53 15 152 57 132 16 1 142 59 99 51 17 150 44
34 54 39 144 53 72 74 64 16 25 139 47 59 51 12 118 73 110 119 150 44 8 131 65
35 25 27 138 59 110 124
36
37
38 76 7 25 151 120 139 47 117 69 102 157 110 124 73 141 8 81 116 39 53 15 16 59 92
39 24 76 33 72 4 68 9 125 96 12 89 34 80 134 54 111 39 152 61 57 75 88 1 59 51 119 122 77 23 126 71 95 64 7 25 27 139 47 117 94 102 148 118 73 110 124 141 8 79 116 53 15 93 74 132 16 45 84 142 99 146 62 17 150 44
40
41 47 153 72 73 141
42 25 47 142 93 132 110 7 68
43 25 47 59 69 72 62 73 110
44 33 72 4 68 96 12 89 34 54 111 39 6 152 75 31 88 114 1 59 51 115 119 77 140 64 7 25 120 27 139 47 117 94 69 55 102 118 73 110 124 141 8 81 116 53 93 28 16 142 99 35 62 17 150 44
45 76 33 144 7 25 47 94 69 102 96 12 118 73 110 124 141 20 8 111 116 39 153 53 61 16 142 59 99 51 146 17 119 122 150
46
47 24 70 76 136 67 14 72 105 68 103 2 9 143 29 112 133 96 147 38 20 89 80 101 19 43 134 54 111 121 50 153 123 100 159 57 61 5 59 119 122 3 106 155 41 71 83 140 95 7 64 154 130 85 69 94 102 55 56 109 118 97 110 124 113 79 138 108 46 53 15 132 45 84 142 99 146 62 18 17 44 33 144 149 4 13 21 127 63 157 125 12 91 34 66 82 39 52 6 152 75 31 107 11 88 114 30 1 42 40 51 115 58 77 0 23 126 78 145 10 60 25 120 151 27 139 47 117 148 73 141 8 65 81 36 86 22 116 93 74 28 90 49 16 48 35 104 150 129
48 24 77 155 136 71 72 7 25 47 117 69 112 96 12 118 97 110 124 141 8 111 116 46 53 6 61 16 59 99 51 122 119
49 25 99 4 141
50 61 16 25 27 47 117 59 94 102 51 73 110 124 150 8
51 24 76 136 33 14 72 105 4 9 125 96 12 38 34 54 111 39 50 123 52 100 6 152 61 75 107 11 114 1 59 51 119 122 131 23 126 71 7 64 60 25 130 151 27 139 47 117 94 102 118 73 110 124 141 8 81 65 116 53 15 93 132 45 16 142 99 146 62 17 104 150 44
52 47 59 51 83 61 110
53 24 70 76 136 67 14 72 105 103 68 2 9 143 29 112 133 96 147 38 20 89 80 101 19 43 134 54 111 121 50 153 123 100 159 61 57 5 59 119 122 3 106 155 41 71 83 140 95 7 64 154 130 85 69 94 102 55 56 109 118 124 110 97 113 79 138 108 46 53 15 132 45 84 142 99 146 62 18 17 44 33 144 149 4 13 63 157 125 12 91 34 66 82 39 52 6 152 75 31 107 11 88 114 30 1 42 40 51 115 58 77 0 23 126 78 145 10 60 25 120 151 27 139 47 117 148 73 141 8 65 81 36 86 22 116 93 74 28 90 49 16 48 35 150 104 129
54 24 76 136 33 72 105 4 103 68 9 157 96 12 38 34 80 101 66 134 54 111 39 121 153 152 57 61 75 31 11 88 1 59 51 115 119 122 77 106 0 41 71 83 140 64 7 154 25 120 27 85 139 47 117 94 69 102 55 56 118 73 110 124 141 8 65 79 86 22 116 53 15 93 132 16 45 84 142 99 35 62 17 104 150 44
55 1 139 59 72 141 44 101
56 142 69 159 118 110
57 24 76 33 71 72 4 21 25 27 139 47 117 69 94 56 96 12 118 73 110 124 141 8 43 79 54 111 116 39 53 15 152 57 61 75 31 16 30 142 59 99 51 115 62 119 122
58 139 47 142 116 12 62 122 16 8
59 24 70 76 67 136 14 72 68 103 9 29 112 96 38 89 80 43 134 54 111 121 50 153 100 57 61 59 119 122 131 71 83 95 64 7 154 85 69 94 55 56 102 118 124 110 97 113 79 138 53 15 132 45 84 142 99 146 62 17 44 33 144 149 4 157 125 12 91 34 66 82 39 52 6 152 75 31 107 11 88 114 30 1 42 51 115 77 0 23 126 145 60 25 120 27 139 47 117 73 141 8 81 36 86 116 93 16 48 35 150 104 129
60 25 59 16 92
61 70 126 71 72 4 7 64 154 9 25 27 139 47 117 112 96 12 118 73 110 124 141 89 101 8 66 79 54 116 39 50 52 53 15 93 152 16 84 1 142 59 51 17 119 150
62 71 4 68 64 7 25 139 47 102 12 73 110 141 8 43 54 39 53 57 75 16 84 142 59 99 51 58 119 122 44
63
64 24 70 76 67 136 14 72 105 103 68 9 143 29 96 38 80 101 43 134 54 111 50 153 61 59 119 122 106 71 83 7 64 154 130 85 94 69 56 102 109 118 124 110 97 113 79 108 46 53 15 132 45 142 99 62 17 44 33 4 63 157 125 12 91 34 66 82 39 152 75 31 107 88 114 1 42 51 77 23 126 145 10 25 120 139 27 47 117 141 73 8 65 81 86 22 116 93 28 16 48 35 150 104 129
65 145 132 64 11 88 25 47 117 118 34 8 66
66 76 71 72 4 25 27 47 94 12 118 110 8 65 66 53 15 93 61 74 16 88 59 99 119 150
67 59 110 64 119 16 80 8
68 72 127 25 130 27 47 117 69 94 143 96 12 118 73 110 124 141 8 79 116 39 53 15 152 61 16 59 42 99 51 115 62 17 119 122 44
69 70 76 136 33 149 72 68 125 112 96 12 80 66 19 43 134 54 111 39 152 6 61 75 107 11 114 1 59 51 119 122 77 23 71 7 154 25 120 27 139 47 117 69 94 56 102 118 73 97 110 124 141 8 81 79 86 138 116 53 15 93 16 45 142 99 35 62 17 44
70 25 99 71 105 61 118 110
71 70 23 72 95 64 7 25 27 85 139 47 117 94 96 12 118 73 97 110 124 141 80 8 66 134 54 138 116 39 53 152 93 61 132 75 16 88 1 59 51 35 62 17 119
72 24 70 76 67 136 14 72 105 68 103 9 143 29 112 96 147 38 20 89 101 19 43 134 54 111 121 50 123 153 57 61 5 59 119 122 131 3 106 155 41 71 83 140 7 64 154 130 85 69 94 55 56 102 109 118 124 110 97 113 79 138 46 53 15 132 84 45 142 99 146 62 18 17 44 33 144 149 4 13 63 157 125 12 34 66 82 39 6 152 75 31 107 11 88 114 30 1 42 40 51 77 0 23 126 78 145 60 120 25 151 27 139 47 117 148 73 141 8 65 81 36 86 22 116 93 28 49 16 48 35 150 104 129
73 24 76 136 33 72 4 68 103 127 9 96 12 38 89 34 66 19 43 134 54 111 39 50 123 153 152 61 57 75 31 107 11 88 114 5 1 59 51 119 122 77 155 23 41 71 145 95 64 7 25 120 27 139 47 117 69 94 102 148 118 73 97 110 124 141 8 81 79 36 116 53 15 93 74 132 16 45 84 142 99 35 146 62 17 150 104 44 129
74 39 125 53 73 110 7 16 34 8 66
75 76 71 83 72 140 105 4 7 64 68 25 139 47 117 69 94 112 96 12 73 110 141 80 101 8 134 54 116 39 52 53 16 88 142 59 51 62 17 150 119 122 44
76 24 76 72 4 7 64 25 47 117 94 96 12 118 73 110 124 141 89 8 66 54 116 39 53 15 132 16 45 88 5 142 59 99 51 17 119 122 150 129
77 70 24 76 136 33 14 144 72 68 157 29 96 12 91 38 66 43 82 54 111 39 100 61 75 107 114 1 59 51 115 119 122 3 77 23 126 83 71 64 7 25 120 27 139 47 117 69 94 55 56 118 97 73 110 124 141 8 79 86 116 53 15 93 132 16 45 142 99 35 62 17 44
78
79 136 39 72 61 16 25 27 139 47 96 12 124 17 81
80 54 67 39 71 7 64 75 25 47 59 110 141 119 8 81
81 79 107 25 139 47 117 59 102 51 96 12 38 73 110 124 119 150 44 80 8 81
82 76 54 86 116 71 53 25 151 27 47 142 59 96 110 141 8 92
83 136 108 116 52 71 72 64 139 59 94 99 96 12 18 110 97 124 141 150
84 76 0 23 144 72 68 7 103 9 25 47 117 12 73 110 124 141 101 8 79 54 116 39 53 15 61 75 16 48 59 99 62 150
85 25 54 59 16 101 8
86 54 15 152 114 25 139 47 69 94 12 110 124 122 8
87
88 76 71 72 95 4 64 25 151 47 12 118 110 8 65 66 111 116 39 53 93 152 75 16 59 122 44
89 25 76 47 39 29 152 61 73 110 44 8
90 47 125 12 110 119
91
92 139 82 142 116 38 110 60 131
93 72 105 7 64 25 120 139 47 117 69 94 56 102 96 148 12 118 73 110 124 141 80 8 19 66 79 54 116 39 53 93 61 31 16 107 88 114 142 59 42 99 51 17 119 122 44
94 76 136 72 4 9 112 125 96 12 38 101 66 54 39 50 152 61 31 59 51 119 122 77 71 7 64 25 27 139 47 117 69 94 102 118 73 110 124 141 8 86 138 116 53 15 45 16 142 99 17 150 44
95 24 71 95 7 25 27 47 117 112 96 12 73 110 124 8 116 39 53 152 16 88 59 119 150
96 24 76 33 72 4 68 103 9 96 12 19 134 54 111 39 6 152 61 75 11 114 1 59 51 119 122 77 0 145 95 64 7 154 25 120 27 139 47 117 94 102 118 73 97 110 124 141 8 81 79 138 116 53 15 132 16 45 142 99 17 150 44
97 3 24 136 144 71 72 140 68 9 25 27 47 69 96 12 118 73 110 124 141 8 134 116 111 142 59 17 58 122
98
99 24 70 76 33 14 72 4 103 21 96 12 66 134 54 111 39 100 152 75 31 1 59 51 119 122 64 7 25 120 139 47 117 69 94 102 118 73 110 124 141 8 116 53 15 93 49 16 45 48 142 99 62 17 150 44
100 138 22 116 23 100 53 25 27 117 47 142 63 99 51 12 110 124 141 73
101 54 0 61 75 16 84 25 85 47 94 55 110 17 8
102 0 33 72 4 7 64 103 9 25 27 139 47 117 94 102 96 148 12 73 110 124 8 81 134 54 116 39 50 53 93 152 132 16 45 1 142 59 99 51 115 62 17 119 122 150 44 131
103 3 54 116 53 72 152 64 16 84 9 25 1 47 99 102 96 12 73 110 17 8
104 25 1 47 54 116 51 4 20 150 8
105 24 70 54 4 64 5 25 9 47 117 142 51 12 150 8
106
107 53 6 4 16 9 47 59 51 118 73 124 119 81
108
109
110 24 70 76 67 136 14 72 105 68 103 2 9 143 29 112 133 96 147 38 20 89 80 101 19 43 134 54 111 121 50 123 153 100 159 57 61 5 59 119 122 92 3 106 155 41 71 83 140 95 7 64 154 130 85 69 94 56 55 102 109 118 97 110 124 113 79 108 138 46 53 15 132 45 84 142 99 146 62 18 17 44 33 144 149 4 13 63 157 125 12 91 34 66 82 39 52 6 152 75 31 107 11 88 114 30 1 42 40 51 115 58 77 0 23 126 78 145 10 60 25 151 120 27 139 47 117 148 73 141 8 65 81 36 86 22 116 93 74 28 90 49 16 48 35 104 150 129
111 24 33 72 7 64 25 47 69 112 96 12 73 110 124 141 8 54 111 39 53 6 57 16 45 11 88 142 59 51 17 119 122 150 44
112 24 111 116 95 152 61 7 16 25 48 47 59 94 12 110 124 8
113
114 86 72 10 152 25 47 59 51 96 12 150 44 8 131
115 47 54 142 59 102 53 110 17 44 11 8
116 24 76 67 136 33 14 144 72 4 68 103 9 63 157 29 112 125 96 12 91 38 20 19 66 54 111 39 153 52 6 152 61 75 107 11 88 114 1 59 51 58 119 122 92 77 106 23 71 83 10 95 64 7 154 60 25 120 130 27 139 47 117 69 94 56 102 118 73 97 110 124 141 8 81 79 86 116 46 53 15 93 132 16 84 45 142 99 35 62 17 104 150 44
117 24 70 76 67 136 14 72 105 68 103 9 143 29 112 133 96 147 38 20 89 80 101 19 43 134 54 111 121 50 123 153 100 159 57 61 5 59 119 122 106 41 71 83 140 95 7 64 154 130 85 69 94 55 56 102 109 118 97 110 124 113 79 108 138 46 53 15 132 84 45 142 99 146 62 17 44 33 144 149 4 13 157 125 12 91 34 66 82 39 52 6 152 75 31 107 11 88 114 30 1 42 40 51 58 77 23 145 10 60 25 120 151 27 139 47 117 148 73 141 8 65 81 36 86 22 116 93 90 16 48 35 104 150 129
118 70 24 76 67 136 33 14 149 72 4 68 103 127 2 9 125 96 12 91 147 34 66 134 54 82 111 39 50 6 152 61 75 31 107 11 88 114 1 59 51 119 122 77 41 23 71 83 64 7 25 120 151 27 139 47 117 69 94 56 148 118 73 97 110 124 141 8 65 81 79 86 138 116 53 15 132 16 45 84 142 99 35 62 17 150 44
119 24 70 76 67 136 14 72 68 103 9 112 29 133 96 147 38 20 80 101 19 134 54 111 50 153 123 159 61 59 119 122 3 155 41 71 83 95 64 7 154 130 85 69 94 56 102 118 124 110 97 79 108 138 46 53 15 132 45 142 99 62 18 17 44 33 144 149 4 13 157 125 12 91 34 66 82 39 6 152 75 31 107 11 114 1 42 51 115 58 77 23 78 60 25 120 151 27 139 47 117 73 141 8 81 86 116 93 28 90 16 48 35 104 150
120 54 116 72 53 15 132 68 16 45 114 25 27 139 142 59 94 51 96 141 73 150
121
122 24 70 76 67 136 14 72 105 68 103 2 9 143 29 112 133 96 147 38 20 80 101 19 134 54 111 121 50 123 153 100 159 57 61 5 59 119 122 106 41 71 83 140 7 64 154 130 85 69 94 55 56 102 109 118 97 110 124 113 79 108 138 46 53 15 132 45 142 99 146 62 18 17 44 33 144 149 4 13 63 157 125 12 34 66 82 39 6 152 75 31 107 11 88 114 30 1 42 40 51 115 58 77 0 23 126 10 25 120 151 27 139 47 117 148 73 141 8 65 81 36 86 116 93 74 28 49 16 48 35 104 150
123 130 1 117 51 73 110
124 24 76 67 33 14 149 72 4 68 29 112 96 12 38 20 54 111 39 50 152 57 61 107 11 59 51 119 122 3 23 71 145 95 64 7 25 27 139 47 117 69 94 102 118 73 97 110 124 141 8 81 79 86 116 53 15 93 132 16 45 84 142 99 35 17 150 44
125 39 74 90 4 64 47 69 51 12 110 119 150 8
126 33 59 39 51 72 12 61 110 17
127 25 139 47 6 118 73 17 68 150 8
128
129 25 76 117 59 72 12 64 16
130 136 72 10 95 7 25 69 29 110 141 8 65 79 82 123 53 93 61 75 107 16 42 40 51
131 24 72 7 114 59 102 51 12 141 150 34 92 8
132 24 76 33 23 71 72 10 4 7 64 9 25 27 139 47 117 102 29 96 12 73 110 124 8 65 54 39 53 152 132 16 142 42 59 51 17 119 150
133
134 39 53 152 75 11 25 47 59 99 102 96 12 73 97 110 150 8
135
136 79 76 116 71 83 53 72 57 61 11 114 25 47 142 59 51 118 110 141 73 58 44
137
138 33 14 71 100 53 72 16 9 25 1 139 47 142 59 94 35 96 12 118 110 122 150 8
139 24 76 136 33 144 72 105 4 68 103 127 9 63 143 157 29 112 96 12 38 34 66 134 54 82 111 39 123 52 152 57 61 75 31 11 114 1 59 51 58 119 122 92 77 23 71 83 64 7 154 25 120 130 27 139 47 117 69 94 55 102 148 118 73 97 110 124 141 8 113 81 79 86 138 116 53 15 93 132 16 45 142 99 35 146 62 17 104 150 44
140 54 33 110 7 16 44 8
141 24 70 76 67 136 14 72 105 68 103 2 9 143 29 112 133 96 147 38 20 89 80 101 19 43 134 54 111 121 50 123 153 100 159 57 61 5 59 119 122 131 3 106 155 41 71 83 140 95 7 64 154 130 85 69 94 55 56 102 109 118 97 110 124 113 79 108 138 46 53 15 132 45 84 142 99 146 62 18 17 44 33 144 149 4 13 63 157 125 12 91 34 66 82 39 52 6 152 75 31 107 11 88 114 30 1 42 40 51 115 58 77 0 23 126 78 145 10 60 25 120 151 27 139 47 117 148 73 141 8 65 81 36 86 22 116 93 74 28 90 49 16 48 35 104 150 129
142 24 70 76 136 14 72 105 68 103 9 29 133 96 147 38 89 101 19 134 54 111 123 153 61 5 59 122 119 92 41 71 83 7 64 154 130 69 94 56 55 102 118 97 110 124 113 79 108 138 46 53 15 132 45 142 99 146 62 18 17 44 33 144 149 4 157 125 12 91 34 66 82 39 6 152 75 31 107 11 114 30 1 42 51 115 58 77 0 23 126 145 25 120 151 27 139 47 117 148 73 141 8 65 81 86 22 116 93 28 16 48 35 104 150 129
143
144 77 136 144 72 64 68 7 103 25 27 47 117 69 94 102 125 96 148 12 110 141 73 20 34 8 66 81 86 116 153 53 15 132 75 45 16 142 59 99 51 35 119 122 44
145 47 59 96 73 124 65
146 25 47 59 39 51 4 73 110 16 45 8
147
148 25 47 39 102 72 12 118 73 110 122 16
149 47 110
150 24 76 67 136 33 14 72 105 4 68 103 21 127 9 125 96 12 34 66 19 134 54 111 39 50 152 61 75 31 107 11 114 1 59 51 122 119 131 71 83 95 64 7 25 120 27 139 47 117 69 94 102 118 73 110 124 141 8 81 138 116 53 15 132 49 45 84 16 142 99 17 104 150 44
151 142 72 38 110 88
152 33 72 4 103 157 112 96 12 20 89 134 54 39 152 61 88 114 59 51 58 122 119 77 23 71 95 64 7 25 139 47 117 69 94 102 118 73 110 124 141 8 86 116 53 15 132 16 142 99 104 17 150 44
153 47 54 59 41 144 53 73 110 141 119 16
154 139 47 54 116 72 96 61 110 64
155
156
157 59 116 29 72 152 17 8
158
159 47 56 12 17
