0 47
1 124 47 16 62 38 110 120 111 24 53 136 99 66 73 68 139 122 132 45 23 142 61 69 51 76 114 7 83 96 35 77 86 141 33 116 117 54 79 75 8 17 12 25 1 118 72 27 44 39 15 119 59 94 71
2
3
4 124 47 16 110 141 116 4 117 54 150 8 53 17 12 99 25 118 73 72 139 39 119 59 94 142 51 7 96 64
5
6 47
7 124 47 16 110 141 116 4 117 54 152 150 8 53 17 12 99 25 118 73 72 27 139 122 44 39 119 59 94 142 51 7 96 64
8 124 38 110 4 50 102 9 120 24 53 56 136 99 82 66 73 93 95 68 122 103 112 31 142 61 51 29 114 7 96 107 88 141 143 149 104 54 79 109 67 75 151 153 1 118 44 94 41 84 48 47 105 16 6 62 157 14 144 152 111 81 34 139 132 134 154 45 55 23 69 11 125 76 83 35 77 86 33 97 116 117 150 8 65 17 12 25 20 46 72 27 57 15 39 119 59 130 70 71 64 138
9 47 16 8 53 110 12 59 25
10
11 47 8 110 25
12 124 38 110 4 50 102 9 120 24 53 56 136 99 82 66 73 93 68 122 103 112 31 142 61 51 29 114 7 96 107 141 88 143 149 104 54 79 109 67 75 151 153 1 118 44 94 41 48 47 105 6 16 62 157 14 144 152 111 81 139 34 132 134 154 45 55 23 69 11 125 76 83 35 77 86 33 97 116 117 150 8 65 17 12 25 20 46 72 27 57 15 39 119 59 130 70 71 64 138
13
14 124 47 16 110 141 33 116 117 54 111 8 53 17 99 12 25 118 73 72 27 139 122 15 59 94 142 61 69 51 76 7 71 96
15 124 47 16 62 38 110 14 102 120 111 24 53 136 99 66 73 81 68 139 122 132 103 134 45 23 142 61 69 51 76 114 7 83 35 77 96 107 86 141 33 97 116 117 54 79 75 150 8 17 12 25 118 1 72 27 44 15 39 119 59 94 71 64
16 124 47 16 62 110 141 33 116 4 117 54 102 152 9 75 111 150 8 24 53 17 12 99 1 25 118 73 93 72 27 139 122 132 44 15 39 45 119 59 94 142 61 51 76 7 71 96 64
17 124 38 110 4 50 102 120 24 53 56 136 99 82 66 73 93 68 122 103 112 31 142 61 51 29 114 7 96 107 141 88 143 149 104 54 79 109 67 75 151 153 118 1 44 94 41 48 47 105 6 16 62 157 14 144 152 111 81 139 34 132 134 154 45 55 23 69 11 125 76 83 35 77 86 33 97 116 117 150 8 65 17 12 25 20 46 72 27 57 39 15 119 59 130 70 71 64 138
18
19
20
21
22
23 124 47 16 62 38 110 14 120 111 24 53 136 99 66 73 81 68 139 122 132 103 45 23 142 61 69 51 76 114 7 83 35 77 96 107 86 141 33 116 117 54 79 75 150 8 17 12 25 1 118 72 27 44 15 39 119 59 94 71 64
24 47 16 8 53 110 12 59 25
25 124 115 38 80 110 78 113 4 50 28 121 102 9 120 3 155 24 53 140 56 136 99 82 66 73 93 95 106 123 68 122 103 112 74 31 2 145 10 142 61 42 51 29 114 7 96 107 52 49 147 159 146 88 141 85 143 149 104 54 79 109 67 30 75 60 100 151 153 1 118 108 5 44 101 94 18 0 41 84 36 48 47 105 6 16 62 157 14 89 144 152 43 63 111 81 34 139 132 134 154 45 55 23 58 69 11 125 19 76 83 35 77 22 86 33 97 116 40 117 126 150 8 65 13 148 17 12 25 20 46 72 133 27 57 129 15 39 119 90 59 91 130 70 71 64 138
26
27 124 47 16 110 141 33 116 117 54 150 111 8 53 17 12 99 25 118 73 72 27 139 122 15 39 119 59 94 142 61 69 51 76 7 71 96 64
28
29
30
31
32
33 72 47 16 8 53 110 39 12 59 25 73 142
34 47 8 110 59 25
35
36
37
38 47 8 110 25
39 124 47 16 110 141 33 116 4 117 54 102 152 150 8 53 17 12 99 1 25 118 73 72 139 27 122 44 39 119 59 94 142 61 51 76 7 96 64
40
41
42
43
44 72 124 47 16 110 39 116 119 59 117 54 142 51 150 8 53 7 17 12 96 25 64 73
45 47 16 8 53 110 12 59 25
46
47 124 115 38 80 110 78 113 4 50 28 121 102 9 120 3 155 24 53 140 56 136 99 82 66 73 93 95 106 123 68 122 103 112 74 31 2 145 10 142 42 61 51 29 114 7 96 107 52 49 147 159 146 88 141 85 143 149 104 54 79 109 67 30 75 60 100 151 153 1 118 108 5 44 101 94 18 0 41 84 36 48 47 105 6 16 62 157 14 89 144 43 152 63 111 81 34 139 132 134 154 45 55 23 58 69 11 125 19 76 83 35 77 22 86 33 97 40 116 117 126 150 8 65 13 148 17 12 25 20 46 72 133 57 27 129 15 39 119 90 59 91 130 70 71 64 138
48 110 141 25
49
50 47 8 110 25
51 124 47 16 110 141 116 4 117 54 102 152 150 8 53 17 12 99 1 25 118 73 72 139 27 122 44 39 119 59 94 142 61 51 76 7 96 64
52
53 124 115 38 80 110 78 113 4 50 28 121 102 9 120 3 155 24 53 140 56 136 99 82 66 73 93 95 106 123 68 122 103 74 112 31 2 145 10 142 42 61 51 29 114 7 96 107 52 49 147 159 146 141 85 88 143 149 104 54 79 109 67 30 75 60 100 151 153 1 118 108 5 44 101 94 18 0 41 84 36 48 47 105 6 16 62 157 14 89 144 43 152 63 111 81 34 139 132 134 154 45 55 23 58 69 11 125 19 76 83 35 77 22 86 33 97 40 116 117 126 150 8 65 13 148 17 12 25 20 46 72 133 57 27 129 15 39 119 90 59 91 130 70 71 64 138
54 124 47 16 110 141 33 116 4 117 54 152 150 75 111 8 53 17 136 12 99 25 118 73 72 139 68 27 122 44 15 39 45 119 59 94 142 61 69 51 76 7 71 96 77 64
55
56
57 69 72 47 16 8 110 141 116 12 59 25
58
59 124 47 16 62 38 110 4 14 102 152 9 120 111 24 53 136 99 66 73 93 81 34 139 68 122 132 103 134 45 23 142 61 69 51 76 114 7 83 35 96 77 107 86 141 33 97 116 117 54 79 75 150 8 17 12 1 25 118 72 27 44 15 39 119 59 94 84 71 64
60
61 72 47 16 110 39 59 142 51 150 8 53 12 96 25 64 73
62 47 16 8 53 110 12 59 25
63
64 124 47 16 62 38 110 4 14 102 152 120 111 24 53 136 99 66 73 81 139 68 122 132 103 134 45 23 142 61 69 51 76 114 7 83 35 96 77 107 86 141 33 97 116 117 54 79 150 75 8 17 12 25 118 1 72 27 44 15 39 119 59 94 71 64
65
66 47 8 110 59 25
67
68 47 110 141 25
69 124 47 16 110 141 33 116 117 54 75 111 8 53 17 136 12 99 25 118 73 72 68 139 27 122 44 15 39 45 119 59 94 142 61 69 51 76 7 71 77 96
70
71 47 16 8 53 110 12 59 25
72 124 38 110 4 50 102 120 24 53 56 136 99 82 66 73 93 68 122 103 112 31 142 61 51 29 114 7 96 107 141 88 143 149 104 54 79 109 67 75 151 153 1 118 44 94 41 48 47 105 6 16 62 157 14 144 152 111 81 34 139 132 134 154 45 55 23 69 11 125 76 83 35 77 86 33 97 116 117 150 8 65 17 12 25 20 46 72 57 27 15 39 119 59 130 70 71 64 138
73 124 47 16 110 141 33 116 4 117 54 102 152 150 111 8 53 17 12 99 1 25 118 73 72 139 27 122 44 15 39 119 59 94 142 61 69 51 76 7 96 64
74
75 47 16 8 53 110 141 12 59 25
76 72 47 16 110 39 59 142 51 150 8 53 12 96 25 64 73
77 124 47 16 110 141 33 116 117 54 79 120 75 111 8 53 17 136 12 99 25 66 118 1 73 72 68 139 27 122 44 15 39 45 119 59 94 23 142 61 69 51 76 7 71 35 77 96
78
79 47
80 47
81 47 8 110 25
82
83
84 47 8 110 59 25
85
86 47
87
88 47 8 110 25
89
90
91
92
93 47 16 8 53 110 141 12 59 25
94 124 47 16 110 141 116 4 117 54 150 8 53 17 12 99 25 118 73 72 139 39 119 59 94 142 51 7 96 64
95 47 8 110 25
96 124 47 16 110 141 116 4 117 54 102 152 150 8 53 17 12 99 1 25 118 73 72 139 27 122 44 39 119 59 94 142 61 51 76 7 96 64
97 47
98
99 124 47 16 110 141 116 4 117 54 150 8 53 17 12 99 25 118 73 72 139 39 119 59 94 142 51 7 96 64
100
101
102 72 47 16 110 39 59 142 51 150 8 53 12 96 25 64 73
103 47
104
105 47
106
107
108
109
110 124 115 38 80 110 78 113 4 50 28 121 102 9 120 3 155 24 53 140 56 136 99 82 66 73 93 95 106 123 68 122 103 74 112 31 2 145 10 142 42 61 51 29 114 7 96 107 52 49 147 159 146 85 88 141 143 149 104 54 79 109 67 30 75 60 100 151 153 1 118 108 5 44 101 94 18 0 41 84 36 48 47 105 6 16 62 157 14 89 144 43 152 63 111 81 34 139 132 134 154 45 55 23 58 69 11 125 19 76 83 35 77 22 86 33 97 40 116 117 126 150 8 65 13 148 17 12 25 20 46 72 133 57 27 129 15 39 119 90 59 91 130 70 71 64 138
111 47 16 8 53 110 12 59 25
112 47 8 110 25
113
114 47
115
116 124 47 16 110 4 152 120 111 53 136 99 66 73 68 139 122 45 23 142 61 69 51 76 7 35 77 96 141 33 116 117 54 79 75 150 8 17 12 25 118 1 72 27 44 15 39 119 59 94 71 64
117 124 38 110 4 50 102 120 24 53 56 136 99 82 66 73 93 68 122 103 112 31 142 61 51 29 114 7 96 107 88 141 143 149 104 54 79 109 67 75 151 153 118 1 44 94 41 48 47 105 6 16 62 157 14 144 152 111 81 34 139 132 134 154 45 55 23 69 11 125 76 83 35 77 86 33 97 116 117 150 8 65 17 12 25 20 46 72 57 27 15 39 119 59 130 70 71 64 138
118 124 47 16 110 141 33 116 4 117 54 75 111 150 8 53 17 136 12 99 25 66 118 1 73 72 68 139 27 122 44 15 39 45 119 59 94 23 142 61 69 51 76 7 71 35 77 96 64
119 124 47 6 16 62 38 110 157 4 14 102 152 120 111 24 53 136 99 82 66 73 81 68 139 122 132 103 134 45 31 23 142 61 69 51 29 76 114 7 83 35 77 96 107 86 141 33 97 116 117 54 79 75 150 8 17 12 153 25 118 1 72 27 44 15 39 119 59 94 70 71 64
120
121
122 124 38 110 50 4 102 120 24 53 56 136 99 82 66 73 93 68 122 103 112 31 142 61 51 29 114 7 96 107 88 141 143 149 104 54 79 109 67 75 151 153 118 1 44 94 41 48 47 105 6 16 62 157 14 144 111 81 34 139 132 134 154 45 55 23 69 11 125 76 83 35 77 86 33 97 116 117 150 8 65 17 12 25 20 46 72 57 27 15 39 119 59 130 70 71 64 138
123
124 124 47 16 110 141 116 4 117 54 152 150 8 53 17 12 99 25 118 73 72 139 27 122 44 39 119 59 94 142 51 7 96 64
125
126
127
128
129
130
131
132 47 16 8 53 110 12 59 25
133
134 47
135
136
137
138 47 8 110 25
139 124 47 16 62 110 4 120 111 24 53 136 99 66 73 68 139 122 132 45 23 142 61 69 51 76 7 35 77 96 141 33 116 117 54 79 75 150 8 17 12 25 118 1 72 27 44 15 39 119 59 94 71 64
140
141 115 124 38 80 110 78 113 4 50 28 121 102 9 120 3 155 24 53 140 56 136 99 82 66 73 93 95 106 123 68 122 103 74 112 31 2 145 10 142 42 61 51 29 114 7 96 107 52 49 147 159 146 85 88 141 143 149 104 54 79 109 67 30 75 60 100 151 153 118 1 108 5 44 101 94 18 0 41 84 36 48 47 105 6 16 62 157 14 89 144 43 152 63 111 81 34 139 132 134 154 45 55 23 58 69 11 125 19 76 83 35 77 22 86 33 97 40 116 117 126 150 8 65 13 148 17 12 25 20 46 72 133 57 27 129 15 39 119 90 59 91 130 70 71 64 138
142 124 47 6 16 62 38 110 157 4 14 102 152 120 111 24 53 136 99 82 66 73 81 68 139 122 132 103 134 45 31 23 142 61 69 51 29 76 114 7 83 35 77 96 107 86 141 33 97 116 117 54 79 75 150 8 17 12 153 1 25 118 72 27 44 15 39 119 59 94 70 71 64
143
144 69 72 47 16 110 141 116 12 59 25
145
146 47
147
148 47
149
150 124 47 16 110 141 116 4 117 54 102 152 150 8 53 17 12 99 25 118 73 72 139 27 122 44 39 119 59 94 142 61 69 51 76 7 96 64
151
152 72 124 47 16 110 39 116 119 59 117 54 142 51 150 8 53 7 17 12 96 25 64 73
153
154
155
156
157
158
159
