1 15960513.50595274 16362630.346728584 15558396.665176896 16266337.88007056 15415290.164456032
2 12594105.09022156 14237657.138507891 10950553.041935228 14588633.128622612 11317424.600566842
4 19681989.012695998 23788481.532796077 15575496.492595918 23308145.38238099 14403458.883829985
8 29338168.70338297 33807787.79600684 24868549.610759094 32153548.592891872 23320737.20175377
16 55774384.887121774 62151314.50861884 49397455.26562471 61316623.12735318 49256078.97535753
32 105041912.23873162 156417236.2591851 53666588.21827815 151318988.22015622 39205527.696167186
48 82371094.75563492 156060951.8197404 8681237.691529408 153830060.60520637 35825360.465568595
64 192710607.7076941 207609705.83402625 177811509.58136198 214074043.6394953 186200018.49789014
70 148215717.30343294 216838031.2799379 79593403.32692799 186475403.27862924 54692225.03511119
86 167920997.75849688 255402162.92938575 80439832.58760801 244322837.93880326 56873904.95234494
96 149233697.01052892 181177956.9367466 117289437.08431125 183264937.28378955 118277204.75037313
