1 15534298.120730866 17028885.01939047 14039711.222071262 16472793.731697366 13424978.96981706
2 13700398.036352044 16972910.162090838 10427885.91061325 16300601.908885572 9592944.077110738
4 19510539.302874513 25877212.72975582 13143865.875993205 25116921.423853327 13026516.417888656
8 26419082.934096295 30830268.052923687 22007897.815268904 30129159.01209517 21691990.842647154
16 35050722.14846785 41231506.085948616 28869938.21098709 42736769.01379188 29271713.56914898
32 65413967.06228118 78335197.60614906 52492736.51841329 82390323.81248197 54016773.096323945
48 75389525.07341881 135010777.43739265 15768272.709444962 138035864.1882304 35243520.0700143
64 80554647.64349309 153498676.7086003 7610618.57838586 180350953.09984612 32134158.648509376
70 70957639.77162692 87510162.05648558 54405117.48676826 84590118.1138795 51740726.7530672
86 45077501.32107627 62405850.72899899 27749151.913153548 65822014.633217834 28127234.798956066
96 49658272.267246924 72098011.03020461 27218533.504289236 72490255.08306803 30990246.062174268
