1 16602737.18713257 16837306.953354023 16368167.420911118 16925253.738467153 15830267.60011393
2 12974856.621215697 13806877.480447559 12142835.761983836 15158237.292469596 11317457.417613609
4 17021934.15591664 20724077.622955736 13319790.68887754 24200003.773231678 10997843.865599623
8 26293199.370965116 30019268.848972872 22567129.89295736 38656044.11512438 21986332.092030693
16 36346708.36777546 42255934.55121601 30437482.184334915 53516624.96711982 28952658.457654476
32 31980061.045525692 37943957.57103876 26016164.520012625 46724027.93316585 17466430.464521047
48 33217385.939539194 46036137.26801739 20398634.611061 65168065.27137903 18591107.35197802
64 28202985.172791243 31587809.493625715 24818160.85195677 35303458.10855034 21597632.49993959
70 45180235.26322906 59830387.37205181 30530083.1544063 78187302.15479977 23442536.951945215
86 32011647.823230308 40207407.059554696 23815888.586905915 57733414.915481605 21087054.021683753
96 47908779.79157932 72291068.37933391 23526491.203824725 119063151.02960898 25498114.12455906
