1 14987639.969269942 15236785.7450558 14738494.193484085 15340467.738132318 14858364.635983752
2 16281759.812270844 22537026.52045794 10026493.10408375 25048688.5948906 12123226.940592438
4 23664838.97384119 28338349.06233371 18991328.88534867 28141486.753234908 17955043.471781664
8 34342538.778871015 45857012.316681266 22828065.241060764 44160345.177732274 23712890.26512223
16 79149157.59797554 86595581.08934593 71702734.10660514 86668022.68373871 70871652.12217483
32 145323538.04913706 219533665.5266964 71113410.5715777 181863807.66911212 39909531.70103289
48 102388830.8161244 180709768.52549994 24067893.106748834 187377423.3976196 41441548.70758611
64 101806336.95306252 178103411.09378055 25509262.81234449 185576948.8859592 40668521.22552235
70 132502224.66901621 201055085.0955922 63949364.24244024 200145457.62780172 53260906.99039457
86 107469860.44246885 161037947.12911388 53901773.75582381 145134100.08631918 55597674.408923134
96 148655121.23582906 243115210.91252512 54195031.55913298 253691477.18792135 50929825.75983408
