1 15788767.798602883 16128549.733205704 15448985.864000062 16124914.0874132 15381448.020532418
2 13201929.977276567 23343862.97300519 3059996.981547946 20642641.47367272 5062395.376959022
4 19701386.21754712 22945931.009562306 16456841.425531931 21703765.82986207 15150897.843867522
8 33255062.250062972 39857567.89157267 26652556.608553275 40360832.78463942 27191498.678792074
16 73524584.08646119 85183446.54359467 61865721.6293277 80826333.23697495 57247795.79270729
32 102173304.98915467 144087572.23129046 60259037.74701888 159803942.66789716 72911533.21070538
48 62760084.01996945 80254321.71652967 45265846.32340923 77805714.02190162 42909394.02521904
64 86788826.45862117 123224595.0456528 50353057.87158955 133713339.1809633 59735848.08546008
70 102342054.45751692 148160782.2110752 56523326.70395865 137461385.1397733 43298658.46539385
86 100655341.66970195 133017576.52961999 68293106.8097839 131321468.98653693 60293613.97235873
96 124211605.82146426 186817528.55426902 61605683.08865951 186422193.9380492 63654356.329263054
