1 15087939.673375282 15700349.710135162 14475529.636615403 15795799.259456057 14466657.96318735
2 15496673.385300824 21966961.418386735 9026385.352214914 24395432.967860505 10631048.879850198
4 21235789.607846994 24378159.721604545 18093419.494089443 24055026.0370516 17335463.97628033
8 30444288.620396435 34275925.0671609 26612652.17363197 33568448.2130417 25456008.788698096
16 56441961.06053878 63402995.68900884 49480926.43206873 66367294.556429565 52642280.221776366
32 108887424.96159813 121742641.21558946 96032208.70760679 122049787.81176476 95834338.62618631
48 145836415.2794941 163431799.8368301 128241030.7221581 170621022.66750303 136408072.3065187
64 176740142.08607876 219116484.3613224 134363799.81083512 215964120.0046749 143081832.39204922
70 203942069.8182816 239090384.96797597 168793754.6685872 236271340.2176999 162711229.21846452
86 220641998.7049614 248699678.71385577 192584318.696067 252271853.29534855 192245579.9174057
96 218962108.59616104 245131328.28058955 192792888.91173252 239586854.90866426 192784869.6234017
