1 15424714.736924618 15763065.371332722 15086364.102516515 15779542.558221338 15018307.027663225
2 14121223.630466107 15716699.585975207 12525747.674957007 16107826.474308508 12680011.374330252
4 22278394.716262143 26488040.63059615 18068748.801928136 24890988.68326598 16500427.090053255
8 34162359.42283769 39214775.77193407 29109943.07374131 37896313.080841735 28362982.354796886
16 71585404.41640708 77351506.6693419 65819302.16347225 78543757.46865848 66098229.343863115
32 103433049.5305598 178304126.16463527 28561972.896484315 185992025.61465964 39021130.824575506
48 118510346.00564249 148648977.08558786 88371714.92569712 143763370.94792417 90951050.98526646
64 69745919.7923714 99022087.94534452 40469751.63939829 108492913.8859634 51170857.94953655
70 116838936.24550276 144855875.1700275 88821997.32097802 140459431.92151517 91306217.32998195
86 84155229.4942888 127207053.79634409 41103405.19223352 140102090.73342875 52821877.517112255
96 128429412.39408155 195540870.16064766 61317954.627515435 184378551.42239612 64758571.6246802
