1 11077795.28798394 12646869.050709788 9508721.525258094 15809805.470984703 2599993.05853665
2 8769477.106074346 10071715.391313024 7467238.820835669 15361511.791593285 1898190.6032170309
4 10820896.143130058 13761786.842250708 7880005.444009408 22038452.263818897 1248466.959831332
8 10165833.35860315 13790192.175780743 6541474.541425557 32472993.217889197 1460163.1949824886
16 34302946.72907084 46148932.98513683 22456960.473004855 90188912.85658328 1798702.3772651916
32 92037910.20024085 121425992.48285791 62649827.91762379 203772525.67247003 2088482.3581845518
48 71940496.1435854 105130804.82310502 38750187.464065775 221715049.97422814 1654862.022399223
64 113487550.40842663 154103816.9957845 72871283.82106876 285300136.5746285 3579419.6313226963
70 84910368.31701125 124563238.13119698 45257498.50282553 273568734.8978279 3675613.220580735
86 81973806.83398764 124396788.55060513 39550825.11737014 314821662.1267155 2763254.8241909575
96 88371824.9596452 136962324.47915602 39781325.44013436 360319958.3361169 2608922.0371248894
