1 14830391.861969352 16544161.172944332 13116622.550994372 16121593.944969634 13209280.058119545
2 13500818.109180953 16555461.827857228 10446174.390504679 15563832.159199243 9679698.319413012
4 21151308.34086635 24128366.93629541 18174249.74543729 25167688.226494186 19068120.892784618
8 32752513.805339724 40114518.167965375 25390509.442714073 38942809.583081484 23297870.148535777
16 43784583.87130943 59043183.67708971 28525984.065529145 59320422.3202291 30585743.56690464
32 44917391.54099904 68372818.70819755 21461964.373800527 68558245.10015336 17526916.92985248
48 53968393.66575189 69594513.76113354 38342273.57037024 70851711.43804008 41906533.31979993
64 35545829.83560989 41443926.76122332 29647732.909996457 40907780.325328335 30159532.840278424
70 37283586.49263911 47557069.190154426 27010103.795123793 47592803.615902275 28206475.64618507
86 29729155.295436073 36642372.6262527 22815937.964619447 39574100.090026796 26280900.66348892
96 32535564.837702267 39454516.56864634 25616613.10675819 37409766.54804223 23653180.179784857
