1 24.2508 24.627 23.6865 24.796 23.686
2 40.227199999999996 46.048500000000004 36.346333333333334 49.332 33.888
4 37.946799999999996 40.769 33.713499999999996 42.21999999999999 30.256999999999998
8 27.4466 31.579333333333334 21.247500000000002 35.523 17.77
16 41.309000000000005 49.563 35.806333333333335 57.18 31.601000000000003
32 39.242 40.929333333333325 36.711 43.558 34.815
48 27.6142 53.827 21.061 53.827 15.842
64 39.3348 75.867 30.201749999999997 75.867 18.666
70 38.65559999999999 50.8525 30.524333333333335 56.221999999999994 26.408
86 44.4896 54.77933333333334 29.055 58.46600000000001 25.686
96 46.458800000000004 53.75566666666666 35.51350000000001 58.87199999999999 31.956000000000003
