1 12.139859624436738
1 11.893600974453955
1 11.354040285551498
1 12.295688632757038
1 12.035285317375505
1 14.763359031749982
1 11.638063964884653
1 11.929080974170732
1 11.964467115623012
1 11.788556588757643
2 18.47495214567348
2 18.248909904111173
2 17.85148605240913
2 18.201263465886424
2 17.8383010605884
2 17.833952237021293
2 18.27046555121397
2 18.109522389049086
2 14.297740812638061
2 14.326566554500864
4 32.2927076696888
4 29.52438628219297
4 31.664170426065162
4 32.16483464386719
4 27.967027596940735
4 31.816561646037613
4 32.00173497530627
4 27.683836948891933
4 32.35637265332177
4 32.316877457249774
8 50.83863665348808
8 50.732059543433735
8 49.910294976879285
8 50.71960366852276
8 50.18973641015738
8 49.04299777449276
8 48.08820789368238
8 48.59964114033916
8 49.7505708926985
8 50.53747189488288
16 72.89698915278716
16 73.40291749701076
16 70.9001752833748
16 72.78251296792946
16 72.96358230077836
16 73.07658137052113
16 72.72009489027292
16 69.63656721399013
16 72.48624630837769
16 72.27172772416378
32 74.57268848011948
32 71.21810488716784
32 76.20120286396181
32 71.10957637141037
32 69.2683153942428
32 71.99850192231209
32 71.7471884978847
32 72.04965694408986
32 71.7893196084848
32 73.35501748086554
48 75.82555494312773
48 72.84115922129001
48 75.60969856906358
48 74.46327089064523
48 75.22909881068375
48 70.19205885787692
48 76.1366263232836
48 76.53246917905342
48 72.61967227479845
48 76.12985810011826
