1 8826.436000000002
1 8842.121
1 8771.926
1 8995.048999999999
1 8794.037
1 8632.403
1 8803.050000000001
1 8837.972
1 8915.426
1 8646.481
1 8774.929
1 8600.201000000001
1 8629.413999999999
1 8779.314
1 8694.078000000001
1 8679.607
1 9042.39
1 8894.487000000001
1 8641.278999999999
1 8816.176
1 8630.032
1 8533.760999999999
1 8841.401999999998
1 8518.951000000001
1 9035.028
1 8830.841999999999
1 8824.879
1 8323.275
1 8593.298999999999
1 8979.421
2 12570.228
2 13672.38
2 13854.583
2 14361.889999999998
2 12561.678
2 13839.914999999999
2 14001.992000000002
2 12281.848999999998
2 14303.099
2 12722.277
2 14596.186
2 13755.601000000002
2 13519.746000000003
2 14157.798999999999
2 13942.345999999998
2 13633.684000000001
2 13393.257
2 13349.295999999998
2 14723.124999999998
2 13621.234
2 13555.284
2 12786.215
2 14847.893000000004
2 14065.707999999999
2 12908.714000000002
2 13097.305
2 13303.502
2 13898.556
2 13542.777
2 14756.237
4 26655.471999999998
4 28134.487000000005
4 27615.846999999998
4 26563.287
4 26815.948
4 26207.516
4 24559.954
4 27037.327
4 27441.886
4 26975.106999999996
4 27603.466000000004
4 26858.789
4 25662.112999999998
4 26167.001000000004
4 27542.61
4 24092.199
4 28111.718
4 27497.138000000003
4 25582.445999999996
4 26531.709
4 27244.129
4 25959.265
4 26668.602000000003
4 27125.845
4 26961.784999999996
4 26654.134
4 27449.149
4 27758.457
4 26848.505
4 27137.782
8 40647.918999999994
8 38514.986000000004
8 40257.761
8 42292.746999999996
8 41268.704999999994
8 41889.26400000001
8 41435.548
8 41791.713
8 41005.59199999999
8 42338.594999999994
8 37555.34299999999
8 38043.849
8 37732.717000000004
8 40390.02099999999
8 41188.821
8 41613.215
8 43012.677
8 41357.84100000001
8 41503.756
8 38121.673
8 40012.206
8 41079.675
8 42899.622
8 41206.868
8 38076.942
8 41216.58
8 37309.810000000005
8 38851.038
8 41572.435
8 41735.461
16 43892.106999999996
16 43567.642
16 47253.995
16 43349.888000000006
16 42304.140999999996
16 46364.539
16 46601.866
16 47569.665
16 43860.722
16 43801.403
16 43285.784999999996
16 43937.395000000004
16 44409.207
16 46174.87
16 46777.585
16 44408.005999999994
16 43560.829
16 45001.501000000004
16 45210.676
16 46966.87100000001
16 43883.369999999995
16 44881.39600000001
16 47425.333
16 47070.85400000001
16 47219.702
16 43707.03799999999
16 44501.371
16 45195.59299999999
16 42845.385
16 46094.825000000004
32 45033.62300000001
32 46271.39100000001
32 43380.58500000001
32 43562.147000000004
32 50100.917
32 44867.269
32 47552.629
32 44424.901000000005
32 47855.422000000006
32 48037.03300000001
32 43935.553
32 45490.991
32 42627.601
32 51194.018
32 44000.75600000001
32 44303.492999999995
32 49054.488
32 48315.240000000005
32 46574.699
32 47816.318
32 44775.131
32 46031.87299999999
32 44248.525
32 49440.348999999995
32 47057.887
32 45872.1
32 42465.494
32 46158.409
32 44606.05100000001
32 48598.806
48 48072.40899999999
48 48895.501000000004
48 46527.905
48 51262.348
48 47680.156
48 46227.186
48 43306.765
48 47854.48799999999
48 51875.776999999995
48 44543.710999999996
48 43845.043999999994
48 42902.598
48 47316.30100000001
48 46983.59099999999
48 45790.123999999996
48 44625.962999999996
48 44289.397
48 50751.62299999999
48 50911.289
48 45544.56300000001
48 51424.242
48 45052.943999999996
48 48430.8
48 40645.611
48 46435.28
48 44841.157999999996
48 44166.519
48 42933.452000000005
48 48394.132999999994
48 45325.53900000001
