1 22.568999999999996 23.39725 19.256 24.218999999999998 19.256
2 22.616400000000002 25.282333333333337 18.6175 28.616 16.408
4 20.325799999999997 22.750666666666664 16.6885 26.227999999999998 13.222
8 41.843599999999995 47.00599999999999 38.401999999999994 47.64499999999999 37.58099999999999
16 38.8712 41.8425 36.89033333333333 42.718999999999994 34.756
32 32.657799999999995 35.038333333333334 29.087000000000003 36.663 25.635
48 42.09739999999999 55.5925 33.10066666666666 62.718 30.675
64 29.804999999999996 33.94433333333333 23.596 36.98 22.496000000000002
70 41.916399999999996 50.92166666666666 28.4085 55.61099999999999 25.955
86 41.12239999999999 48.836 35.98 49.191 31.070999999999998
96 41.0462 53.05050000000001 33.04333333333333 55.70400000000001 31.261999999999997
