1 16.4384 18.979 14.744666666666665 19.195 13.451
2 24.559 32.721500000000006 19.11733333333333 32.987 16.008
4 21.612 26.338 18.461333333333332 28.366 17.121
8 37.7928 43.135999999999996 34.230666666666664 47.352999999999994 30.634
16 43.1348 46.040666666666674 38.776 47.454 36.409
32 28.5414 34.958000000000006 24.263666666666666 35.663000000000004 20.877000000000002
48 32.7496 35.02333333333333 29.339 37.518 29.301
64 27.125400000000003 37.685 24.4855 37.685 21.086
70 34.4086 41.02066666666667 24.490499999999997 44.269999999999996 24.046
86 58.053399999999996 68.82933333333334 41.8895 72.167 32.942
96 35.9842 40.76966666666667 28.806 45.876999999999995 26.990000000000002
