1 95356786
2 171863252
4 326464959
8 509786298
16 644637027
32 611971365
48 603620445
1 29164081
1 28287329
1 27168778
1 28548013
1 28390239
1 27160660
1 28245531
1 28466121
1 28393964
1 28382610
2 17675520
2 18054308
2 17570959
2 18835208
2 18620447
2 17909690
2 17945158
2 17812410
2 18339705
2 18617453
4 39025774
4 38576317
4 39319007
4 39782585
4 39252863
4 39561999
4 39377196
4 38803699
4 38291209
4 40215039
8 72067815
8 70695212
8 72347825
8 71453706
8 73243078
8 72263833
8 71128317
8 72003479
8 70462289
8 69394935
16 111305651
16 116953311
16 112569410
16 111761774
16 112185511
16 111538912
16 109134626
16 111899159
16 107094958
16 110600472
32 184374645
32 177634540
32 184469343
32 174810711
32 176984538
32 170157193
32 183684740
32 173307172
32 177563757
32 177821039
48 243693274
48 265209010
48 256573765
48 261734495
48 262102037
48 255367840
48 259467221
48 262922401
48 169501323
48 231753683
1 28467701
1 27831422
1 28374119
2 18147137
2 18002586
2 18567874
4 40695325
4 39580465
4 39782970
8 70036057
8 73732231
8 70365763
16 110925132
16 114298674
16 111421553
32 185734238
32 179500561
32 179814838
48 257055487
48 256411756
48 244055480
