1 90165550
1 91711126
1 93856086
1 91602220
1 92843254
1 91600260
1 89938038
1 90008756
1 91572988
1 91319364
2 186140489
2 180106924
2 181477656
2 189940230
2 189624950
2 183821784
2 184962601
2 185531614
2 182332086
2 191136832
4 312746844
4 306432680
4 300788190
4 304021778
4 319000906
4 313035278
4 304440252
4 311240582
4 310095774
4 312029817
8 464619196
8 439281112
8 442455590
8 436506458
8 439279984
8 445876527
8 454794232
8 443876383
8 441817332
8 459337164
16 541570081
16 544918038
16 539878753
16 544941023
16 545205779
16 540535255
16 543126051
16 543818414
16 547239109
16 546314321
32 497875555
32 496770305
32 497955462
32 499290143
32 493821512
32 496995551
32 490641716
32 495749903
32 495770306
32 501716498
48 495821144
48 498901900
48 501164049
48 495167387
48 499710761
48 498811407
48 502681919
48 501114341
48 497791107
48 499629397
1 91372914
1 92838466
1 89711422
1 89671134
1 89938026
1 89985680
1 88970276
1 92676682
1 90507520
1 89764096
2 189651698
2 187055702
2 186605772
2 180952872
2 183134706
2 185547220
2 188868692
2 183434284
2 180311922
2 183929938
4 318408796
4 302333060
4 314957728
4 303884960
4 308345592
4 318773912
4 303134708
4 302593734
4 309926782
4 309094478
8 450922262
8 455952660
8 430017981
8 443943739
8 463030474
8 455415096
8 449589353
8 458851900
8 457031032
8 438321648
16 545956658
16 541108276
16 539297297
16 544296776
16 542770148
16 541257601
16 545760204
16 547537581
16 545600946
16 548722378
32 496904353
32 500265267
32 501540746
32 497872246
32 497643332
32 497647263
32 497686183
32 492035371
32 494501107
32 497842502
48 499806717
48 494609837
48 498743807
48 500098050
48 499124773
48 501000810
48 491526943
48 495203388
48 499409586
48 496161978
