1 2635056
2 586794
2 3169046
2 1707906
2 2047076
2 3026592
2 4795500
2 2447782
2 4888082
2 1039718
2 3986398
4 4952648
4 7334188
4 38087800
4 3688222
4 19295867
4 16208662
4 6740952
4 5053884
4 3813324
4 39114204
8 11532595
8 8524130
8 26911626
8 8887874
8 16394568
8 17804606
8 20745092
8 10851477
8 18303410
8 15254632
16 54238960
16 39458295
16 89117856
16 65602639
16 42423187
16 25231222
16 47940907
16 18602742
16 43208455
16 30634902
32 6728501
32 4621776
32 11258147
32 2875252
32 1463915
32 26079545
32 6549502
32 11559616
32 6366823
32 7288815
48 2137428
48 30907810
48 21357733
48 14149819
48 14655503
48 30608710
48 31132191
48 3504865
48 18159138
48 21809981
1 1889992
1 2610350
1 1795736
1 2897866
1 2619986
1 2617248
1 2559886
1 2954288
1 1681670
1 2607542
2 1429784
2 1037244
2 6151988
2 1956362
2 1876480
2 10390508
2 3731188
2 3130384
2 2779384
2 3786802
4 4035720
4 11705304
4 4498000
4 7616016
4 6496792
4 22421262
4 7581482
4 9737956
4 4840230
4 9074514
8 20884755
8 11197152
8 22139923
8 7015026
8 23548704
8 21653752
8 14588299
8 10994191
8 16784428
8 10841440
16 71322341
16 24963715
16 63188202
16 66959678
16 70524666
16 87342753
16 36363551
16 62808326
16 53018346
16 60263586
32 5981884
32 17626221
32 16589557
32 6766792
32 5369098
32 10206282
32 6702049
32 3303590
32 20840194
32 12950814
48 33219064
48 20537361
48 15058266
48 17392280
48 1774809
48 17586355
48 23145859
48 30239477
48 29832255
48 11523225
