1 53716628
1 585287
1 193023
1 1862239
1 39188546
1 79663537
1 513746
1 45087009
1 38280079
1 367924
2 14168458
2 24727445
2 38546494
2 1062471
2 5663577
2 12004625
2 2567114
2 20545008
2 451088
2 14218090
4 12266071
4 27462053
4 1881319
4 14826930
4 14248387
4 406007
4 22437510
4 12167719
4 27611753
4 19975044
8 3530378
8 12072199
8 9972970
8 7777308
8 3342343
8 21056543
8 15980583
8 11931280
8 22053680
8 15935516
16 15478642
16 6407806
16 6702018
16 4022705
16 4885516
16 15499199
16 12713731
16 9807103
16 18892292
16 968126
32 10233580
32 6498943
32 11727387
32 2858796
32 8086446
32 9234911
32 3014211
32 9504836
32 6897458
32 6987048
48 7081577
48 4113150
48 9622448
48 1118014
48 1169335
48 2684466
48 3100223
48 3384604
48 1065038
48 5693655
