1 1005094
1 903456
1 168442
1 1295632
1 668110
1 668208
1 1450876
1 899928
1 600440
1 668208
2 2340656
2 1408034
2 2436996
2 3122414
2 2547424
2 2212500
2 2021842
2 1857060
2 2793698
2 2114678
4 5363448
4 4396236
4 3717584
4 3962796
4 3277316
4 3402470
4 5240388
4 6329692
4 3804360
4 2843276
8 10893442
8 16561264
8 13473916
8 14976012
8 8520886
8 9496038
8 12633958
8 12527320
8 15405534
8 14713591
16 75648633
16 68954380
16 20554692
16 37841628
16 62316732
16 48771742
16 36033358
16 40527928
16 163088100
16 32450136
32 49495808
32 15217926
32 43968039
32 35176330
32 729566
32 13530492
32 791800
32 3215321
32 1086682
32 3381791
48 1126326
48 5477918
48 2852555
48 6075958
48 4614294
48 6037651
48 8444070
48 18973484
48 255004
48 1651224
1 688290
1 1441726
1 788826
1 1064454
1 728372
1 159594
1 1162664
1 830308
1 290874
1 731188
2 1278580
2 2182514
2 1806026
2 1595774
2 2212990
2 3497752
2 2752688
2 499752
2 2086694
2 3545534
4 3027024
4 3776712
4 4754974
4 4454618
4 3337804
4 2319372
4 2909720
4 3231408
4 2788626
4 3062596
8 15020409
8 12325109
8 18844063
8 15147139
8 14578818
8 14474708
8 12644680
8 19234982
8 6319024
8 12856012
16 37999460
16 52006097
16 25376318
16 85420312
16 58014513
16 80645444
16 70769950
16 62464950
16 57600015
16 4996912
32 17575366
32 4404599
32 1717092
32 6946087
32 280600
32 31165784
32 10860564
32 1448584
32 88108
32 2223993
48 2596280
48 7522891
48 6632676
48 8140481
48 4375212
48 6781562
48 4189201
48 3654
48 28371119
48 14931054
