1 114558642
1 114223646
1 119776346
1 114223646
1 120183016
1 114223646
1 121877530
1 120720238
1 116556972
1 119795782
2 58844829
2 58917753
2 51466429
2 58562473
2 61789347
2 51203736
2 53305136
2 53685372
2 55743010
2 59665577
4 46159699
4 45250180
4 56799826
4 50203477
4 61127407
4 54365597
4 58763855
4 52006776
4 50901861
4 57959719
8 45863874
8 54097583
8 41380403
8 56630158
8 63967166
8 68926733
8 57898944
8 48096222
8 54648469
8 50496662
16 35561739
16 67941130
16 62010658
16 50823006
16 25541194
16 24127660
16 63276296
16 58778071
16 35756931
16 64569675
32 4461171
32 7755949
32 14827736
32 4411887
32 21024732
32 7458941
32 5765739
32 5983192
32 29690245
32 14383494
48 24791960
48 15002650
48 23100051
48 13954602
48 18114007
48 10825881
48 38511674
48 6203062
48 26301394
48 13833554
