1 5095485
2 4294185
2 5389389
2 3544257
2 2282918
2 678535
2 1594699
2 2112946
2 1356508
2 2759871
2 3786782
4 14721972
4 13257312
4 6512177
4 12062945
4 5283944
4 11523786
4 5641428
4 4686771
4 12269699
4 9601729
8 19220920
8 7237073
8 29195576
8 14571473
8 20086353
8 17165980
8 17793335
8 29319475
8 26296395
8 15903265
16 58906799
16 82416590
16 53586714
16 56473126
16 105156951
16 69726300
16 40480715
16 68651480
16 40034824
16 65510449
32 1285620
32 2297340
32 2740295
32 19996837
32 1852529
32 11899615
32 4788142
32 2609576
32 1876724
32 2179894
48 22600960
48 16366449
48 23740608
48 24957609
48 15718278
48 41178959
48 1929506
48 36696024
48 1942556
48 22828856
