1 93145070
1 91893246
1 92004802
1 92009874
1 92048202
1 91895258
1 92995480
1 91082818
1 91433162
1 93723706
2 189279122
2 192685478
2 194657556
2 192876678
2 192341226
2 196470412
2 190377262
2 191649980
2 195564374
2 194306952
4 331122202
4 331600120
4 327301210
4 337300634
4 342870098
4 331075148
4 340482968
4 336778560
4 326010620
4 336862392
8 644492090
8 636216442
8 639834505
8 644192972
8 633855285
8 653603719
8 634875447
8 642695662
8 638025621
8 633110525
16 785133063
16 782983796
16 782885897
16 783391544
16 784544226
16 784853836
16 784202789
16 783723681
16 785380161
16 783527699
32 795134094
32 797619861
32 793445515
32 794065898
32 793835226
32 793388924
32 797376046
32 793268331
32 793665263
32 793764540
48 798571384
48 799907815
48 800138905
48 799930201
48 799387403
48 797994056
48 798360676
48 798175828
48 798152011
48 798829638
