1 261078
2 370264
2 497704
2 622896
2 510014
2 581674
2 590396
2 703280
2 500670
2 575388
2 623462
4 1091036
4 1504736
4 1674698
4 1860364
4 1948024
4 1937656
4 1638672
4 1723170
4 1807572
4 1713124
8 6831440
8 6554616
8 5895720
8 4759526
8 5318366
8 4223576
8 6299560
8 5890314
8 6037526
8 6380196
16 16212470
16 19694790
16 17855398
16 21645792
16 21538658
16 22106314
16 18685536
16 18118906
16 17197792
16 18602286
32 56613774
32 56918694
32 54034902
32 57399570
32 60638242
32 57398050
32 64609426
32 53744444
32 46738480
32 54051886
48 102221954
48 104045627
48 94538388
48 103537460
48 116058780
48 114074182
48 115584920
48 99429074
48 98731440
48 107833894
