1 336096688
1 336219586
1 344023216
1 335051150
1 335476035
1 340256581
1 340159735
1 340522616
1 342798136
1 339762467
2 338692134
2 346943057
2 359499719
2 341161700
2 339200547
2 338368403
2 333522851
2 334488768
2 341137692
2 345358659
4 299893272
4 304438761
4 325050119
4 331607307
4 322528812
4 314330806
4 323581976
4 332194061
4 312590476
4 329982516
8 214012670
8 202381568
8 199626038
8 208865143
8 209262488
8 217489388
8 208312526
8 198489409
8 207663173
8 212022362
16 182496825
16 159506323
16 185173434
16 137105585
16 174119009
16 179217720
16 198652300
16 190023654
16 212361800
16 206767688
32 183059434
32 219552233
32 266489635
32 250218672
32 232603588
32 281259112
32 210720817
32 265193492
32 223266443
32 185443309
48 280027111
48 275921690
48 241643190
48 301795783
48 315327286
48 365761653
48 279053593
48 329209990
48 323245237
48 252489191
