1 2748986
2 3202454
4 3149835
8 5994634
16 6807143
32 8339800
48 12271654
1 3238274
1 3497920
1 3189132
1 3180474
1 3221974
1 3236144
1 3236144
1 3221974
1 3237742
1 3458570
2 3372730
2 3607008
2 3662730
2 3449610
2 3661756
2 3772634
2 3661006
2 3391886
2 3714152
2 3458498
4 4047846
4 3629410
4 3467704
4 3917222
4 3972810
4 3659110
4 3644158
4 3605876
4 3817594
4 3699474
8 3876708
8 4109566
8 3983038
8 3943302
8 3952382
8 4374990
8 3958038
8 3705496
8 3986028
8 3939592
16 4655820
16 4412784
16 4297990
16 4472962
16 4429466
16 4370718
16 4778398
16 3937920
16 4490334
16 4524026
32 4917334
32 5099374
32 5116940
32 5434978
32 5379322
32 4917188
32 4881076
32 5307782
32 4894810
32 5509612
48 8289420
48 8352344
48 7967234
48 7988468
48 8295052
48 8105472
48 8010448
48 8306732
48 8297142
48 8108102
1 76856395
1 76973608
1 76758382
1 77258250
1 77519523
1 78068494
1 78130252
1 78029858
1 76225247
1 75230117
2 133439925
2 131541553
2 133913758
2 132431221
2 133836105
2 133090451
2 133599441
2 133073010
2 139106189
2 130766404
4 232657794
4 233197305
4 223463819
4 236386015
4 243919006
4 232677102
4 230785128
4 236304210
4 246786623
4 241203761
8 331285378
8 340979005
8 346143935
8 348070540
8 346424256
8 355715536
8 345184060
8 345606380
8 344384946
8 342406388
16 468587945
16 435772886
16 428174284
16 409282912
16 415124841
16 435239900
16 440436447
16 447234050
16 420087605
16 438628096
32 453380045
32 456940120
32 440421160
32 451401032
32 467699015
32 453938299
32 441690869
32 459005302
32 468904194
32 456339509
48 490019662
48 488609689
48 494769621
48 493499963
48 492439109
48 488668018
48 491220457
48 488300985
48 500530764
48 509536746
