1 324043896
1 319065482
1 315659320
1 324017824
1 321990046
1 319721710
1 324016080
1 337219062
1 330020862
1 341148510
2 339643992
2 339936298
2 341305464
2 339382642
2 343607084
2 345354060
2 338423138
2 340314880
2 336043808
2 333136584
4 231782308
4 224004250
4 224661693
4 231940642
4 236246928
4 239098006
4 235165795
4 247284460
4 241446237
4 236966316
8 164537558
8 161950174
8 167344506
8 155569192
8 174464218
8 157196467
8 170067699
8 160864286
8 178348308
8 165572036
16 128493848
16 129004565
16 119086170
16 135921572
16 137065794
16 134196463
16 157938396
16 112196037
16 120940462
16 164368891
32 187216497
32 167227253
32 177959355
32 161533654
32 162711795
32 160662510
32 174828452
32 139709988
32 171984754
32 156130532
48 216239843
48 190263583
48 188900741
48 228225991
48 185898296
48 228830804
48 208829441
48 240044636
48 184008636
48 202460734
