1 151297
2 279651
4 852115
8 2466834
16 10715431
32 44895088
48 72097901
1 25842
2 39331
4 155409
8 589902
16 1368642
32 2286052
48 2950527
1 25056
2 34727
4 133484
8 424331
16 990269
32 2194232
48 3390079
1 25050
2 37303
4 99223
8 516704
16 1177124
32 1917783
48 3315387
1 30627
2 61303
4 134719
8 480467
16 1011228
32 1635828
48 2642825
1 25675
2 35221
4 170969
8 498349
16 1033020
32 2533449
48 12936192
1 25719
2 29129
4 141633
8 479441
16 1133312
32 2056078
48 3967706
1 25598
2 35643
4 118160
8 443114
16 1079765
32 2126549
48 3452639
1 25375
2 35141
4 135032
8 398859
16 1137504
32 2370079
48 6039142
1 26250
2 38574
4 121180
8 431665
16 903231
32 1879158
48 3495970
1 26772
2 48058
4 114036
8 485585
16 1440867
32 2181095
48 3411071
1 24807
2 29600
4 150910
8 470304
16 1283956
32 2194677
48 3779380
1 25639
2 31371
4 127050
8 439029
16 1039206
32 2485513
48 3167493
1 25188
2 39228
4 108449
8 548878
16 1148271
32 2565991
48 3954192
1 25238
2 45751
4 158604
8 498478
16 1132778
32 2272348
48 3510789
1 387687
1 392885
2 313321
2 298643
4 792769
4 644416
8 2466919
8 2155139
1 385856
1 393098
2 476017
2 438182
4 771693
4 646217
1 238380
1 233772
2 226407
2 213050
4 240351
4 255903
8 892001
8 876305
16 2779331
16 1601209
32 8340236
32 6871144
48 14538099
48 13120141
1 239441
1 234205
2 228507
2 212042
4 223559
4 293834
8 645183
8 754744
16 2254721
16 2526966
32 6732056
32 7401408
48 14104114
48 13827317
1 819836
1 841230
1 862925
1 867448
1 844627
1 821228
1 839275
1 811084
1 812622
1 841143
2 979045
2 856422
2 940656
2 1498395
2 927983
2 1056306
2 1461401
2 982239
2 1230562
2 1159706
4 4892773
4 4755037
4 5101522
4 2958341
4 4551412
4 4716307
4 4181545
4 5030467
4 4156363
4 4089907
8 12212679
8 14485465
8 14160219
8 13358056
8 12127404
8 14192555
8 13122803
8 12609536
8 12471326
8 12845964
16 33791271
16 32784446
16 35198042
16 33531298
16 36190757
16 34511051
16 34118308
16 38935202
16 36844865
16 25520287
32 49874529
32 70297884
32 39588764
32 50516820
32 58607151
32 67836267
32 49716398
32 55062731
32 53494222
32 119857770
48 66418270
48 50426314
48 90066507
48 51418172
48 76044747
48 47046999
48 105533620
48 117433894
48 107540873
48 74360804
