1 636940
1 638694
1 637542
1 639636
1 636986
1 650392
1 640132
1 638614
1 638742
1 635552
2 1231528
2 1160694
2 1136892
2 1211514
2 1132530
2 1249820
2 1271870
2 1295496
2 1282026
2 1134480
4 4008444
4 4254476
4 4027170
4 3997010
4 3925770
4 4088736
4 4108544
4 4336808
4 3915390
4 4097360
8 12860094
8 10661186
8 12407796
8 12259292
8 11648968
8 12901786
8 12623054
8 12573218
8 12550446
8 12155622
16 35715580
16 27975648
16 35869774
16 34223044
16 26334866
16 33987904
16 33002668
16 35370330
16 36181764
16 35044128
32 61796500
32 60928534
32 46513052
32 46706900
32 70206648
32 60860466
32 67898180
32 47586640
32 48335730
32 49551328
48 69483942
48 28042464
48 130896558
48 24585006
48 40616602
48 16411008
48 35254112
48 36622550
48 82766692
48 37775688
1 640268
1 639938
1 638710
1 642476
1 639108
1 638506
1 639944
1 640160
1 638516
1 638668
2 1175948
2 1156722
2 933702
2 1228382
2 1131594
2 1278094
2 1086532
2 1118844
2 1306382
2 1177158
4 4082028
4 4197588
4 3983890
4 4322474
4 4212370
4 4074206
4 4140214
4 3836482
4 4281274
4 3987734
8 12230202
8 12548632
8 11038930
8 12733988
8 12618110
8 12612934
8 12763752
8 12406984
8 14021190
8 12869898
16 28176136
16 33109982
16 35534840
16 37900058
16 32866608
16 35273240
16 35397272
16 33939164
16 32152774
16 27086922
32 93081212
32 65059442
32 47684538
32 58527286
32 48656980
32 72373770
32 72553320
32 44590516
32 47903814
32 75859836
48 38381018
48 82916690
48 33384592
48 35207056
48 42751786
48 63667156
48 38073522
48 44772708
48 40639768
48 36858942
