1 100314910
1 98751439
1 98833585
1 99054234
1 97169465
1 99164114
1 98855927
1 100583734
1 100525450
1 99356920
2 200563599
2 205435212
2 205178304
2 202280724
2 199460312
2 204909353
2 206010816
2 206596386
2 204244109
2 203417046
4 361859664
4 359250298
4 351768732
4 359159564
4 353847245
4 355619043
4 352680388
4 357886113
4 355430190
4 345941913
8 681098549
8 688966635
8 683665246
8 692791233
8 682270981
8 689942556
8 686538503
8 690803390
8 685955657
8 680319265
16 804278741
16 804715584
16 801802550
16 803551888
16 800987062
16 804666719
16 802763937
16 802147770
16 803138736
16 802754166
32 810500188
32 810288731
32 810807885
32 810455263
32 811459116
32 810774118
32 812666910
32 810037132
32 811090013
32 810944168
48 814247110
48 815978371
48 814925238
48 815532056
48 815354537
48 815153108
48 815339852
48 814482933
48 815509620
48 814831139
