1 20000
1 20000
1 20000
1 20000
1 20000
1 20000
1 20000
1 20000
1 20000
1 20000
2 30000
2 30000
2 30000
2 30000
2 30000
2 30000
2 30000
2 30000
2 30000
2 30000
4 50000
4 50000
4 50000
4 50000
4 50000
4 50000
4 50000
4 50000
4 50000
4 50000
8 90000
8 90000
8 90000
8 90000
8 90000
8 90000
8 90000
8 90000
8 90000
8 90000
16 170000
16 170000
16 170000
16 170000
16 170000
16 170000
16 170000
16 170000
16 170000
16 170000
32 330000
32 330000
32 330000
32 330000
32 330000
32 330000
32 330000
32 330000
32 330000
32 330000
48 490000
48 490000
48 490000
48 490000
48 490000
48 490000
48 490000
48 490000
48 490000
48 490000
1 20000
1 20000
1 20000
1 20000
1 20000
1 20000
1 20000
1 20000
1 20000
1 20000
2 30000
2 30000
2 30000
2 30000
2 30000
2 30000
2 30000
2 30000
2 30000
2 30000
4 50000
4 50000
4 50000
4 50000
4 50000
4 50000
4 50000
4 50000
4 50000
4 50000
8 90000
8 90000
8 90000
8 90000
8 90000
8 90000
8 90000
8 90000
8 90000
8 90000
16 170000
16 170000
16 170000
16 170000
16 170000
16 170000
16 170000
16 170000
16 170000
16 170000
32 330000
32 330000
32 330000
32 330000
32 330000
32 330000
32 330000
32 330000
32 330000
32 330000
48 490000
48 490000
48 490000
48 490000
48 490000
48 490000
48 490000
48 490000
48 490000
48 490000
