1 1000000
1 1000000
1 1000000
1 1000000
1 1000000
1 1000000
1 1000000
1 1000000
1 1000000
1 1000000
2 1000000
2 1000000
2 1000000
2 1000000
2 1000000
2 1000000
2 1000000
2 1000000
2 1000000
2 1000000
4 1000000
4 1000000
4 1000000
4 1000000
4 1000000
4 1000000
4 1000000
4 1000000
4 1000000
4 1000000
8 1000000
8 1000000
8 1000000
8 1000000
8 1000000
8 1000000
8 1000000
8 1000000
8 1000000
8 1000000
16 1000000
16 1000000
16 1000000
16 1000000
16 1000000
16 1000000
16 1000000
16 1000000
16 1000000
16 1000000
32 1000000
32 1000000
32 1000000
32 1000000
32 1000000
32 1000000
32 1000000
32 1000000
32 1000000
32 1000000
48 1000000
48 1000000
48 1000000
48 1000000
48 1000000
48 1000000
48 1000000
48 1000000
48 1000000
48 1000000
