1 19603
2 29924
2 29900
2 29900
2 29930
2 29925
2 29922
2 29961
2 29941
2 29930
2 29953
4 50000
4 49999
4 49999
4 49999
4 50000
4 49999
4 49998
4 50000
4 50000
4 49999
8 89999
8 90000
8 89999
8 90000
8 89999
8 89992
8 90000
8 90000
8 90000
8 90000
16 170000
16 170000
16 170000
16 170000
16 170000
16 170000
16 170000
16 170000
16 170000
16 170000
32 330000
32 329999
32 329999
32 330000
32 330000
32 330000
32 330000
32 330000
32 330000
32 330000
48 490000
48 489998
48 490000
48 490000
48 489999
48 490000
48 490000
48 489999
48 489999
48 489999
