1 1002110
2 1005075
4 1010186
8 1033453
16 1063099
32 1106544
48 1151842
1 1003825
1 1004126
1 1003760
1 1003751
1 1003798
1 1003819
1 1003824
1 1003799
1 1003829
1 1004079
2 1008226
2 1008821
2 1008754
2 1008365
2 1008456
2 1008699
2 1008864
2 1008450
2 1008538
2 1008286
4 1017004
4 1016647
4 1016324
4 1016653
4 1017541
4 1016470
4 1016420
4 1016376
4 1017580
4 1015808
8 1032473
8 1033818
8 1033128
8 1033267
8 1033391
8 1034390
8 1032667
8 1032115
8 1033844
8 1032805
16 1061508
16 1059153
16 1059082
16 1059808
16 1060756
16 1061851
16 1061715
16 1058980
16 1059271
16 1060333
32 1100808
32 1102600
32 1102086
32 1098879
32 1103289
32 1099308
32 1100878
32 1101885
32 1099956
32 1100049
48 1147964
48 1147068
48 1144721
48 1145204
48 1147483
48 1146258
48 1148185
48 1149789
48 1148933
48 1145771
