1 407276
2 853273
4 2006935
8 4212539
16 7091391
32 8758000
48 9066900
1 200
2 300
4 500
8 900
16 1700
32 3200
48 3800
1 200
2 300
4 500
1 200
2 300
4 500
8 900
16 1700
32 3200
48 3800
1 200
2 300
4 500
8 900
16 1700
32 3200
48 3800
1 200
2 300
4 500
8 900
16 1700
32 3200
48 3800
1 200
2 300
4 500
8 900
16 1700
32 3200
48 3800
1 200
2 300
4 500
8 900
16 1700
32 3200
48 3800
1 200
2 300
4 500
8 900
16 1700
32 3200
48 3800
1 200
2 300
4 500
8 900
16 1700
32 3200
48 3800
1 200
2 300
4 500
8 900
16 1700
32 3200
48 3800
1 200
2 300
4 500
8 900
16 1700
32 3200
48 3800
1 200
2 300
4 500
8 900
16 1700
32 3200
48 3800
1 200
2 300
4 500
8 900
16 1700
32 3200
48 3800
1 200
2 300
4 500
8 900
16 1700
32 3200
48 3800
1 200
2 300
4 500
8 900
16 1700
32 3200
48 3800
1 200
2 300
4 500
8 900
16 1700
32 3200
48 3800
1 200
1 200
2 300
2 300
4 500
4 500
8 900
8 900
1 200
1 200
2 300
2 300
4 500
4 500
1 200
1 200
1 200
1 200
1 200
2 300
2 300
2 300
4 500
4 500
4 500
8 900
8 900
8 900
1 200
1 200
1 200
2 300
2 300
2 300
4 500
4 500
4 500
1 200
1 200
1 200
2 300
2 300
2 300
4 500
1 200
1 200
2 300
2 300
4 500
4 500
8 900
8 900
16 1700
16 1700
32 3200
32 3200
48 3800
48 3800
1 200
1 200
2 300
2 300
4 500
4 500
8 900
8 900
16 1700
16 1700
32 3200
32 3200
48 3800
48 3800
1 200
1 200
1 200
1 200
1 200
1 200
1 200
1 200
1 200
1 200
2 300
2 300
2 300
2 300
2 300
2 300
2 300
2 300
2 300
2 300
4 500
4 500
4 500
4 500
4 500
4 500
4 500
4 500
4 500
4 500
8 900
8 900
8 900
8 900
8 900
8 900
8 900
8 900
8 900
8 900
16 1700
16 1700
16 1700
16 1700
16 1700
16 1700
16 1700
16 1700
16 1700
16 1700
32 3200
32 3200
32 3200
32 3200
32 3200
32 3200
32 3200
32 3200
32 3200
32 3200
48 3800
48 3800
48 3800
48 3800
48 3800
48 3800
48 3800
48 3800
48 3800
48 3800
1 200
1 200
1 200
2 300
2 300
2 300
4 500
4 500
4 500
8 900
8 900
8 900
16 1700
16 1700
16 1700
32 3200
32 3200
32 3200
48 3800
48 3800
48 3800
1 200
1 200
1 200
2 300
2 300
2 300
4 500
4 500
4 500
8 900
8 900
8 900
16 1700
16 1700
16 1700
32 3200
32 3200
32 3200
48 3800
48 3800
48 3800
1 200
1 200
1 200
2 300
2 300
2 300
4 500
4 500
4 500
8 900
8 900
8 900
16 1700
16 1700
16 1700
32 3200
32 3200
32 3200
48 3800
48 3800
48 3800
1 200
2 300
4 500
8 900
16 1700
32 3200
48 3800
1 200
2 300
4 500
8 900
16 1700
32 3200
48 3800
1 200
1 200
2 300
2 300
4 500
4 500
8 900
8 900
16 1700
16 1700
32 3200
32 3200
48 3800
48 3800
1 200
1 200
2 300
2 300
4 500
4 500
8 900
8 900
16 1700
16 1700
32 3200
32 3200
48 3800
48 3800
