1 1038355
1 1038900
1 1039788
1 1038875
1 1039313
1 1038894
1 1038261
1 1038452
1 1038848
1 1038732
2 1798614
2 1784947
2 1793271
2 1800666
2 1795870
2 1793592
2 1794808
2 1791393
2 1803405
2 1796666
4 3041927
4 3004881
4 3010644
4 3017850
4 3036076
4 3036427
4 3043831
4 3028661
4 3012364
4 3011457
8 4790731
8 4804729
8 4855224
8 4802315
8 4820055
8 4864262
8 4852932
8 4868479
8 4793788
8 4820678
16 7175433
16 7140984
16 7224411
16 7100153
16 7123192
16 7202753
16 7137351
16 7110294
16 7088853
16 7101191
32 8779581
32 8803871
32 8761546
32 8744179
32 8858457
32 8794736
32 8933550
32 8841682
32 8805221
32 8663595
48 9097558
48 9133343
48 9091184
48 9176672
48 9119946
48 9103356
48 9052632
48 9083566
48 9142539
48 9094354
1 1038719
1 1039366
1 1037834
1 1037740
1 1038224
1 1038448
1 1037397
1 1039250
1 1038605
1 1038005
2 1797518
2 1798345
2 1795666
2 1797251
2 1792962
2 1797480
2 1793757
2 1801172
2 1792631
2 1790565
4 3033548
4 3039403
4 3033641
4 3018424
4 3038532
4 3034689
4 3026139
4 3020127
4 3032012
4 3027891
8 4793178
8 4846226
8 4818416
8 4838612
8 4786988
8 4846532
8 4789651
8 4814046
8 4790346
8 4847179
16 7080307
16 7166631
16 7156155
16 7136797
16 7156017
16 7104440
16 7135728
16 7071342
16 7120743
16 7056780
32 8821527
32 8701496
32 8687710
32 8740678
32 8752128
32 8740316
32 8766865
32 8893189
32 8789922
32 8800714
48 9141738
48 9178602
48 9088700
48 9100395
48 9127438
48 9056475
48 9240838
48 9176992
48 9126272
48 9166372
