1 12750
2 17431
4 44605
8 139334
16 444820
32 1777923
48 3329321
1 12204
2 16151
4 31110
8 69921
16 160758
32 328084
48 489053
1 12175
2 16791
4 32125
8 73965
16 158182
32 327643
48 489160
1 12201
2 17204
4 32320
8 72036
16 159380
32 327519
48 488939
1 12293
2 15713
4 30327
8 72358
16 158151
32 327869
48 489078
1 12226
2 15492
4 31312
8 73431
16 158299
32 327546
48 488699
1 12227
2 16519
4 31594
8 73138
16 158500
32 327818
48 488371
1 12261
2 15861
4 30719
8 73694
16 159068
32 327031
48 488522
1 12278
2 16151
4 28649
8 72582
16 160205
32 327965
48 489170
1 12197
2 16989
4 30322
8 71791
16 159273
32 327253
48 489015
1 12193
2 16438
4 32871
8 73061
16 159603
32 327824
48 488922
1 12179
2 15682
4 30834
8 71458
16 160305
32 326962
48 488871
1 12303
2 16288
4 31292
8 70939
16 159083
32 327000
48 489088
1 12193
2 16368
4 31864
8 73294
16 157892
32 327490
48 487727
1 12263
2 16418
4 31952
8 72897
16 160431
32 325874
48 489140
1 19769
1 19792
2 29137
2 29128
4 49622
4 49817
8 89992
8 89999
1 19765
1 19771
2 29067
2 29042
4 49769
4 49660
1 18636
1 18777
2 25911
2 25023
4 45269
4 44196
8 87691
8 86552
16 169718
16 169638
32 329992
32 329989
48 480085
48 480692
1 18709
1 18655
2 25991
2 25547
4 43285
4 45173
8 87886
8 86658
16 169759
16 169587
32 329987
32 329994
48 489956
48 482240
1 20000
1 20000
1 20000
1 20000
1 20000
1 20000
1 20000
1 20000
1 20000
1 20000
2 30000
2 30000
2 30000
2 30000
2 30000
2 30000
2 30000
2 30000
2 30000
2 30000
4 50000
4 50000
4 50000
4 50000
4 50000
4 50000
4 50000
4 50000
4 50000
4 50000
8 90000
8 90000
8 90000
8 90000
8 90000
8 90000
8 90000
8 90000
8 90000
8 90000
16 170000
16 170000
16 170000
16 170000
16 170000
16 170000
16 170000
16 170000
16 170000
16 170000
32 330000
32 330000
32 330000
32 330000
32 330000
32 330000
32 330000
32 330000
32 330000
32 330000
48 490000
48 490000
48 490000
48 490000
48 490000
48 490000
48 490000
48 490000
48 490000
48 490000
1 19965
1 19970
1 19966
2 29949
2 29900
2 29930
4 49998
4 49999
4 50000
8 90000
8 90000
8 90000
16 170000
16 170000
16 170000
32 330000
32 330000
32 330000
48 490000
48 490000
48 490000
