1 200
2 300
2 300
2 300
2 300
2 300
2 300
2 300
2 300
2 300
2 300
4 500
4 500
4 500
4 500
4 500
4 500
4 500
4 500
4 500
4 500
8 900
8 900
8 900
8 900
8 900
8 900
8 900
8 900
8 900
8 900
16 1700
16 1700
16 1700
16 1700
16 1700
16 1700
16 1700
16 1700
16 1700
16 1700
32 3200
32 3200
32 3200
32 3200
32 3200
32 3200
32 3200
32 3200
32 3200
32 3200
48 3800
48 3800
48 3800
48 3800
48 3800
48 3800
48 3800
48 3800
48 3800
48 3800
1 200
1 200
1 200
1 200
1 200
1 200
1 200
1 200
1 200
1 200
2 300
2 300
2 300
2 300
2 300
2 300
2 300
2 300
2 300
2 300
4 500
4 500
4 500
4 500
4 500
4 500
4 500
4 500
4 500
4 500
8 900
8 900
8 900
8 900
8 900
8 900
8 900
8 900
8 900
8 900
16 1700
16 1700
16 1700
16 1700
16 1700
16 1700
16 1700
16 1700
16 1700
16 1700
32 3200
32 3200
32 3200
32 3200
32 3200
32 3200
32 3200
32 3200
32 3200
32 3200
48 3800
48 3800
48 3800
48 3800
48 3800
48 3800
48 3800
48 3800
48 3800
48 3800
1 200
1 200
1 200
1 200
1 200
2 300
2 300
2 300
2 300
2 300
4 500
4 500
4 500
4 500
4 500
8 900
8 900
8 900
8 900
8 900
16 1700
16 1700
16 1700
16 1700
16 1700
32 3200
32 3200
32 3200
32 3200
32 3200
48 3800
48 3800
48 3800
48 3800
48 3800
1 200
1 200
1 200
1 200
1 200
2 300
2 300
2 300
2 300
2 300
4 500
4 500
4 500
4 500
4 500
8 900
8 900
8 900
8 900
8 900
16 1700
16 1700
16 1700
16 1700
16 1700
32 3200
32 3200
32 3200
32 3200
32 3200
48 3800
48 3800
48 3800
48 3800
48 3800
1 200
1 200
1 200
1 200
1 200
2 300
2 300
2 300
2 300
2 300
4 500
4 500
4 500
4 500
4 500
8 900
8 900
8 900
8 900
8 900
16 1700
16 1700
16 1700
16 1700
16 1700
32 3200
32 3200
32 3200
32 3200
32 3200
48 3800
48 3800
48 3800
48 3800
48 3800
1 200
1 200
1 200
1 200
1 200
1 200
1 200
1 200
1 200
1 200
2 300
2 300
2 300
2 300
2 300
2 300
2 300
2 300
2 300
2 300
4 500
4 500
4 500
4 500
4 500
4 500
4 500
4 500
4 500
4 500
8 900
8 900
8 900
8 900
8 900
8 900
8 900
8 900
8 900
8 900
16 1700
16 1700
16 1700
16 1700
16 1700
16 1700
16 1700
16 1700
16 1700
16 1700
32 3200
32 3200
32 3200
32 3200
32 3200
32 3200
32 3200
32 3200
32 3200
32 3200
48 3800
48 3800
48 3800
48 3800
48 3800
48 3800
48 3800
48 3800
48 3800
48 3800
1 200
1 200
1 200
1 200
1 200
1 200
1 200
1 200
1 200
1 200
2 300
2 300
2 300
2 300
2 300
2 300
2 300
2 300
2 300
2 300
4 500
4 500
4 500
4 500
4 500
4 500
4 500
4 500
4 500
4 500
8 900
8 900
8 900
8 900
8 900
8 900
8 900
8 900
8 900
8 900
16 1700
16 1700
16 1700
16 1700
16 1700
16 1700
16 1700
16 1700
16 1700
16 1700
32 3200
32 3200
32 3200
32 3200
32 3200
32 3200
32 3200
32 3200
32 3200
32 3200
48 3800
48 3800
48 3800
48 3800
48 3800
48 3800
48 3800
48 3800
48 3800
48 3800
1 100
1 100
1 100
1 100
1 100
1 100
1 100
1 100
1 100
1 100
2 100
2 100
2 100
2 100
2 100
2 100
2 100
2 100
2 100
2 100
4 100
4 100
4 100
4 100
4 100
4 100
4 100
4 100
4 100
4 100
8 100
8 100
8 100
8 100
8 100
8 100
8 100
8 100
8 100
8 100
16 100
16 100
16 100
16 100
16 100
16 100
16 100
16 100
16 100
16 100
32 100
32 100
32 100
32 100
32 100
32 100
32 100
32 100
32 100
32 100
48 100
48 100
48 100
48 100
48 100
1 100
1 100
1 100
1 100
1 100
1 100
1 100
1 100
1 100
1 100
2 100
2 100
2 100
2 100
2 100
2 100
2 100
2 100
2 100
2 100
4 100
4 100
4 100
4 100
4 100
4 100
4 100
4 100
4 100
4 100
8 100
8 100
8 100
8 100
8 100
8 100
8 100
8 100
8 100
8 100
16 100
16 100
16 100
16 100
16 100
16 100
16 100
16 100
16 100
16 100
32 100
32 100
32 100
32 100
32 100
32 100
32 100
32 100
32 100
32 100
48 100
48 100
48 100
48 100
48 100
48 100
48 100
48 100
48 100
48 100
1 100
1 100
1 100
1 100
1 100
1 100
1 100
1 100
1 100
1 100
2 100
2 100
2 100
2 100
2 100
2 100
2 100
2 100
2 100
2 100
4 100
4 100
4 100
4 100
4 100
4 100
4 100
4 100
4 100
4 100
8 100
8 100
8 100
8 100
8 100
8 100
8 100
8 100
8 100
8 100
16 100
16 100
16 100
16 100
16 100
16 100
16 100
16 100
16 100
16 100
32 100
32 100
32 100
32 100
32 100
32 100
32 100
32 100
32 100
32 100
48 100
48 100
48 100
48 100
48 100
48 100
48 100
48 100
48 100
48 100
1 200
1 200
1 200
1 200
1 200
1 200
1 200
1 200
1 200
1 200
1 200
1 200
1 200
1 200
1 200
1 200
1 200
1 200
1 200
1 200
2 300
2 300
2 300
2 300
2 300
2 300
2 300
2 300
2 300
2 300
2 300
2 300
2 300
2 300
2 300
2 300
2 300
2 300
2 300
2 300
4 500
4 500
4 500
4 500
4 500
4 500
4 500
4 500
4 500
4 500
4 500
4 500
4 500
4 500
4 500
4 500
4 500
4 500
4 500
4 500
8 900
8 900
8 900
8 900
8 900
8 900
8 900
8 900
8 900
8 900
8 900
8 900
8 900
8 900
8 900
8 900
8 900
8 900
8 900
8 900
16 1700
16 1700
16 1700
16 1700
16 1700
16 1700
16 1700
16 1700
16 1700
16 1700
16 1700
16 1700
16 1700
16 1700
16 1700
16 1700
16 1700
16 1700
16 1700
16 1700
32 3200
32 3200
32 3200
32 3200
32 3200
32 3200
32 3200
32 3200
32 3200
32 3200
32 3200
32 3200
32 3200
32 3200
32 3200
32 3200
32 3200
32 3200
32 3200
32 3200
48 3800
48 3800
48 3800
48 3800
48 3800
48 3800
48 3800
48 3800
48 3800
48 3800
48 3800
48 3800
48 3800
48 3800
48 3800
48 3800
48 3800
48 3800
48 3800
48 3800
