1 1002168
2 1005040
4 1009711
8 1026649
16 1060944
32 1108379
48 1156380
1 1003910
1 1003867
1 1003859
1 1004036
1 1003829
1 1003829
1 1003830
1 1003824
1 1003804
1 1003871
2 1008621
2 1008329
2 1008943
2 1009094
2 1008323
2 1008196
2 1008445
2 1007958
2 1008387
2 1008128
4 1017507
4 1016694
4 1016649
4 1017156
4 1017278
4 1015943
4 1015596
4 1016836
4 1017084
4 1017162
8 1033947
8 1032018
8 1033070
8 1033851
8 1032882
8 1032689
8 1033810
8 1032442
8 1033739
8 1034211
16 1058696
16 1058792
16 1058399
16 1058809
16 1062091
16 1060043
16 1059736
16 1061418
16 1059032
16 1061450
32 1100842
32 1103679
32 1101688
32 1103307
32 1102283
32 1103055
32 1102018
32 1103784
32 1102898
32 1103877
48 1144772
48 1149992
48 1147782
48 1150961
48 1149021
48 1149216
48 1150000
48 1150352
48 1148417
48 1150528
1 1029685
1 1028565
1 1029787
1 1029338
1 1029356
1 1028600
1 1029377
1 1029664
1 1028903
1 1029536
2 1692198
2 1685325
2 1695351
2 1694231
2 1687954
2 1682198
2 1691064
2 1683487
2 1690100
2 1685857
4 2783452
4 2796060
4 2793726
4 2784450
4 2795867
4 2780593
4 2798708
4 2786508
4 2790358
4 2766938
8 4321129
8 4392339
8 4397055
8 4377260
8 4355871
8 4433128
8 4347250
8 4368331
8 4355677
8 4343069
16 6569553
16 6584855
16 6501252
16 6569750
16 6540401
16 6566881
16 6587374
16 6550428
16 6590200
16 6571672
32 8418665
32 8498071
32 8567105
32 8419433
32 8424874
32 8443728
32 8438698
32 8523818
32 8401438
32 8485917
48 9041293
48 8930400
48 9079594
48 8794370
48 9039125
48 9023749
48 9048267
48 9003908
48 8970108
48 8978841
1 1031691
1 1031801
1 1032841
1 1031975
1 1031939
2 1720215
2 1708763
2 1713113
2 1719126
2 1711946
4 2887688
4 2865984
4 2885928
4 2877984
4 2902685
8 4641370
8 4684596
8 4663283
8 4696911
8 4647916
16 6817480
16 6931773
16 7061882
16 7074492
16 6864378
32 9386425
32 9519827
32 9150953
32 9313974
32 9260822
48 10134913
48 10198206
48 10164688
48 10120732
48 10311129
1 1041410
1 1041585
1 1041459
1 1040234
1 1041744
1 1041580
1 1041919
1 1041942
1 1042552
1 1041223
2 1796882
2 1797695
2 1800226
2 1798329
2 1805074
2 1803861
2 1796189
2 1801192
2 1800686
2 1804294
4 3056313
4 3064437
4 3054727
4 3060647
4 3042389
4 3037129
4 3050155
4 3054550
4 3054158
4 3017883
8 4881303
8 4829759
8 4802211
8 4847989
8 4828219
8 4796744
8 4830418
8 4795095
8 4825510
8 4813158
16 7083380
16 7108800
16 7064808
16 7072384
16 7187869
16 7035214
16 7074039
16 7156335
16 7091271
16 7076935
32 9652287
32 9447598
32 9304068
32 9562837
32 9479884
32 9209588
32 9550481
32 9682703
32 9327660
32 9649560
48 10140285
48 10159578
48 10170285
48 9075073
48 10022851
48 10071630
48 10206934
48 10100331
48 10161079
48 10160272
1 1041107
1 1041281
1 1040251
1 1042183
1 1041794
1 1041087
1 1040737
1 1042177
1 1040154
1 1040831
2 1806183
2 1793612
2 1805316
2 1797446
2 1794763
2 1801686
2 1798842
2 1815308
2 1803208
2 1799935
4 3049715
4 3037865
4 3035241
4 3027284
4 3046109
4 3043956
4 3048963
4 3033686
4 3041966
4 3042994
8 4801610
8 4851043
8 4814547
8 4796935
8 4801145
8 4787348
8 4845226
8 4825174
8 4809737
8 4801506
16 7100891
16 7067584
16 7062449
16 7079826
16 7112307
16 7277898
16 7028540
16 7298951
16 7116300
16 7119177
32 9595515
32 9494400
32 9622234
32 9477283
32 9357766
32 9244180
32 9588945
32 9665313
32 9273793
32 9299027
48 10012817
48 10109185
48 10170357
48 10207546
48 10158564
48 10256605
48 10183177
48 10135046
48 10102688
48 10104524
