1 10000
1 10000
1 10000
1 10000
1 10000
1 10000
1 10000
1 10000
1 10000
1 10000
2 10000
2 10000
2 10000
2 10000
2 10000
2 10000
2 10000
2 10000
2 10000
2 10000
4 10000
4 10000
4 10000
4 10000
4 10000
4 10000
4 10000
4 10000
4 10000
4 10000
8 10000
8 10000
8 10000
8 10000
8 10000
8 10000
8 10000
8 10000
8 10000
8 10000
16 10000
16 10000
16 10000
16 10000
16 10000
16 10000
16 10000
16 10000
16 10000
16 10000
32 10000
32 10000
32 10000
32 10000
32 10000
32 10000
32 10000
32 10000
32 10000
32 10000
48 10000
48 10000
48 10000
48 10000
48 10000
48 10000
48 10000
48 10000
48 10000
48 10000
