809429852217
777826938531
769732351149
813461225929
772556144920
728546183570
850007679402
800990540194
792706440226
704486786617
767788862464
773598140412
795687905262
770521003532
788777488620
787088031507
797199611547
787445013926
783305567770
777628154875
789529269512
797363536842
798546289431
798450619643
796725233526
772068865261
787645018073
785107515993
780049709300
761189248730
796152235324
752901084989
791448811232
799081722436
778771688643
781925319205
770666250896
770376552198
780921816984
784221911151
