1.5741926558007742
1.583508633634355
1.5406216696690243
1.585469263532189
1.5712603882296592
1.5902101968002649
1.5679177490461493
1.5687247641915383
1.582088384357016
1.5048907850007258
1.5629701342614335
1.5674547634593003
1.5365130708341823
1.6003058366329794
1.52183579739688
1.543919354616034
1.5948010805531476
1.532528604446609
1.5711444116122946
1.6325353041881003
1.5717104646487825
1.5783549657229514
1.5742526058954134
1.5640106176269457
1.5854382384527903
1.5844504099867922
1.5698657806854506
1.5917284970161278
1.580064200639339
1.526799889563271
1.6257801575150999
1.5710583020144873
1.6742409070597388
1.5978581477577052
1.5828414997302673
1.5701780368449512
1.617309818525111
1.5945126716901097
1.5709401449898792
1.632734463425144
1.651088701636167
1.5887088952332917
1.6143856695546788
1.5512738515004687
1.5529697898398394
1.5848742449183484
1.5462027663459685
1.593280617985702
1.5466184269044994
1.5693382184613989
1.5926220252772085
1.5994352554264482
1.5459294880871235
1.5853179052164872
1.610626081644823
1.6020608914765873
1.5959847282541955
1.5731617189696747
1.598705746669833
1.5669067146627387
