4538590612993
4563433403333
4505629712723
4472049922762
4570250080310
4419952067788
4569914475349
4499118365537
4519301358889
4538461495588
4346145553413
4429432046637
4483740864303
4714042464478
4438147150030
4480145250573
4512726505106
4331167058725
4501008651256
4472224791949
4582928339118
4424719505761
4540733392603
4425523815550
4436185267084
4501965907149
4436403162623
4535869030035
4575312698098
4365229318148
723949841145
757908046847
768574678962
726956883203
731874854392
769554176776
759296451832
734936277147
756914189418
766197408871
729128249688
724611823568
773556766972
728972780082
735585663115
737133060337
728276248517
732528251960
762495638738
761014619833
770441910368
736890292925
729956663261
725760818550
762575361898
766762496436
765239182001
724074324894
732481572969
725796393821
