47819244479
47279721242
47217350138
48965975478
47649473247
48268950683
46695304019
47685805976
48010638489
48445910821
48064353101
47859458845
47794885007
48137739868
47623627174
49047842524
47657793737
48685621477
47395297345
47327671637
47702019597
48181141793
47314564469
48072650572
47925845039
47757044975
47663619673
48142484807
48086131664
48628400644
46029408529
46563736749
45973216120
45995329656
46034652717
47067964941
46993886365
46709716638
47050773238
45481104779
46084617176
46071076338
46650706760
46339273870
46381868630
46819842509
45744404475
46115926289
46305468672
46492556275
46694624625
46158851608
46276571820
46263453333
46541573311
46268202231
46876394856
46121916538
46875167844
46811880619
