19524438018
19395217235
19322225595
19737811020
19147680200
19522574478
19256216120
19656045611
19571876868
19308186325
19264476937
19357094512
19061133045
19253832827
19254690225
19680014788
19832696636
19366263349
19670814649
19548571611
19483266678
18997415104
19090301208
19850066474
19622714363
19191795950
19169572110
19670632667
19735455114
19719750252
19148139923
19059178064
19743668314
19239257172
19789100001
19495452950
18820346790
19438797608
19472497725
19311251594
19434716408
19474574401
19212581746
19190990276
19430383487
19252953492
19435221187
19294004486
19812151106
19316554258
19839402478
19705144596
19654505342
19534794271
19710993642
19181343364
19594325889
19724277637
19123550626
19275767384
