1.9677731179657036
1.9392884355252116
1.9535837274186747
1.9789893574023214
1.96086854797647
1.9509756486581313
1.9384968287636681
1.9894862181060409
1.9853554446384634
1.9490406252465686
1.9946182040665221
1.9320508986243885
1.9418458443432727
1.9607387616243557
1.9843083831201924
1.9589260708853296
1.926928391349831
1.9460736896031436
1.9237853994770953
1.9335875490317456
1.9356044711711835
1.9769058487877547
1.9384759664992275
1.9286995908987807
1.9373943348012388
1.9913551048507627
1.9604604909044938
1.9507976019947564
1.9428211934375865
1.93165687416621
