150444932241
149493984230
149193368977
150274232411
150724514477
150051331200
150842658748
149949726272
150801532209
149997348058
146872945550
147707233171
148024377881
146874355733
153303661160
151386559072
150321956855
151116879735
150790239685
153139542080
147390173342
148009802823
156131564998
151886765461
151716009179
149059951392
150183003350
144407468529
150378917876
151156652654
149961689310
149335142519
151021359294
151365159774
150133910658
148378575250
153394006055
152140164893
155915726423
148982267413
150313112176
150111082115
147744587662
151894556921
151970606580
152481045996
151852799231
152347338644
150105299052
153033584954
153711482122
145464892842
151467069959
157116346680
150955361471
152228003123
150112567359
153390198799
153129874763
147188867005
