67.57856251581242
67.38126182083217
67.68989823609135
67.791522795061
67.37810568261247
67.64917401595541
67.86973100496176
67.41711877159601
67.66896001203946
68.21677274084615
67.76527394076763
67.83114710208105
67.81324052806409
67.80446531759219
67.92107773394504
67.29248814494353
67.52345435498813
67.5268171076008
67.77128172520923
67.71288941371301
67.1881018360339
67.85263475067212
67.47346169112011
67.42687508944668
67.54847783992295
67.83936938889518
67.87360718313667
67.51578540628799
67.62730841317897
67.82662287271751
61.26030350238617
60.68241289379325
61.16081494969703
61.2776288555038
61.91295437204886
61.29329599005571
61.13761481279535
61.526356970492415
61.41657827282585
61.79874109328253
61.25860046776958
61.405081742055465
61.90591183400063
61.95096590040684
61.646080681719184
61.55965204653134
61.5063159540704
61.20288501182334
61.299747463011876
60.72382765341584
61.926216368598354
61.6233880883349
60.715129583772274
61.075362526386336
61.75345402061024
61.60504351371835
61.4568785513293
61.85072079360688
62.02019193903402
61.52814393994983
