4054007258929
4056166227025
4102940594193
4064712550693
4075212655699
4072329284611
4065283675465
4063734676407
4078049964582
4052803327900
4075693164572
4069139232559
4079577418323
4069437202154
4064588437780
4081816225577
4070532216305
4079180902763
4065793893467
4082747135366
4066344616109
4066029877897
4058307541645
4058159316486
4061675770751
4093477258268
4076386889392
4074808002119
4076551539191
4065770653843
4073655922790
4056906907869
4061139979770
4074551244222
4085032075501
4078057366363
4055669308973
4076185644965
4079609551241
4057791832318
4058570576303
4055485457954
4077335224710
4052490485194
4039162684675
4049472102033
4081296016910
4066616124564
4051824754216
4062355006252
4063483499131
4043496790169
4055540765194
4063550754538
4060300947433
4040368388769
4062681329200
4059080210335
4045904836672
4054037314391
