0.3547096029317924
0.3735098905041183
0.376507477927447
0.3658532892983486
0.36730391957167596
0.36670704917262265
0.3707262690331011
0.37042723335796995
0.36346653288990194
0.37372251595822037
0.3688162011544557
0.3685703131917277
0.3691456879554411
0.37058414052892685
0.37258235342371604
0.36613740353080804
0.3645149950398385
0.37096528441320625
0.370517680938032
0.37689167511679067
0.3607408194697827
0.3728791950647106
0.3704556508712375
0.36824264517625216
0.370870109901871
0.36408751834844205
0.36939747052938365
0.3697007164188296
0.3702668387187117
0.3729203214921408
0.4578814753484672
0.46257592979756235
0.4610538538903945
0.46271264106234544
0.46081923757627696
0.46076253074007933
0.4618054201948707
0.45813043996647324
0.4531089151569498
0.46071460793616825
0.4619464666181921
0.4617184843012175
0.4528984626183575
0.45039440850487156
0.46067474066253716
0.4572425117014325
0.4561571765335172
0.466472346886718
0.4577363217989422
0.4519391049807492
0.4603282149825202
0.4660510435685399
0.4635830353031698
0.4596449841130894
0.454585941690876
0.4560960837747572
0.4613759268404473
0.4567124655396524
0.4576621796958813
0.44690891670778615
