21025441391
21081380977
21192908339
21145989130
21370340445
21883304850
20984798261
21467507579
21571692179
21149574885
21245161285
21541755331
21285254281
21070714390
21282130789
21660677994
21835341814
20812677357
21316099869
21477487512
21239420644
21549350910
21083329408
20959260117
22196869379
21462225787
21961566179
21632881313
21320497325
21157988163
21280090058
21589204752
21776554621
21853636104
21774733401
21955281933
21519336882
21777822861
21643458430
21386432188
21675077541
21399999046
22048414470
21015701670
21246382000
21395665856
21101089768
21569112690
21506915937
22118192284
22018018398
21497211532
21191771585
21595941199
21761425506
21398976407
21357825211
21291996792
21093334461
21153859883
