58.60286138610893
50.40218654102331
44.403861124855496
48.61628615478206
46.143466438817875
41.54966048259688
47.4442150335701
48.43326137658235
41.933468087281014
51.17621875008855
38.01452338729554
37.07816102340413
37.66438979304314
37.62461074444675
38.680194295499945
38.08319011397627
37.750391798457926
37.49156319302684
35.77800041341382
37.897795763992534
36.10917887848019
37.17582900904321
37.32507884292452
36.912140364843395
38.24451949927398
38.04874230764602
37.47977880572295
36.564266911232515
37.009399911182726
37.15828652945141
37.69348544821945
37.078648494506766
37.21074576354505
37.501916989323206
37.34244877505824
36.919479196274196
37.62093267868912
37.83125403299984
36.166590828971856
37.690767675652424
