0.6526134685158375
0.6392303341648132
0.6361977220932294
0.6494952930146495
0.6379384333630809
0.6444669216743093
0.6440946758088615
0.6539339448733948
0.6529986873438581
0.6504803601321603
0.6352199031336022
0.638153264427469
0.6601615119598617
0.648312365629395
0.6382406184621849
0.6468952625908978
0.6531793843565183
0.6301523023874146
0.6579435336724585
0.6489641044682514
0.639911326961548
0.6414290520932538
0.639673021890264
0.6296416168266606
0.6599083869592051
0.6445922458996753
0.6473483813397625
0.6514057811162588
0.6392296483602891
0.6486403288506324
0.6583727143957289
0.6487717435268889
0.6448128351346607
0.6509697195127608
0.6503268087074573
0.6654439858988161
0.6676515015479099
0.6473679492406208
0.6472296920472784
0.6568828307597644
0.65504287655643
0.6498725939487575
0.663418215464226
0.6426219091761545
0.6363214821976353
0.6528978825031599
0.6419236454110533
0.653351110518655
0.6483747864621606
0.6690664312627005
0.6506664196543611
0.647682967638316
0.6436585837342255
0.6533698116488431
0.6563576745629922
0.6424616265172806
0.6588985999525289
0.649709336275756
0.6354519276499176
0.635587584714789
