1.602213097839392
1.646304515558867
1.6754453791063626
1.5607367563450802
1.635237704799768
1.680226294636688
1.6664632339528622
1.6983502805181576
1.5478916515923964
1.7343461346263893
1.5969266096299135
1.6721507261078412
1.6707208448269006
1.6305844002136034
1.7339467261626929
1.6241083381987698
1.6102411003645865
1.6900012902071055
1.690049266029842
1.6851489110154276
1.7317113442746914
1.5690298871652277
1.6523729025306597
1.7049024034314155
1.5921839618095561
1.6309372497585586
1.6589856427618517
1.672354325255624
1.6574878639073851
1.7124777077345217
2.5537262878633915
2.638433544856384
2.565283071491775
2.3714498030854956
2.5321348014479215
2.682441433141678
2.341136746812281
2.058603069098386
1.9963330073736347
1.3633749058707056
1.3780557617402913
1.390327138152814
1.3589289117562058
1.4328380629220328
1.3945303182265631
1.3607644553582918
1.4075558388330027
1.4158135593269232
1.4548076946956474
1.3526867625931744
1.370040694457777
1.375496636933257
1.3669474691106778
1.4307527017461141
1.3787634062316054
1.384867017751866
1.3415485720881382
1.3861823810449414
1.409634770631537
1.385505777756391
1.3366898309993491
1.3794547556904564
1.357458049978561
1.3417113293097294
1.3776840475395475
1.3977565541980626
1.3325910561009024
1.3389411532866462
1.4008739537449946
1.3715841409757992
1.4254229070052222
1.425366167431939
1.401531780683157
1.354050664545976
1.3481400147004083
1.3179920836916497
1.4901893810192635
1.4028385311093472
1.4043447315534834
1.4208845216675636
1.3987603859648001
1.3793927116544398
1.3644268110921127
1.3572843020458198
1.4151982371800174
1.3812472101617073
1.3664824098019206
1.3856456950449292
1.3626514119552207
1.4138687886484005
1.360869199411609
1.4071800648714823
1.3353820492494686
1.426787260689221
1.3677470735112887
1.3704007382290355
1.3988854847430792
1.4284627559332168
1.385288537249119
1.6578005268777285
1.6675558825704688
1.3660942908650149
1.6980645444174922
1.6263447864656
1.4855951662628044
1.7441781046699598
1.450761871634612
1.7180847828862704
1.377970671869178
1.518104471965127
1.387325974313713
1.3898486598065152
1.4194735047521017
1.4664508850452505
1.44824499311235
1.707198502732301
1.5491718790568998
1.763811584055954
1.4312533080734997
1.6892845871114042
1.373833716840686
1.3117010075429516
1.5401596373102926
1.609296603899488
1.4160602466213974
1.4135322965456798
1.5300153462621484
1.7316481979779867
1.503803595429788
1.5496994269016047
1.6184945387827676
1.6741021814768942
1.701359943683229
1.6812476191708232
1.833512646757626
1.351998202563333
1.474523618428261
1.7914685785482658
1.443646943573824
1.3319981326933434
1.7157951349786265
1.3761882377296646
1.5265499502922542
1.4727794619043244
1.6112467874022312
1.544916070069329
1.577931895265465
1.6850968109240112
1.4507041283920834
1.7614421736508499
1.630003320374462
1.6902784698597992
1.7332084771149396
1.490852747726923
1.4456688982344033
1.803136225663031
1.4357628315259536
1.4001564753800249
1.4684852067896836
0.7673007649380263
0.6973703430383555
0.7081709769545946
0.645408701674748
0.7614686130536585
0.7944147171921705
0.7582629136403771
0.6617884434805289
0.830596254623996
0.7525528804138295
0.7693815336483558
0.6915021163083855
0.7073926488336593
0.6456057546122617
0.7328442717410948
0.7938210601481744
0.7567849409638823
0.7470027014412006
0.8779547014755174
0.7883476417943942
0.6866985172246263
0.7865455457401669
0.8084498205874577
0.7334287321179456
0.7029406939841993
0.774485193859146
0.7879132358310899
0.656738708377503
0.7641295589445314
0.7112427793535616
