1177578047240
1161535477906
1170187949813
1166506442216
1149830432622
1157257955025
1169055070980
1163484978347
1165869716231
1173501398533
1160074660600
1162648126280
1161406067440
1147048675801
1176201809146
1169826793441
1166078740583
1151059516419
1172483319085
1178640531758
1156061034070
1155345077381
1178294386239
1179558974362
1175776129198
1171906510295
1168800948225
1152892799716
1154162917079
1160164023113
1160226240669
1161274936115
1184584286937
1169469897665
1166940513566
1154664713512
1188495826928
1172642171091
1170337035856
1151827282358
1157194323299
1180567624669
1149467491270
1177972135859
1146628864451
1178409488519
1185276516731
1178515279977
1151782445601
1166086598222
1178040429144
1152196937334
1183521195724
1173149974632
1167354999877
1175635784779
1167107234789
1177234167369
1180089462265
1168569388021
