5478129007
5423490017
5498486613
5490441315
5422517232
5383568014
5461371363
5541830732
5478395312
5463402356
5482749540
5366331833
5487663855
5422630878
5560266437
5365207345
5505884094
5391608658
5429827230
5481818616
5537431739
5473972483
5443057633
5371385395
5502077251
5479668761
5441606644
5354680203
5431056967
5505198490
5432985881
5379027705
5442596958
5454439122
5454443849
5397425540
5452758833
5395665175
5474432736
5354351167
5402471734
5403141126
5442426985
5498222634
5395921732
5462754897
5373928723
5467410366
5415929269
5528283211
5432350837
5452836438
5543917001
5471370544
5446006004
5327585875
5468469927
5457897765
5410610452
5429265787
5708170894
5617349968
5545067896
5727792589
5581518131
5569110427
5830408869
5713245251
5742571801
5625829318
5625137621
5672554827
5664042575
5667964340
5582107425
5698926270
5669708932
5658291017
5493542643
5597937107
5662861594
5719290969
5639763785
5711101967
5726470781
5759528463
5713595978
5716133243
5590682512
5604683015
