6926387866326
7188511818892
7051207889211
7213392188465
7291747269196
7227287374581
7230513477594
6871841870637
7114376608182
7256589388487
7110555085138
7211106820307
6865607899975
6986416393137
6961211474889
7061381279241
7163477336440
7249586006530
7058646677821
6992725642747
7123562061069
6985175305442
7223553183675
6898839872651
7035248574484
6908679263705
6944273591610
7062248343697
6871135534359
6922361868931
2422769802467
2443679274656
2329569332480
2415669932709
2386040641509
2390230135416
2328342580841
2424287779252
2375748435689
2411434891984
2327501464801
2426286979303
2345228290376
2398134675931
2456586889189
2423243221428
2426823252225
2354303467761
2325868483902
2432970402853
2464629141912
2413272883668
2352402161050
2390460637079
2478981868047
2330119712473
2476148701976
2451113177449
2335632801726
2334663066022
