1430707888810
1408738194589
1401780484452
1430564745867
1376513984079
1426900502574
1405325024843
1409048288827
1417720248121
1405676708039
1389417060700
1392082671010
1387186424759
1378280210856
1382145518977
1409491932855
1395634953778
1410816442755
1387475792711
1398257956360
1397934741850
1386599871558
1376304199479
1413629867973
1407118099500
1373169140845
1383871864846
1415751474033
1391691109880
1432153536634
1396683376634
1405409781260
1425703099743
1384539861267
1444954591144
1405970020338
1380277267398
1406689996926
1390792586250
1412119955737
1391654443224
1403061572494
1383609360017
1389980609792
1418217590191
1413373365714
1385573003473
1405614404445
1425342604219
1406516139198
1406105837404
1400097362257
1405869602084
1409267025223
1429649080827
1388904196922
1412443470854
1391421167186
1386900683658
1407983320325
1366418361939
1369342399038
1376638151815
1390075394958
1382211480356
1367429058095
1388650644669
1386910053689
1384726791059
1386418551419
1372774047793
1364561460781
1391952104297
1364335148837
1391922377734
1381786156267
1378075664792
1357631756587
1376104607032
1388734360837
1362466127940
1403094567499
1394512854225
1378677683312
1402088206796
1382644331637
1360106646765
1385388079858
1378674674350
1375934412552
