2186945779423
2190920021769
2207904136132
2184944612128
2209460965372
2191274327221
2186466735601
2194273455795
2189636756293
2185710612100
2182539344751
2196043015082
2190094555383
2208227708831
2209667413410
2192826911395
2191628441924
2198762108099
2191194108068
2191472356499
2194222506533
2185204051377
2194027430009
2203096918234
2206204614770
2203598720248
2204540616560
2201097212832
2190165709368
2189926670375
2188087272364
2191918782488
2183682260187
2199436332366
2218612601070
2204581021621
2188604986684
2196054071380
2203340533344
2191991214973
2215060440970
2203823315929
2185211496474
2202504495194
2202648000838
2185074523695
2209184698486
2202631378419
2210898909669
2186197836373
2196077214497
2186635847998
2212592542127
2206680463249
2194599610747
2192641946745
2184299446226
2193661795701
2189187815451
2191373265738
