0.4772776441237879
0.5030177943954537
0.40930769323437544
0.4855273468793624
0.4796359024684585
0.3159359335610966
0.4709616378549087
0.49464481696616075
0.5335807522868997
0.3383529630061471
0.7908485183792979
0.7368285106178193
0.7756345027919863
0.7389866471129889
0.7576581675487944
0.7675880931602665
0.7545967777397194
0.6908633004162962
0.7872509735813535
0.6865950878304375
0.7865372027121761
0.7914044152469223
0.7847609458626146
0.7643426341337943
0.76376888450858
0.7553057158173208
0.7729589679568544
0.7616917228740763
0.7838838362133399
0.7622904427456723
0.7789352209436552
0.7475250881481157
0.8138819578447899
0.7974985279461132
0.7602525420677462
0.7671862897104113
0.7904940982288268
0.7765230331474002
0.7539929007185474
0.75123596215441
