6527942714
6433862525
6529568000
6398506823
6457405418
6402645875
6470645457
6557405144
6397979728
6599169524
6432098696
6417343419
6458063539
6404037976
6525624634
6551282739
6443632676
6510253029
6503523168
6486369030
6439253992
6472427680
6672506968
6450901379
6571824367
6417991630
6552295586
6284913085
6473316158
6459540114
6482360745
6460380363
6429798455
6539476324
6451029015
6487153026
6579304868
6528852828
6612872671
6510209711
6534110086
6457364154
6386837848
6497585471
6576140378
6574514445
6556037904
6621910897
6485930997
6500726920
6573785327
6396583111
6575006363
6583357392
6509874740
6469508920
6483356758
6512971294
6526300458
6375196479
6295917491
6340122893
6309716116
6271253870
6405919253
6286688867
6296700008
6250904447
6284101659
6419648077
6185476079
6324258461
6332002753
6263681387
6182663535
6289298686
6279274490
6198545422
6216324104
6193437389
6223626343
6284457662
6271269276
6196221834
6356321648
6338114711
6236313273
6313313956
6227901962
6387022889
