6812992159
6789811931
6864574471
6791176574
6557361446
6727169878
6784184240
6786713591
6602669055
6865448511
6834607199
6759919989
6788129041
6659316249
6847288022
6802672082
6722440476
6626883720
6830261804
6679642337
6664332874
6774306855
6739696069
6866639429
6865016522
6792726350
6782464212
6796844650
6700140662
6802405679
6669712207
6787345993
6804781813
6801620439
6728447545
6770790269
6796700480
6799849782
6718925452
6807480642
6704865224
6917402831
6738344978
6879283710
6683346933
6789968052
6839519752
6849340911
6627631925
6664495256
6776356430
6804096887
6954313515
6756377885
6777945356
6804175131
6757062712
6747469253
6813305556
6860653793
