3559100106
3621483036
3581666407
3594137560
3569549410
3562632489
3587732323
3581323146
3568387342
3640798898
3613136440
3557837985
3581277474
3651152194
3570539200
3556884801
3637909612
3678379926
3513588759
3595341545
3576316815
3566805863
3657757261
3671712867
3497594579
3637673056
3579428785
3631351259
3638731373
3563656127
3491738157
3472382360
3476863192
3466290116
3507305485
3429142169
3484668007
3515734236
3423165941
3469870788
3410852766
3479920309
3488265253
3426315622
3377548126
3435328713
3524602268
3535576269
3417514547
3484375247
3400329457
3501123574
3469974317
3572808020
3476100386
3412266469
3571588617
3471892187
3484321185
3423851613
