331811983083
330789636197
336473038062
324925604323
333180835047
322520726510
327094708682
326315447754
330225580240
328564627211
321635275451
328580971708
332394520497
328331002129
321381213676
323873752978
322793710559
321102055523
328370589952
324578559358
328665283601
324023648337
329550269344
322325433220
320544898343
325249200187
328588323039
339839547171
330997134000
320198379294
165338449913
176743138251
174368759355
165243869231
167803823907
179720621101
174246743632
168024724616
174550360017
178354218523
166396506044
168224460514
175192209732
163809728636
166816064067
165637663452
165359664440
162251034048
179862661051
178130019642
179081785725
167850420629
163474457108
164054253810
178721130391
182802954416
179788758646
168199580297
166547897589
167672464327
