1.1969184140475364
1.0331648240566687
1.1823651280157543
1.0644483515438916
1.027492144536463
1.0155551161505834
1.0793844428271133
1.182530225857571
1.1716198465989627
1.0561134939775407
1.0436349385115449
1.13853671720131
1.109961789401619
1.1074913011903202
1.0476799802321453
1.0927159481878013
1.0387439868300823
1.1496410535416974
1.0630946026078696
1.048324474092287
1.1689215981213565
1.0424643896817274
1.2005606683672079
1.1656527177907026
1.0418277809852274
1.0386823662129219
1.078409459004025
1.1697701520568984
1.1936364864557223
1.0547597971185019
1.065493514881169
1.0431890252641618
1.0633175018339909
1.0725891759861381
1.0647308987224764
1.0728635628180236
1.166381727487533
1.066158581099867
1.0620537175744817
1.052150426062323
1.2143368961371697
1.0532659831066802
1.1711986644810346
1.1628004547863078
1.0574085108396738
1.0849136614953077
1.052543738625325
1.0720758617215078
1.0622529798633737
1.1764633989910436
1.0640446149341243
1.0393926406327494
1.3040229572679958
1.0468479203937862
1.0802192587351562
1.1664966740103184
1.040980902088434
1.170589146693513
1.1014869126239084
0.9936044243175026
1.1332050398506703
1.1009140778330815
1.2179167863073417
1.155060153852485
1.1034631804857011
1.2017613515243741
1.189464019508697
1.0698844071409321
1.0593731983739574
1.112290550445392
1.2370854313829915
1.168901751763952
1.2635350785622257
1.1123834168818194
1.1949920453245924
1.161581786592982
1.1712932780117682
1.0552910230232466
1.0937236515213464
1.1027611117814973
1.1102841495076785
1.159419304482176
1.0835845045466712
1.21531863379322
1.1674342688618238
1.0555289834697403
1.0918267125808283
1.1041701094775087
1.339833772384399
1.167097836639883
