1719798306115
1699463634432
1696392106927
1731031667423
1686752292446
1734602025704
1707649501326
1723062828827
1713612060632
1697802544416
1685741259487
1704017768282
1698690313283
1683530235925
1695316458405
1721932806837
1695110812055
1717420418222
1685682587515
1702995700712
1717539981079
1695029260079
1686546862494
1712958812503
1697802005033
1688552707641
1692858071936
1716541453334
1697911325339
1729466640166
1704522669727
1717268252136
1717452979511
1694937185478
1744696316155
1709436972191
1682153264238
1712603313782
1701015897014
1704398424196
1684226425202
1715866914133
1692029949932
1693985445999
1727128883212
1698087541817
1686896977466
1715104984248
1723257763482
1709953548782
1719497128040
1701128579114
1717173640015
1723175888410
1725523974421
1697479836200
1724964205968
1703260111721
1689528054319
1700528998345
1669451242600
1667961434804
1675917956980
1677933265757
1666129862802
1663476309170
1675518483718
1671468835056
1683951238124
1674214992979
1670138790621
1667819761877
1680478507784
1661677926952
1681506021899
1668616007494
1667584539066
1663103018394
1662238693230
1679791677785
1662621303050
1689270743517
1683714055320
1674340951708
1689596201636
1685190947824
1665712437773
1669612812997
1674074094868
1669304930543
