4758281498755
4782628061872
4723967093547
4695678844104
4798123190937
4626819378725
4790683011046
4718353322959
4746269175760
4760630026399
4554885563330
4636645207863
4696634219677
4931448761942
4643623680079
4694940302419
4735170708893
4538895119310
4714122917184
4694673392130
4807141341269
4635650377633
4763567459678
4636687583957
4652169725785
4719846249251
4646587227565
4760092651230
4802321680081
4570679112976
807794605089
842609019120
850009029079
812653051271
821857637517
848252520583
838388562863
824285253905
835646628571
850343549691
818192673149
807196047031
856352668022
813702030107
824494604508
819696261346
813731209609
821271124908
847196554031
843712051322
848334682967
824735516917
817207751245
807769866994
850223356829
852415460875
847575759267
812952509908
819496705020
812369285010
