1462090071218
1458274704652
1466077005453
1460316796190
1465352483582
1457474633484
1451444353585
1457417346790
1457841659723
1453098370087
1456930271472
1457760264621
1455419545287
1471046510794
1465214757412
1452927646615
1457937723447
1457105828417
1465471989086
1469190433011
1462405461016
1460593143655
1459406046676
1465490543970
1466277219145
1461457089676
1464516461439
1461666581780
1459930255372
1456895778867
1422095150539
1420371355862
1419499358364
1435041676401
1433281633643
1425301191705
1425112727972
1415959778160
1424725100683
1418157758829
1436950321462
1436390016954
1420988367141
1427219043157
1428904062755
1424463039418
1428106270956
1421252115902
1433475295563
1424196169624
1422230932717
1413586366201
1428844114627
1432308252698
1425509562794
1422868568453
1417171496671
1423472381362
1421505084355
1415031764595
