21732130614
21861912640
22019152171
21774122736
22061443143
21671397792
21733740029
21818403634
21903191118
21936569245
21633486834
22060309547
21825727101
21803232713
22092076611
21755082782
21724599984
21745190465
21667222545
21788937360
21899854998
21874208463
22032974582
21814581111
21870009043
21832968647
22067696988
21701285431
21755731148
21604713094
22876458889
23102856560
23207482215
23145767155
23139463192
23368354060
23171436855
23210684463
23185861304
22968346581
23396205781
23218039466
22706970694
23201291294
23037909588
22909041231
23077354486
23164628810
23351255766
22935068979
23175456365
23136779178
23378272385
23432151411
23107211061
23038324646
22996192407
22896852084
22815518075
23075021520
