93152209419
91491647386
92773505823
92422157447
91308544726
93526733796
91921397047
94399903131
92907326651
93040607949
91018694057
93361193429
90698921676
91718590446
93154759612
92910979170
92455040018
92552495629
91468372658
90870710288
91797910175
92189264589
91905382245
91313432627
93183483931
94271143875
93236856869
91462800539
90566007555
91726462013
90721552597
90865078618
91630218874
92850818619
94007862430
92000295642
91689653279
90979689579
91565795943
90726434365
92140305723
92128702228
91356926103
91547222078
91633056264
92140910723
91126966601
93631558845
91222967357
92940268715
91622554085
93093788703
93563957479
92734715569
93755467038
92297998712
91323695722
94078928162
90903650488
92024466959
