505774955944
604204255633
622347614618
488600648449
608581434233
745922551343
378564207775
523866533883
497637068334
798649121058
579509318736
575076261578
527237422142
567844530517
540221821273
527633546245
516664503320
534419218354
537526928866
554370058869
522490183784
508680609891
509949043174
500087542255
505904983062
570823866759
525187457831
535283099363
546861016752
601395304894
511715034799
628802481442
523807684909
494044653434
570813008374
540661341741
568718783161
571974432721
558195983682
545007062490
