31377823537
32248453352
32955974402
32326669994
32707267689
32274786092
31863371489
32114224491
32305442881
32018835189
32044203942
32861415088
32434696729
31853478547
32114064221
32761707439
32176466757
32439404295
32025508506
32964378391
32436966607
32788919904
32491411159
31615158054
31987227844
32139001459
32251897851
32699854700
32513972127
32136603617
32468796170
32197478297
32258110708
32040239517
32563020476
32244814390
32365680396
32070299934
31890302525
32567690054
31854725735
32534492329
32395482290
32318174724
32481886709
32674505411
32231744909
32805926035
32316850312
32387793989
32426956424
33104068284
32360073071
32155819266
32136960355
32073279392
32256963525
32324953218
32229180354
32232860758
