10607582042995
10618570890449
10633344554744
10753566359716
10816168904143
10556670730244
10895561800692
10799015926404
10905270419009
10601837010875
10579747950117
10548898245007
10675229707683
10722632632010
10622323489732
10797499523273
10840790993041
10683580379666
10383911970670
10497465581531
10819589664125
10884557212568
10508304638105
10433361587383
10739826492254
10358915661539
10602412254899
10537881133329
10513355536737
11015230078555
7692796718157
7982056867021
7298727052085
7889563868902
8086504731960
7231880065073
7510591485687
7983744180239
7550741417010
7260110000169
7506502567584
7292786793430
7450996025828
7832864352555
7955401908446
7859498725563
7297585064584
7447700627259
7304808205165
7605666919090
7883515315580
7554613653585
7953857938757
8065951638100
7638210901271
7416900627985
7450542301311
7253927779675
7829115296163
8036953881753
