<not counted>
<not counted>
<not counted>
<not counted>
<not counted>
<not counted>
<not counted>
<not counted>
<not counted>
<not counted>
<not counted>
<not counted>
<not counted>
<not counted>
<not counted>
<not counted>
<not counted>
<not counted>
<not counted>
<not counted>
<not counted>
<not counted>
<not counted>
<not counted>
<not counted>
<not counted>
<not counted>
<not counted>
<not counted>
<not counted>
3242573076
1753092270
1985290850
1766042241
1736209247
2975668303
1443659061
2354004287
1803890016
1696394741
2041969709
1881764847
1589305472
2647537507
1687309058
2041870431
1674389451
1579894036
1799510157
2296933428
1984277182
1822575457
1778189650
2231470910
1838983526
1802020627
1999821292
1927058403
2064599787
1614682434
645427542
49332088410
1062284294865
1031074856010
915195989654
8166688903913
7678752728750
7814448720180
7600642518138
8132767681832
8431843819500
8128661068359
8425804233083
7557429419937
7203304393060
7929217158339
7850057006165
7533411546460
8317301023191
7789263392486
7845382925706
8212734324906
8243164164710
8279745343578
7407501014218
7599275353608
7570795103581
7862204415333
7694617262979
7321902508407
8215562647521
8251377602588
8063307609777
8195664033753
7790221686543
18871346823999
18763512737810
17307162863247
19299803298498
16963752429889
17977520398861
18886744631729
17138997132176
18603288202491
18882439469872
17279337488282
19238289388010
19090893255325
19361403874198
18437046963952
19261864793056
19070953708175
17102927228876
17640387794831
18741368521368
18946466157954
18820912375000
18309902794491
18204352921881
18683294093832
17247687310532
18913105896813
18852826468472
18924885184324
18900542926939
21890464396500
18939571035385
21558904639185
20429853079052
21782003033109
19518964075077
20738059378318
22414797247695
18450318401738
18302217934255
18954160566243
22933778034736
20406997087293
19251956004076
20352863010950
20378971510739
19718427620261
19909023543207
21260361160858
22470137174463
19227283444400
22196494434450
23218546117874
21554701793442
22506789252340
21739482712381
22245645516683
19356674035142
18258872020796
21838696455022
19694508018698
20696127834814
22773537823622
20716419499187
22160613839542
20816358718780
22057889375060
21689338412315
21860330573089
22723033458656
22729133288935
18839303912798
19470038275187
22537291590908
21678334182835
20739451220219
21522254438923
20829157343909
20878806213530
22079184130578
20694751379141
20626364861108
21316145056945
19785396843649
22247293010841
22291758393066
18511339323564
19155165768393
20280972366232
22558390039131
22419217819066
22014484266384
22184593011027
21112841792567
19131090971955
21801092493295
18803533614482
21797648594894
19964988809524
20528951226746
22352745986522
19948104418537
22561842487107
22565679906591
20851841528070
21585116823360
20711005058948
23144191294058
19209144157042
22504291237115
22002022435681
21384362651962
21746934986305
19387905011292
23617820641320
20924410498838
22231309664400
18608604317136
19998531168740
22243015977270
20020826044824
18553865173561
22114912638212
20831457048133
20844693130553
20572742304187
21150928801918
22036378814682
21764234394563
20220592456585
21766374356990
20066188387163
19426189214598
22331241734921
22867184983237
21068904070507
21426593880221
21455916809299
21623089219616
21279277911190
19001789521594
19285458413052
19217394759804
21919249735141
20711456999282
21808906851761
18922803485760
23069098891561
20462337026573
20971265320451
