5630704384
5618807547
5521231428
5505795872
5845170555
5530943473
5462118400
5469824369
5437982541
5644149814
5447240580
5753026534
5473261340
5476876134
5607688745
5516087158
5561008659
5642768496
5518127583
5450503541
5543995840
5542519120
5719219177
5537771117
5456322573
5627319036
5474924602
5755397909
5560496901
5453441442
5471869801
5636486579
5462587463
5528657951
5639344531
5625676365
5736247777
5511781046
5466121567
5627813754
5488501721
5776943988
5583506763
5450966850
5551984129
5667136750
5571606283
5475482356
5547984702
5762909174
5541285579
5422577779
5478843198
5464614685
5553196868
5500244284
5491938288
5433300030
5415288620
5585918818
5700576369
5882774312
5712292428
6025428338
5993713956
5776612290
5741089548
5626130824
5895370171
6064747361
5621281643
5993358096
5851805917
5730615131
5712598040
5845119090
5753732271
5797097068
5876925466
5724586486
5776763085
5774126285
5851008102
5912899804
5769560268
5830220431
5831015118
5902812204
5732429933
5891833999
