104277967915
102562214218
104473789823
106236859657
111451946384
102894314940
110409739132
105333946765
108171411572
103558367063
103043518601
104033241513
104362084239
105897302261
107451563217
106780115839
105964610578
104228960483
101604963167
104162300068
107960973195
110862077122
103782642319
102277862165
108660345195
91039255929
103865368080
101233892645
103179095521
116098667683
88725549016
93760913065
82076972667
91901792710
92896179980
82253455671
85352368297
91889748615
85064025329
82693718075
86447677217
82621399936
86736050052
91738040817
92305757077
92154406931
81456027883
85969497649
81174432812
87045188250
91802583682
85905742439
94071279423
92420342880
88617000447
84107485026
83769664345
82473489920
92337425060
93560393223
