2317954944420
2445195703116
2580210190533
2416173921945
2318184004872
2283320117290
2343655922210
2414423103581
2437393616891
2378231204364
2947371973947
2342653118021
2219668181292
2311424797744
2448050829931
2425718243613
2458789346850
2593614640690
2426151581079
2567130408037
2564077980206
2378776726945
2345414727071
2378139780448
2306841594009
2423336734089
2378020272238
2552879710770
2461913012987
2251922826156
2458936292894
2307027556439
2330963154593
2387347664342
2228644461581
2359495553265
2438394117892
2847116360568
2616756854066
2606397365869
