2022471896403
2024618013499
2055388390019
1999262428670
2016185603808
1963560080506
2006379527471
1998160701058
2023250617628
2015717980043
1973691745518
2011964656922
2035018296478
2015079750555
1965824793921
1978181088816
1981600854434
1962090567776
2009618692482
1991660799972
2021790729525
1985681339943
2025064797815
1979222246195
1970382163719
1992777526129
2010390939658
2069961044577
2027351201144
1962842261018
922747714774
982584329215
972311232111
919858145761
928560761741
995806990832
971520696399
934626762115
967641856358
993809755141
923831118665
931219608978
973932584260
911424315427
927577217931
923052815903
918037907174
902803089400
998484730806
987365530116
997165670352
930926316154
910577469376
912109436316
998469217332
1011738647385
1001066481403
930180963447
923912621045
925260592826
