0.6833302182482092
0.7899792878794867
0.6799216298709225
0.5588826495924983
0.6648298965860784
0.6300064720371035
0.8484520912664852
0.7562016165531268
0.5518689791807029
0.6976183780992635
0.38812525064178793
0.36511356347462687
0.4358962625918418
0.4112314581096157
0.3680399699525382
0.40111812588346846
0.3802428567197013
0.46259190713846343
0.37072624276701693
0.4489191194228953
0.3492606312627713
0.3491392142491063
0.3756655865548883
0.38274463635231787
0.376359752257297
0.4016536992546186
0.41639240807814515
0.33328361429811615
0.4131211530638356
0.4237481027753208
0.47520126247584576
0.47233657293389913
0.512113674968807
0.43908852831106354
0.45886950599497395
0.39443659349443244
0.39641788371806386
0.36293577239829855
0.39505923755734595
0.397102844598545
