109058905875
116824672195
111576045528
107635800197
115797949810
123604878653
126255485827
114908357468
117061136626
108254915301
119921027787
123739663369
113218032608
113602950203
95542750709
114357211573
119298150427
102680014260
104780580207
110100482437
114814493771
117470309450
101941855221
103730290639
109323099184
110515161517
103319345773
108560825065
116870293671
100171391363
24272254531
15293828200
40719239027
31545152424
25505125793
34952465239
33185804010
160482511586
148022713828
995087489149
955266214486
914031051675
981648475801
923311877065
985647908072
918927562047
947771994905
907635680208
874735036105
1016465812493
975419901880
1043036576209
942673180419
970172888166
889809194253
808379215300
1016644980644
946688767691
960883874339
1002047773435
935484724162
936726220205
966571834168
965855360955
971552366784
996433028954
962762044286
1006803068285
950342327140
984531047590
905521101861
933690635998
956593036718
942198176404
890416701240
1038395993175
842766346242
877936832652
971099168740
892284868230
967940769650
858260545174
990549080810
910303711504
872686342570
922338730208
984381693366
890146253124
913560081385
917079803914
918367954564
951055499677
979691441109
918542801378
934657156453
887682883664
945430324241
870762132436
978179114836
