2.0109683710039175
1.9914294189304298
1.9441910120580306
1.9579557979911617
1.9660598890917456
1.9957843471496775
1.9997868352432817
1.9799307763298506
1.945087685615327
1.969902120608834
1.9817218360338225
2.010483318818173
1.964508837942452
1.9794543728302891
1.9953383605256083
2.0010193970365435
1.9926825289937975
1.9663436843205575
1.9982096219272074
1.9599197385627334
1.9595712532932712
2.010708937276057
1.963342990397043
1.959463305425601
1.9764824689927414
1.9775838564097679
1.9918315202038344
1.9250750430491015
1.9715088088950041
2.0013843268444313
