0.2637424790130979
0.2174583852163299
0.18360177864879634
0.23675837269714273
0.24153862820904126
0.22884859861145523
0.22617992828507866
0.26610320873462534
0.24377498646997525
0.22034270233917658
0.18809939703309295
0.16480307884342404
0.1700940950676308
0.17294034639307604
0.16118797363914547
0.1530445996649008
0.15445212127298977
0.1828066931501008
0.15802124772345535
0.162148338414082
0.17848174348234075
0.15519313563932233
0.16676524711387555
0.16631288349612755
0.17420593654739572
0.1500066148409145
0.14661166775433404
0.19075651403619406
0.15251256600772026
0.16550106976926582
0.16406867296635533
0.17439656841728512
0.1560760895601311
0.17942298564728992
0.16201894694150995
0.17480536138193378
0.212003575371152
0.19130981510660952
0.15200825976677773
0.17061169471059356
