3539901397
3561648652
3564844284
3512480076
3513338579
3519250770
3526175376
3510768302
3551358484
3556662329
3540501969
3526172484
3499953963
3539648693
3546190581
3558534453
3540493216
3523913132
3491643792
3420500610
3542606205
3533019877
3506760646
3491199012
3487250024
3547092808
3567973115
3514714954
3518980565
3516178169
3784337240
3653201421
3696766772
3689255024
3766647631
3763088850
3765969718
3789275360
3729828172
3744637589
3695699982
3708555722
3696695864
3717898517
3722881442
3733856820
3732904885
3782155121
3795347886
3774738115
3752887702
3780149093
3760965966
3741293072
3837501803
3711477238
3735883618
3690522247
3686973571
3729533034
