0.4302425674954679
0.4335656744073316
0.44158755562211965
0.4399938959813161
0.4633200710196395
0.4780924503488453
0.38736880170103805
0.44979944291390167
0.33433936168452033
0.3713432750938558
0.6565176748918123
0.6648567624056865
0.6818529636341254
0.70300084280675
0.6916014607504477
0.7094690222852628
0.6593528009239178
0.7250473991290816
0.697323118997469
0.6682661935264586
0.6686841126337066
0.6386387404225645
0.7291405060419234
0.6734893128018229
0.6695620773227723
0.7552771577472518
0.6505517756800882
0.6660442921389429
0.7201831267977418
0.7324965983668527
0.7087082713226358
0.7259621247516672
0.6835035171260816
0.7088298989045381
0.6798599187074011
0.7112711105726215
0.6937698320888721
0.7351164821447437
0.7037850734031847
0.6639286554477626
