6660126711484
6217769498191
6289524692497
6493909508990
6247277557745
6287570151940
6247320068960
6335868841166
6298549648362
6194933585678
6346945788801
6301635035512
6390217923055
6421484876953
6284455179530
6505150908269
6474247172152
6396061498795
6200024140655
6218951788804
6454631685982
6162367869665
6414681179364
6220573163867
6079394619773
6532260793887
6242473153128
6394919122913
6404623692157
6320458514512
2929711674875
2805011061634
2960749771760
2805220505092
2816493326975
2824115703102
2913900618265
2931818347834
2922376851173
2800255391340
2842937395386
2895475800493
2998020084025
3014117425447
2846240483038
2975952154739
3045797761174
2981536199111
3066186058397
2965480141066
2811365423415
2876311847365
2805758325804
2892134024796
3056324575198
3058884875327
2811358052741
3023345925164
2986006775912
3035846969590
