0.9213209681445504
0.9154074506948794
0.9193018336664383
0.9219427506617437
0.924001890407973
0.9383274588494996
0.9232536442443166
0.916913817150006
0.9210829988831567
0.9225711242819514
0.9139818094758979
0.9216215285660336
0.9276264933477463
0.9146046390104803
0.9158256806580894
0.9176670389493395
0.9216959647665331
0.9210932712441201
0.9083090348966192
0.9106667319707842
0.917790374448487
0.9134978292658373
0.910343835669147
0.9202221091518776
0.9103833943611537
0.9239013141742192
0.9134056019164857
0.9141273098412628
0.9165522337536595
0.9141959341005109
