4087455632
4139585858
4103926567
4101369258
4186396221
4155262947
4111132639
4123531251
4137630021
3970626105
4063133852
4124776835
4050700584
4190101576
4088759070
4062519232
4157456803
4058659910
4062534085
4207946294
4101915298
4080161491
4141191185
4125557831
4194502486
4201813528
4137688532
4189534913
4106707644
3958270084
4384724978
4295350471
4542631703
4328453875
4413288677
4349245534
4348690769
4414219572
4352622838
4495990585
4570238539
4330242370
4373890882
4272547431
4273968035
4270381498
4282105898
4408282879
4278524890
4271025920
4348044464
4400717894
4317620693
4345193631
4388536311
4361150369
4322599636
4313163137
4353741419
4341227229
