47.7074223915327
46.20079890951267
44.61477519869367
46.30718102972869
48.840893280413134
50.18178003824091
47.904585292795986
46.73257937566609
47.38334626551974
46.549957949039374
44.10544457150593
46.05904444263585
46.327241008486745
47.09297806800522
46.532747016078154
46.3461554053876
46.52553775295077
44.535382500642456
46.52060770463686
46.17572794359143
45.99474786856136
45.80257844843964
46.31790182446469
46.8103840827116
46.88550161547431
46.426396628653634
46.304107283251696
46.88483976200589
46.4260073214151
46.78203412710715
46.30892350772706
46.05891286999789
46.15690183761847
46.76106242921323
46.70504435852722
46.98077059241284
47.073314952005816
44.68365644062061
46.361387046207525
45.842995004048845
