60.411845615291625
59.599099712667304
59.564595074736474
59.212300541444094
60.52343289640484
59.73702870382924
59.58529213663183
60.08313161503334
60.029976346084915
59.67770053679637
59.23053452516061
59.65256451508226
59.74580499417876
60.367268401204974
59.34087989382638
60.448505707424026
59.73018556478406
60.23497125962488
59.73069514559563
60.28822952327536
60.308122141458064
59.57353974290215
60.54377417329416
59.20276088270584
60.04820845973601
59.66661043082849
60.26376728599539
59.30019357078389
60.104587087201665
59.51949073815691
