32405777149
32618159146
32295069248
31926631003
32449708181
31013842133
32651694722
32021703679
32247236836
32370345530
31080760169
31683984887
31984252785
31755482752
31091322899
31949150770
32142484926
30844534824
32053025261
32040108641
32796067842
31505854163
32409706461
31586690552
31726701661
32137467701
31771164145
32636658053
32688815793
31170506770
5450184511
5769951765
5779477754
5549317558
5545631892
5795328514
5706148176
5484348045
5728915661
5721149492
5564802089
5467808516
5823419463
5448260613
5541079868
5514419626
5482923929
5567737547
5874861113
5754923394
5798384722
5536511562
5497510736
5413083637
5800025737
5901994698
5788948785
5467828100
5460942019
5459690213
