55.178570584999996
55.26932471003164
57.33668803827111
55.12180260960994
57.8001675780567
56.42559370829624
54.45443066058394
58.0980180715631
58.97742058710411
56.782249698370094
54.576435716067515
59.05185437068469
57.014674202182505
55.80589011313809
57.1279885318827
56.30119055879865
57.44915165481185
55.44717675014555
58.08666949535159
57.119595731374794
57.61143289740788
58.41726844393668
56.316207392876336
55.29455714446424
60.79529634732778
57.06427696225892
57.567727224210266
58.05846585201263
57.567148124540836
55.859987117833334
57.7540245822126
57.28341373339395
59.963695230185124
59.7344092240793
60.93526933007257
59.09478705438567
57.93611850741483
57.56201666475482
57.10609233701377
56.612318630601735
57.53986635411581
57.40328986973824
60.06511449152202
55.04424823006009
56.00976644208872
57.022762274988295
56.28698932159095
57.222256790995594
56.60968411884183
61.840827374210946
60.80181823014755
58.05179719999799
57.366910968868176
57.9147657017818
57.19890220168742
58.11766430176305
57.87173110095054
56.80662975557054
56.73035573243198
54.64886999094255
