0.3917525489662114
0.5572910892408077
0.4625910990461545
0.5869223513796877
0.6857645867167047
0.774552988732519
0.6476827789795032
0.5223801463264688
0.7408022948384182
0.7627137777258822
0.14881028874767044
0.14670990878526022
0.14243907039453382
0.14054009365670975
0.1472950841662208
0.14254740804228436
0.14299677204318467
0.13516999289723822
0.14870449153690596
0.14054124591105868
0.13854685447624265
0.13823957743159077
0.14553735144328592
0.13418874754824256
0.13899102299115304
0.1481241611971
0.1462156415133924
0.14174509702795365
0.142109722612619
0.15153771024724974
0.14164775579067296
0.2275852606829022
0.1534657711262515
0.14341527203943943
0.1378331955702502
0.15352465034733956
0.14500597436345575
0.14723116772239542
0.14912436799741494
0.14687199495241268
