13603214569163
14443783272103
14864955980097
15575706552594
14680029552713
13788160363075
14223192197203
13915538266388
15598812527375
13955611841255
14528951388764
14054177302279
15870438551409
13324105733641
13865637607249
13728729280624
13847720965620
13749610823031
13275105146952
13440913270635
14224453126596
14039231276552
13931765307680
13804111549464
13672386946688
14041240588788
13651564682728
13922413641870
14214917858386
13826840470752
14331245785429
13800913612271
14102541979959
14198583421165
13519375236676
16036953383878
13948299231885
14404687933020
15733022540300
13413220487997
