46372806953
47885354702
47877761957
46310593058
46662054060
48949030755
48675243524
48829141635
48166257782
48951272299
48435167725
48522447659
48099739438
45490104555
45535981687
46335042175
46480462617
46559768620
47952294994
47512872660
47607380571
48697843669
48204387003
45538810041
46395049487
47526831303
48313207603
47647647529
48462078196
47587477134
46391
40046
47611
46379
43969
35392
41853
37962
38576
38133
38534
39171
46171
39454
38498
37412
47172
38353
42365
39562
38127
37280
64356
35782
49552
36364
72066
64732
68464
46914
46270
36857
39291
39105
66634
40845
38151
38979
4205517312
4126774701
4187918882
4323731763
4120002066
4234281226
4420181550
4228780551
4140706484
4137116402
4115862988
4025419760
4150224291
4250990655
4183174035
4175450632
4161786675
4107844101
4208280592
4169824541
4168426782
4302595460
4178542774
4004257151
4136567615
4112889140
4128636874
4086384149
4333706662
4203171261
