2696545907
2508149321
2500957905
2507969840
2534093573
2516435724
2698552858
2497799332
2505155503
2688340407
2621558535
2665562502
2482843177
2524057685
2584935409
2685240651
2485708594
2466828914
2530623140
2628366846
2666530379
2503748260
2675815482
2523697108
2524152340
2670548467
2561612455
2448560207
2505036276
2512753897
2686604830
2481267529
2625966926
2509111004
2520966246
2545137435
2695005534
2536598193
2515738073
2478438918
2657705702
2692740012
2458963824
2694359503
2495754817
2559680442
2654296603
2525919866
2470186746
2499049580
2507766665
2494384725
2572793088
2636767131
2514913196
2618688994
2545656412
2675683529
2533069871
2673842319
