112089413991
118400530145
113639437666
108766690794
118804286124
125178075967
124607278054
116285021851
117909730426
107867462077
124322408143
123236617036
113704478819
116460547394
97494082229
117243445023
119512505792
103867911514
108312292380
109948180012
113946180273
117761547400
104732031023
103743144132
109406947189
113642244267
104487581703
109932556594
119984593073
103088495792
24446932607
16792085486
43261532707
34541317318
28942410776
38075800997
34384496341
162539153424
151608848920
1002846998133
960723074645
920752721346
993055066062
929588392685
996091115913
927029751577
954819213523
910700195272
877316921583
1027695499544
986544629822
1051978130481
949059645971
977957803077
895963831920
816494188474
1025637603395
952553852691
964909591183
1012403938449
941084234262
941684200365
974251367352
973113867928
979065674989
1005364464870
975744796335
1016469518332
957160218182
992040900980
912687340800
939461198011
960054045879
953669101893
896826977227
1049461659563
852343048054
882532912457
978147368636
900434982922
975184966103
865064478229
997879225246
920155622862
883958767143
928883069627
991875471223
898740560889
918711561767
923300629670
927595940529
956701033311
986364003228
926898079902
939627909604
894121019016
956722816858
880616167726
990778032392
7355405697807
7001934614603
6794625340177
7478299998097
7655423511872
7604184461676
7337063516697
7246044581308
6637129856802
6625535516013
7183025125783
6711819720813
7572103224097
7761988958782
7172194167467
7219217138660
6858457268272
7785445922014
7406589389804
7201652074837
6995643227473
7221043263524
6801429586950
6692320486160
6747243007825
7348555888755
7229890594920
7831709747418
6736612781177
6985957381095
