251502593630
253809855745
251305814799
250698168930
257065361985
250669554555
251161851193
249911652426
251943472258
251008315938
250624836828
253467475269
252269363658
248766139184
250894967010
249185335327
251118403776
251084155766
250472724171
249182886337
250040294610
254072820522
250384364989
250632880937
250042517111
253298851544
252342294466
251389937332
252405967099
251521039100
249970730820
253050029906
251345364848
252195189053
252129092138
250598778573
253202459656
248805944054
251665940315
252046855878
250122186979
252844253533
248183581483
250992723380
252506281956
251407120308
250538061233
250565228035
250792257599
254781634118
252125893832
252460597937
250184785906
249985088629
250545259537
250255701019
249027642128
251111442555
252448786553
249323799519
251639033566
252509888537
250198459060
254152242965
252069185149
251997900862
250635734681
249970143119
251527540559
254440839078
251031058992
255211801331
252837093650
250473499144
249646701265
252264499275
251414992557
251045388514
254084509922
252948385212
251605932480
253548730233
250930345770
250404881037
251352495931
250191413976
249386891232
251934492688
252333852860
251302549048
