6.967452540089742
7.143054193480768
7.296074699176096
7.238753264688788
6.987149250793327
7.158983391218779
6.99310452529404
7.2169959782277315
7.075276673401093
7.233069630995007
7.01739349161343
7.00168236406174
7.021133986044677
6.864688692449988
7.450206733860636
7.260675891185414
7.289953152777137
7.020372977314196
7.314307735377451
6.839172067040583
7.407743412360363
7.10920737043093
6.995527646078465
6.951912559355272
7.219531810669269
7.227625731462189
6.869577120014019
7.190914570541043
7.1965748495533
7.025352749860677
