6808248946
6854425184
6925872336
6795713550
6876516275
6738199728
6778425303
6744060424
6886864909
6794459240
6728419984
6860544261
6911500233
6880750535
6730420219
6750196264
6724842100
6683838536
6830783309
6812131288
6864069554
6705124156
6883596311
6686077040
6658579073
6790994207
6872595452
7073160509
6907810037
6643945606
5081219495
5295220212
5283533675
5028971879
5086469481
5366852733
5224651285
5059759116
5247636334
5306793583
5104738845
5085449596
5296597210
5040231755
5186168309
5104770346
5057018264
5073995649
5304933422
5317643866
5408209817
5073917202
5075773781
4976213873
5294099971
5383940453
5370812641
5090786321
5023429411
5093554478
