3623066058273
3501599712607
3498602464845
3463658149255
3661294502301
3610727066980
3676308020329
3580319297816
3551742424654
3483574068674
3602878620618
3607245538256
3594142074759
3666748283907
3565160153211
3550918282856
3512405240187
3650577633983
3449577871555
3730101566351
3483382631724
3559312905404
3651425617696
3708597989952
3517273851418
3555176647371
3716990217951
3602382341441
3623684553022
3574524769383
423532199450
426451774092
441436118803
429519567968
430065560178
423743381081
443976248739
427289918212
430208350924
427954446016
432680060378
433737610826
423825413850
423562474776
430247236848
428298019524
442896994994
431199067411
426750350850
424870759990
445926289376
440411261197
438883523033
432837261456
453324695547
420966016951
424353390606
421148887896
426620764200
432294476758
