81192046029
80145971378
81127497416
82512402032
82296283444
82073825663
81048273692
81830319782
81956229715
81411017047
82803700218
82101994367
81398192179
81731264662
81712622980
83874608168
82325631646
80861681579
82505319088
81993411426
81864384226
81681486147
81234269923
82197652179
82644062577
82478870671
82148365092
80859347546
82037322869
82248752432
85464377314
84940204758
83597391897
84069810689
83736413901
85945773773
84365815554
85277172425
85036157603
84378641710
84412354496
84622354613
85256567525
83920229500
84553818346
85479217083
84347471886
84266991498
84594271161
84553876103
84484224875
84310680998
84796821263
84949394403
84223581430
84600801365
84185803225
83814744183
84869809144
84092565970
