27440793674
27436946082
27617017643
27416440846
27599885521
27806398444
27444769137
27251755649
27888038486
27440489319
27620446718
27398501130
27761563648
27459188437
27668608684
27584330212
27446952826
27395301809
27626414336
27731394831
27841202928
28019279991
27402037660
27560695571
27417578670
27642288839
27678529209
27765412660
27734272047
27604976770
26743583374
26420823596
26810603058
26673629314
26984169917
26978748917
26848938733
26810202421
26650466169
26312261392
26675323881
26809827469
27122542717
26397812597
26240406448
26943726186
26507648798
26715724606
26793512838
26667093149
26895224291
26331478062
26486670279
26636290300
26804474588
26657748760
26517574925
26555196116
26495732849
26529932571
