517510313077
523134295247
514114864871
513756341487
515805980240
509369615159
518045045265
517187404960
515345183302
521598437685
522487327173
513605400589
513920386218
520141171420
510430926336
519743388451
517497184388
515664639871
517075111155
513753219933
518056801217
516647045648
513806632260
515062002777
517302092296
515542812905
513972042783
514618456492
516567658481
512724561992
522771512079
526229975530
527697374202
535031531252
521674016536
522888374465
523060684991
526571281327
521450046178
520687438307
519432428225
537631373013
525329360698
518474866815
521565421895
522932938665
525304069225
522286651403
524488960923
523582279111
526975188010
526213323139
517619925722
521196046681
520592258164
515423176487
523559336137
520790216888
520736599918
527147800902
