0.36529749394206523
0.47239906656385877
0.40620273988063016
0.5762417467641273
0.36809213215089126
0.4095449809834694
0.41985435876873034
0.3777483225782512
0.4065982618841696
0.3812710609595666
1.255030187289761
1.478140522285346
1.063898186139373
1.141369419291018
1.2440814881512352
1.5304492886369188
1.0034637282590244
1.2505624374161275
1.4171867173514776
0.9702226773713704
0.9731992290753961
1.116342031799138
1.4035169043445819
1.1039626519560768
1.5682986656214772
1.1285591082639963
1.1392788727224812
1.1377261001259178
1.1613216744899428
1.169635779948339
1.5746819623826518
1.2191699245835073
2.0210740549455304
2.466481471837288
1.2497987242808086
1.1482374830032696
1.1093760575290732
1.0255680103722808
1.1470599496632623
1.9317113106551882
