8127384186
8108735056
8117439400
8280350487
8233891241
8224897135
8231288740
8069720876
8246135135
8071175972
8225254976
8109054937
7957628783
8095595028
8250053712
8120989704
8186592998
8162907685
7992286984
8043249406
8057139710
8080011801
8096809205
7885964773
7988392862
8039468387
8028860987
8122986174
7899581542
7909891268
4269765126
4308176303
4141014885
4287515918
4194265975
4227639743
4200508326
4367825371
4273361300
4340922648
4189244190
4216137800
4252974030
4243713388
4296219481
4334403519
4326529653
4350766037
4161643528
4392588756
4404085410
4201524615
4070978860
4150558420
4421866976
4165405313
4541569659
4346402928
4100748815
4333327830
