<not counted>
<not counted>
<not counted>
<not counted>
<not counted>
<not counted>
<not counted>
<not counted>
<not counted>
<not counted>
<not counted>
<not counted>
<not counted>
<not counted>
<not counted>
<not counted>
<not counted>
<not counted>
<not counted>
<not counted>
<not counted>
<not counted>
<not counted>
<not counted>
<not counted>
<not counted>
<not counted>
<not counted>
<not counted>
<not counted>
39566530
39045929
38292260
41347089
51038345
52336367
36176074
47085638
46802831
51716414
54248947
48172922
45864948
44132353
38671081
43580621
43688398
43621312
40877586
55453428
39375432
45934044
44114769
39047910
55531233
48828205
48417369
53876216
41146770
44110330
17802585
319392373
3825462808
3801953160
3458698253
29334096543
26441902329
27803873838
26252827280
27355304280
28810403742
29333682521
28851905671
26293139611
25143408732
28005659425
27646408007
26131454275
28568673222
27649695930
26870247901
28320077153
29258104149
28829895065
27002212016
26190790565
27063322911
28165612184
26956529147
25386344222
28829783986
29281043365
28336511379
27664432548
28073149700
48032502167
49549147438
43104530784
47521591115
42208945695
47244755604
47817820414
43385474021
47726366386
48213606761
42798914281
48342134393
48317054630
47219174750
46308526477
47759929294
48317955939
42592678179
42441943637
50119325995
47981209626
46821674363
47332413239
47691294221
46672890765
44094062885
49252002753
48729110292
48259814672
46287195256
48603958063
35107665937
45500471809
40596721497
43397763301
38621043952
47954416248
42847611706
40999371056
37794112359
37026009275
51015294843
45252897203
36530062918
41161801058
45922769809
40840340195
38547565493
47178903847
43331902387
36828510064
43391956359
47593555090
44069358098
42115991502
42280978079
46557940673
41079041453
40443301141
47889051378
39382374124
42930777271
51442833419
43162830618
45372417429
38803827823
41774411751
48220910995
48294415407
49571879204
49250810112
41889454977
38136677834
47126003325
43574469591
43664058891
42035086428
42813258948
43488188218
44304238722
43577968630
41439957275
41821823722
39982671329
42128056509
49852761063
37153405761
38026911381
48101901508
46672484802
