23.669164989840503
90.29314126303034
91.90111707842863
92.90197973825083
92.4459392059878
93.67263577212407
91.68404574645353
93.03773378952422
94.4836479394471
92.6501415178672
92.70804371189404
92.4302355884543
92.07175713557396
92.16277432116209
91.78381984539831
92.0042173613187
90.92556321735194
91.77952428294411
92.8221105312107
91.62007448217805
91.18581337588046
92.8211135420925
91.81635805426234
89.17441923491425
90.85789923361848
90.60568629281155
92.1280877765608
91.37366409525329
92.13589920744313
93.38243920671688
92.20330982933898
92.5272246408385
93.49932212112085
90.82861729122055
92.90253121251307
91.39934618035713
93.91776078203839
93.63061206203669
91.23161185338007
91.3653640059505
91.59333838264408
