3003732807050
3108041128789
3102061282570
3024656070391
3024387296201
3149296606740
3135966438928
3144568959290
3107932478444
3160643525429
3125869664498
3133535305552
3101155271754
2974057064109
2958599781054
2995936993093
3019758728225
3032712641897
3089151354512
3140424338836
3068470031776
3189352777693
3105720919971
2976285863977
3018515436655
3098607447140
3131852425064
3086764676079
3138667254812
3120434858327
4627508
<not counted>
4479999
4476448
4490549
4223995
4359855
1695007
<not counted>
<not counted>
<not counted>
<not counted>
4360113
<not counted>
<not counted>
<not counted>
4398999
<not counted>
4344183
<not counted>
<not counted>
<not counted>
4396209
4269054
4540929
4321994
4439983
4385352
4380303
4401202
4373983
4431210
<not counted>
<not counted>
4430620
4427039
1580184
<not counted>
406836062144
408817503371
410535166597
415693005943
406218612382
411530987109
413855065324
412019965503
406963244977
407190037736
409564097805
410022025929
413843343367
411245623670
409564925601
410338383300
406485421009
404704786024
409946244707
411622542982
410226404343
411826707890
408639676443
401588397347
407486428894
403520759621
406846428123
409122683472
412247235605
409716553573
