39072090857
38960124698
39786656477
40944892563
39405354606
39623610111
39062662592
40084986137
39695078079
39521814902
40173223783
40331048993
40218265537
40418416893
39808600011
40883438382
39987210575
40308783368
39132582227
39666671881
40614272831
38581268479
40957653661
39148400986
38125336239
42158040954
40196167889
40384265134
40935746939
39957717922
21670542325
20558249610
22008518015
20559491080
20607313466
20839056453
21592764911
21521306437
21625274156
20686773377
20746213491
21181267430
22099551670
22340993531
20871323353
21874838267
22497627379
21779223585
22590163095
21962203883
20790104413
21192153175
20591352768
21308509534
22495691459
22702062298
20709735904
22439334184
21914272374
22455783206
