4214560438890
4905503861346
4847564963910
4714333841869
4921538521156
4837253235670
4698851829464
4786650399502
4785957122339
4788630740870
4745240348920
4615226393803
4887686429330
4560517954162
4827040346238
4677522414815
4742776159511
4376874877307
4682844152425
4945952479841
4741345552693
4909760970505
4687881493338
4716696526700
4757256101448
4727982530681
4688652372635
4832501968980
4368177797719
4714247945701
4768824948342
4896438150376
4766037455827
4591309282575
4810106348063
4748389744821
4748942741551
4768916034485
4787462639505
4859475054204
4204536938025
4869955851470
4748617710834
4764432656345
4781519842076
4716954657229
4748450861839
4791508087579
4803730038058
4744763801759
4727805652228
5020643314716
4276041130811
4836573503107
4655140108055
4332253996425
4860798358943
4776168548278
4667528896268
4945966173884
