13799656468846
15264254338874
14778202175172
16172379961366
13632999856164
14036545879521
13737909765505
15183098962032
14214169039969
14073084581867
14726763823456
13652703340383
13276671890479
13199448346863
13703519206476
13355282667559
13959046576754
13373591504261
13555458687641
13952439758574
13280648276694
14231152027504
13275627763135
13859806854570
13634403148081
14097722013890
13661622407021
13425320417290
13654440411712
13831233667419
13256756490367
13271152320066
13496819624545
13343420268014
13516636834829
13411997739254
13688345558203
13859752086793
13582633167073
14604727158529
