1774985293780
1734361127536
1729991095230
1395858540933
1717882523193
1794336840131
1559089980135
1827814879420
2226714331420
1779777937818
736917393591
631702734950
707305309705
695981720830
788451576965
686783754707
737141718485
719135931094
563191318038
747661763054
656748656953
820144744417
786674062443
770378929732
787230099265
803431524860
741381272604
751409735913
713062039315
722579808386
572176558959
810701118638
681180768701
715596234707
677010601506
681331990707
724659260840
803558078247
730849367600
673514355862
