371077898066
368001835485
371412950641
364737091759
356831907650
369919533347
358686252342
372873764495
370078331251
363705775767
363594123614
370701396748
361480035665
360634620321
368326383480
363107569628
371373847697
369694486568
358727828805
361056449233
361405414088
369396762387
370408614660
360050114990
372382845927
372037635662
367863781366
366805650898
359124827186
361136636469
358619573318
360542525774
358179660294
369785711762
371494201278
368900514042
369562150698
361596915867
362228126188
358689525134
370184827207
363085624201
359072167886
361311363422
359682028437
368002898419
358483562761
371608852061
362198884318
362434787243
359988085862
369473884640
371580007060
369633642930
368125515568
369600324422
361549809979
370634757063
367863331036
361870915390
365797248540
364989369810
366422337105
366122826769
356866970160
363702578530
366033615271
353100848497
358057464755
364784003402
367710061126
364158454033
366001441526
357649676600
364020942940
359676433911
355783887197
356967561977
355450723961
367853555594
356242987456
368019790980
367226558925
357290590264
362008394507
367002156649
366257874474
366673420219
356615307654
359183554429
