9930874265
9609892640
9976541673
9697511753
9610198607
9635431718
9700232772
9680879902
9581051722
9492238406
9657963802
9651664700
9854842138
9832025011
9749150597
9814342053
9595672401
9832669276
9429187842
9978584808
9689701451
9562704659
9908655703
9283160952
9400250760
9966152408
9782230677
9634773583
9825550985
9856198593
5820597753
5682531652
6077287314
5690808730
5678209260
5620382215
5994940305
5810833546
5779823840
5618707662
5735996112
5797908718
6015977193
5988618663
5608227110
6047283220
5980610982
5887362831
5922932650
5905009100
5607908160
5934123191
5597296531
5873008753
5990005091
6000516804
5668774281
6226944384
5865011819
5997525973
