715454239753
707882238541
711709620865
713962501986
747168021298
706800207280
742960834887
741552474039
730235078306
721763731329
711581737903
705915876448
710537077877
728636043111
728713624650
717420269914
733793745064
715420818146
709591354766
729323694429
732587379814
746359415679
716504125541
706553576863
739021813838
681952483263
720715871232
711322204504
717987010810
754786786844
441473099125
457578742468
443351715084
445041440581
455636198016
424018541903
433850306240
455850026128
435417859459
437248094990
446496305588
431536545349
437716274135
457527602545
455732491412
453231204311
431828760139
435796986461
431434526109
441025914794
456266470541
438258342603
461521347592
457743805588
447311889822
441481425641
435445273989
433246980214
460249190053
453258848294
