3055313058796
3047678200694
3112886744897
3107421952270
3001379818579
3016674513267
3038004406406
3077596635173
2992064296826
3041976538846
3065984513821
3047291127925
3091338800173
3121957012290
3074338730004
3118047709616
3078723944198
3110616594013
3009662664469
3088852352239
3038256132178
3012287501530
3119222094633
2996878060391
2957757372137
3117449368380
3024570993270
3098605730685
3114941042732
3094713040935
1907434733931
1847361487873
1946953585671
1847846173298
1847105406397
1851287338235
1920178424910
1910290227894
1876865163558
1834251965771
1872380339504
1904963735938
1924148586151
1923564428455
1866354245773
1935097843238
1973350910026
1985698112290
1994342029673
1900171980442
1841575928384
1914315126352
1852330673959
1894792609608
1971646337616
1983506935777
1848471048257
1964869526154
1942476333065
1917613688635
