155365103
157206217
1856570429
1896372202
1675423876
1879180734
1887078733
1856095322
1785565455
1724979759
1872737238
1759839280
1738530648
1702009659
1859880474
1898435047
1692498200
1830101493
1786621690
1686226512
1842971400
1679424009
1716589779
1758186600
1967331839
1729005174
1848648114
1679099809
1657477794
1760844908
1859999950
1885700674
177349810
160938322
1294352409
1333063570
1370476455
1336434857
1217465045
1275838502
1344427940
1450712497
1529336183
13565435290
1399515028
13517805869
13630644079
582045983
1522460195
1465280444
1622146432
2212143354
2325792448
2113196330
2237318197
2224073506
2055384829
2123620283
2253214638
2135931420
2179026540
2220852783
2178734448
2109389372
2177145954
2057735513
2315656535
2236372815
2175532992
2201667650
2127877317
2336091220
2191504005
2201044255
2094128714
2297049447
2084355480
2089972161
2209654240
2226874508
2273380611
2139207158
2256791780
2196620809
2234808710
2108065374
2186741066
2280938510
2153821747
2141017715
2258501941
2189950105
2222214189
2324177302
2282770953
2147705077
2278042447
2232874855
2203799385
2275498433
2269305193
2280283042
2214987060
2134519961
2140707250
2251027961
2164304006
2337749797
2200392198
2231235575
2093046242
72290927585
71276194673
74025498945
72918270297
72271261339
74197156859
73130973900
73330442419
72744411991
72824249556
72092716733
72152909038
72588192758
71826503303
72622329229
72507487050
73170098482
73573316858
72486221964
71758307213
72954398323
71305965441
72648381432
73129296529
73487161157
73209513498
72678569274
72832953218
72640016787
70330670288
