3644325870763
2991282269252
3217826585703
2961232297226
3063945009663
2706863106305
2854763469404
3034875506532
2774727515670
2682533811241
3399964477265
3434552124196
3413273982733
3518200043888
3335502450788
3299970153930
3514178698984
3369605493698
3359223223063
3296601036188
3368448253677
3428166202717
3440463639498
3535116340180
3413321908213
3446688705358
3427401320475
3385098842770
3408696220220
3439526647161
3422726767734
3079504921566
3361508863642
3386000211197
3343327650788
3498718047623
3375521736325
3420728382060
3488529696107
3438342676424
