3649477545
3637174189
3718758882
3707380139
3700354442
3693577371
3652109719
3683536657
3718278354
3655651603
3663380589
3687099170
3700004928
3697287302
3641759322
3637723441
3743554934
3685102917
3781670100
3715045181
3725340389
3631620166
3647201615
3732152717
3741317922
3726236504
3676680640
3766942554
3649937669
3705857319
3515408222
3531708259
3548720113
3412659649
3473105962
3521083636
3530619647
3480689386
3509636034
3523098292
3528521382
3539895305
3454125944
3501600813
3510602833
3549180040
3490079784
3539204757
3474884869
3533390472
3452406619
3506439832
3462886298
3510754590
3520971215
3502991196
3494934502
3497279669
3566098829
3495739067
