66.31298412236248
66.60333892990224
66.45448038136985
65.47502524881268
66.28087514780405
65.54227786933217
66.02143028814507
65.47614796222578
65.8892815037284
66.00249204535521
66.02192786221543
65.72303464406937
65.74838440635502
65.79410574252051
66.07667268657273
65.48388896083297
65.90888950837399
65.3477663373611
65.73410048548148
65.70065408563109
65.66052942548521
66.22461479486633
65.86620000034237
65.96953903599861
66.21282420249102
65.97331039216161
65.46071823836388
65.86799981561484
66.20415583748449
65.72784415121878
