3387358058
3357980062
3398956109
3353558721
3324276270
3356999596
3359090546
3402986086
3387294516
3374449482
3378334816
3410572297
3380050221
3375734448
3395568822
3391821683
3435063358
3375007887
3341028698
3361749247
3401696082
3385797155
3380140089
3388423746
3400595066
3397417391
3377257693
3362961799
3339002816
3332042490
3345857042
3362822235
3345923849
3434734249
3393948965
3389194833
3392247434
3394606408
3376029194
3373763012
3397078340
3368751209
3316944641
3321629014
3373031112
3343741547
3369819803
3401016373
3359430245
3367130466
3371424904
3383309751
3415442222
3378319930
3377870066
3338252606
3374356409
3387877395
3317598474
3377323373
3600732927
3587461768
3566725227
3581687062
3534923673
3540937115
3561049063
3529984960
3559813639
3561854773
3596367631
3596285062
3572443585
3538932155
3546208456
3587982857
3561364984
3514533539
3533796259
3581586220
3509008775
3580538338
3581159779
3566558449
3546872865
3590291209
3584371919
3551264949
3515388784
3539392461
