87633572690
89598092213
88216675874
88134875720
87810932125
86795541265
88459362341
88245071381
88563894264
88512713677
88925261593
87864866451
87923606881
89131001596
87774429538
88388015806
88612650336
88591860890
88002864843
87792704205
88864803326
88166996481
87981214932
88156716715
88516855209
88389768129
88248487942
88339438718
87580716656
87555379296
89056152163
89626396684
89098752032
90836022700
89426145158
89160037796
89531267550
89496762204
88724739229
89329863437
88564347098
91330810685
89495069265
88424596506
88852056676
89591143397
89383740824
89205959129
88738726578
89341625593
89425041563
89377211972
87835143265
89046479194
88811627212
88178854561
89215891251
88983331278
88631168189
90050950150
