1.3289820263375334
1.3218714365905568
1.2930244407094549
1.3608124124644785
1.2893542967247897
1.251234145186307
1.2807309261570123
1.4555976752880344
1.2946152013589445
1.290882264910106
1.2776906642785266
1.2665104483336516
1.4208593996565453
1.2485624358437124
1.2784976406149815
1.3060006455429738
1.2824524605468755
1.3484988313562043
1.3054361157770504
1.3374177151878217
1.3351111066929107
1.3047808908690286
1.2722241691821687
1.3166080233640547
1.2838489313540404
1.387565912482242
1.295755053320196
1.2921655295391905
1.2636814908036338
1.3376477998979113
2.6838194704243112
5.372348376302865
5.486793221815831
5.012185114940735
4.503650306638777
4.437640768002829
4.6010046190409515
4.186831484203058
3.434604185171518
4.539971542080541
4.056232643526697
3.683502058538632
4.801133119101582
4.597867404524307
5.963623491485972
4.455888904689978
4.333493988592756
4.049871507286093
5.030192744951485
4.494057434115397
4.30927211931218
4.186144667587074
4.635569122634746
3.661959298997953
4.192720349466949
4.4711890715589195
3.3858678696055065
4.582419458123073
3.290908556808941
4.854836717476008
3.7897869402416267
2.2753157709323837
1.4192085738237568
1.419623424363402
1.4596609068016824
0.8711064863631027
0.8534916679511775
0.8600969161541914
0.8907741062900156
0.874280490350415
0.824581676157125
0.8745560233437413
0.8891337583801432
0.8993306524716091
0.8699857745272819
0.8938626489877847
0.8678492710185627
0.8172212746763262
0.8565226628745513
0.9197939919703116
0.8742828266835593
0.8389223993430527
0.8293402814222308
0.8921024794858379
0.8764400253382753
0.8799815595797686
0.8691956324210427
0.8578556533537878
0.8273314872285241
0.8970034845852201
0.8640654169690999
0.8588252312863642
0.8680571442500035
0.8427949029928985
0.8732103382441443
0.8332650241960736
0.8052083201059287
0.9295918959479064
0.9753923937643426
0.770356449635803
0.8100697746837132
0.9053377231232517
0.7758196639565171
0.8478650536928468
0.7603379850120695
0.7111317310789835
0.8686042544235344
0.7929117797602726
0.8755734728069762
0.8792565568788763
0.8648724796431384
0.9404773067716066
0.8324937100549329
0.82188995753
0.7364228779184105
0.908554690594645
0.816572702337227
0.8464559301894218
0.7556005815517913
0.836656605719029
0.7864009271679373
0.7907223170384163
0.7750535735076219
0.8113913170522324
0.7969125804171764
1.1816540331077352
1.3027989719480086
1.3430337727270627
1.3031637778226932
1.3899672974437687
1.291652551748708
1.3693290248668428
1.2679349390119978
1.5145156119811107
1.1971289121273372
1.2457442675413566
1.3991120427896007
1.4297673808654843
1.2942403612532123
1.3627970131026992
1.2849949124294098
1.164267023479126
1.2350848178920177
1.4064299203122994
1.289511770404707
1.3079268584839834
1.2964655124324693
1.4083565278562495
1.297962463979484
1.4584822068320946
1.242363593752824
1.4120043052534823
1.2290166628298818
1.47395960454443
1.4440948595904322
1.178969816477891
1.4159670687067714
1.3783333306331538
1.5332291402140812
1.2511162345745854
1.2548393939466043
1.2853540279415032
1.474448638914709
1.4152540020243702
1.2353950910076341
1.539993924566447
1.4256348867652522
1.439791457419669
1.179790430762916
1.3447160550270447
1.2619409609718266
1.3079771752128353
1.2620954832801
1.2491956761748078
1.2438090056390305
1.4611079758825685
1.2045912414391706
1.2332458891079456
1.3187853733504369
1.2819864435729675
1.401844923183394
1.1885062444363694
1.2008175678311965
1.3453887413569752
1.3235683852347275
1.2605871010470677
1.1973138975094915
1.3036417136022675
1.3274162347995446
1.2481807379824794
1.1428744695923307
1.170213365628149
1.2691058407141886
1.3934003403882753
1.3231850816509663
1.1845444628325192
1.278482482906052
1.344012834458716
1.3844708459590718
1.1706119155891497
1.183792895293564
1.4007785483244468
1.2615712655410705
1.2382956446207474
1.4191031930051499
1.2534020755197997
1.253145754993419
1.2744901125107064
1.3341087951304693
1.414630001073066
1.2248454816078103
1.2448396345351842
1.2677630343935775
1.1910534218458442
1.4276467748986101
1.3909305269944545
1.3643362049691556
1.184258504261602
1.1580673312531902
1.2657471069611324
1.4381194778448292
1.2305208813771795
1.541163843818555
1.314628273577676
1.2322775813055398
1.3210374358542833
1.2128938218741419
1.2258182924856271
1.2516487941859988
1.234993428573555
1.3287345048862464
1.3812004579912178
1.391913895602209
1.241090529897684
1.243541991612952
1.2868669205415209
1.2510224218631483
1.198608331431888
1.3501310790953458
1.1794789947188864
1.28460869098672
1.265802016049027
1.4465616978018236
1.2932307911216765
1.179378673355795
1.2906918842331543
1.3090425334334255
1.2996047169587241
1.4067588983437698
1.2829016618137896
1.2984633471878053
1.2459774947298274
1.3512045085012017
1.2830916523794402
1.3250756229722689
1.3433216066398572
1.2936094555371531
1.187179454719868
1.222795123009329
1.3921684443778861
1.3069874653108722
1.2600511128998375
1.257867590253066
1.2301600755804314
1.3822936326057904
1.2430502933580134
1.3466942081407638
1.371951763947144
1.2384099093029999
1.25038540185909
1.3078948373816939
1.2683518943973193
1.223626081599403
1.269045511650011
1.3189717574018511
1.247044110952264
1.2646674776359796
1.2191767439281693
1.2216293363017172
1.1500397444574595
1.2358617683139346
1.1227511459860904
1.205938030510896
1.2294013868259785
1.268139221356224
1.2857613588961372
1.2417865467828648
1.2995192831450608
1.372101967721879
1.1836554241419335
1.1289174425838362
1.220600564284429
1.4018313743266753
1.183747690525189
1.2106630992758323
1.3566751740161764
1.209097652790846
1.2396186688061173
1.0880149235307863
1.1957283026255685
1.137996093664034
1.2716891463353328
1.42222475028085
1.2929877617789494
1.3887226716652903
1.2139118675996807
1.291731506965171
1.267325387525068
1.179247725636084
1.5588762366071374
1.258405646248204
1.383406542112719
1.283480107898446
1.1770779479958113
1.3334977700761177
1.2058257993821828
1.2435194230665354
1.3833767811048574
1.1078628033585807
1.254810244084622
1.248787218372847
1.0951837648664766
1.2278048461279312
1.1853327329679453
1.1873009068736518
1.2804445983572483
1.4907645224160093
1.0695746321818258
1.2820843713500822
1.2556245086596927
1.1134608870123928
1.2023288849148244
1.2194281932307924
1.25541071519592
1.1162071250417234
0.7745041421251065
0.8714579771349871
0.7848960159820579
0.8503566893221263
0.7469986308138765
0.771369205001671
0.7394904444535765
0.7747958842726639
0.7888718265318636
0.884607073278823
0.808613520036945
0.7855438079080653
0.7950745450386361
0.8451361613481432
0.7767166357579754
0.723352022425994
0.8821865560965629
0.7537797027959285
0.7798869939974031
0.740802256650671
0.6926520892603546
0.8479376153977765
0.6703367369906356
0.8353404921182228
0.8294343057198209
0.7564289866638801
0.8033167592205168
0.8472485823519094
0.868211329228207
0.8020004216460024
0.4128416741310797
0.4461609661629574
0.47576954468951616
0.449214668854471
0.2734526610006403
0.37302165798939396
0.2965438921670646
0.2815266603863556
0.7194844466013082
0.39539699713553955
1.1361455112463987
1.07922623669373
1.0101880467872666
1.4996247618673686
1.0235411234002592
1.3684583323545265
0.9830265778071074
1.0884093165826372
1.2330019544532178
1.4176513160631523
1.2765751196763322
0.9698132613360386
1.013808458874362
1.5190056730204182
1.0555083981844289
1.3279196088712646
0.9399250292617572
0.9493456271318472
1.057387630742446
1.0914376389009717
1.3678893041835762
1.1241270477699028
0.9751704687360356
1.223529972138563
1.2865184536918417
0.9893395663736757
1.3520688569409043
0.962559618948141
1.133863846022406
0.9669955447831464
0.5635367497582083
