1164731308246
1165094495899
1174623259691
1171950908330
1168489984946
1176783988930
1164000333892
1172197474009
1173050937343
1170661540466
1163444605841
1178593257678
1164417373270
1172197389820
1175441689873
1166057057404
1167643546296
1170169698794
1172601164873
1173527676588
1171358822896
1171527615372
1167118913204
1176579083112
1161727799941
1178983307681
1166309473399
1177740267994
1169869676094
1172922633305
1175502332983
1175336698247
1176364515114
1176420418849
1174272456556
1169415897674
1171839541609
1170644636939
1167156156631
1172237339797
1178904617015
1174395686707
1173511815900
1176161140270
1174543711286
1168907968012
1170664485834
1166721248672
1172493833152
1175176572969
1167840047808
1174315804315
1172727078986
1170115336213
1166560591890
1172472672828
1169696743192
1179953339493
1176760593171
1178751441628
