726619104152
716678328139
723451384439
722709505972
701988117004
711306205731
718454588757
716515932428
713634155493
722864825055
719494757435
720876308730
718917260303
710539987793
725330063619
720708961994
715870923611
701945974119
724184575899
721533860431
718788936994
715590369023
718819272696
723691895628
724803087799
725054636381
721043485838
722017606273
709670949105
713034937697
715108737452
717583387294
732122554449
720806097213
719483724912
714692713759
732089048882
718338139164
712512572963
710121855451
712013825171
734719633028
709533662505
726541007391
701012153310
722596285732
732373865134
725815869902
703867252300
710476524919
720400783345
719565336260
732494088226
715712065713
720927841531
723524099653
720921904340
721227414230
725948831014
727070680741
710737808372
711930113291
713870789155
708225999163
711935208245
709295718008
707250813313
711573168440
712589602081
701142441291
717546738469
712260180508
714506992663
728936518838
718950780845
714875463788
713393096570
710477936515
703516452676
702712401450
717339628529
705805075785
713763108429
718607082506
712366877326
699636814420
701896036741
706336943778
706305703845
729701442322
