413024454486
418129397745
415515305849
418413088278
419910414163
421578667097
424622244301
405618335154
415348050510
414110196958
412372400855
419712283086
409797142558
412884938394
415764695759
414563358194
424851957901
419455220458
415445869699
415975444713
416259614503
408720112086
417689429476
408874705538
412326634723
403718471277
409539545645
416393077667
406603632320
409487387423
269571061851
270504134122
258253935036
268080332050
267222687989
271119129800
260472436981
272018616445
268709491975
268502743223
257219086817
270479446139
260717976660
261848291045
275387604868
269728142696
264518295897
265771685556
256467824933
268567721218
275234023112
265772779666
259467361702
257504351543
276078410954
256914405032
275233104648
272441940474
257083648395
256445250006
