0.6726833900679502
0.677289100472629
0.6739901015909762
0.6742217937956043
0.687253202443096
0.6802745951821892
0.6780538244434517
0.6778213770636203
0.6861551865315783
0.6763108777323555
0.6698712414863689
0.6682546069444993
0.672409192788503
0.6746118463269537
0.6822991817855505
0.6762812031171865
0.6803135856171918
0.6896732302650342
0.6756587595823775
0.6842650211469158
0.6693215479427252
0.6724329235020431
0.695156608841602
0.6775348881443315
0.6799294319900026
0.6714121503019327
0.6744178199907278
0.6574257357914881
0.6798424081513723
0.6834280322703755
0.6784352494640414
0.6769712113920525
0.673307064051423
0.6810424190962368
0.675219094803015
0.6750797183791302
0.6784752463004232
0.682579233950205
0.6950890507827121
0.6810078993338162
0.6812091993829444
0.6678990733801248
0.6764336589640558
0.6768824069990059
0.690946760133524
0.681587433658932
0.6751746510739501
0.6803973860072897
0.6844542201115446
0.6887672793158143
0.6852782378679466
0.6627717176318394
0.6741309461238074
0.6963564589107707
0.6777354502558017
0.6805217067558005
0.6740696549466842
0.6832103666371887
0.6802944805558495
0.6656671086005044
0.6725829208164126
0.6714621687239233
0.6647291097661484
0.6768442760991
0.6797128397716163
0.6714836108189118
0.6721325271729017
0.6710165862203622
0.663849135248269
0.6936943223791802
0.6651016425898293
0.6727815102939592
0.6664955766592503
0.6662603796268337
0.6547138723655892
0.6723269744158525
0.6751952689373045
0.6655612123292817
0.6794992356606062
0.6783468420544387
0.6593135934827171
0.6764679625996917
0.6698741380548459
0.6582748168027381
0.6646420878938321
0.6926332510013924
0.6793698020142356
0.6798691123867994
0.6689810946489295
0.6727582315152987
