1871289328212
1701366562830
2003008613028
1764515110554
2035449959273
2125533567645
1897931489569
1624593543418
1780916309627
1919495458838
868336241863
902426741528
931082847870
841479055736
700854274925
738629825854
873674777970
751261438031
851904887843
928315264251
902214831137
812255494629
872576242717
828099814732
943390406599
679717081134
872165015705
1016905419073
748816639451
806902270183
867034883877
830220499771
902203477355
883057639232
864213204415
562819672624
810959619329
878480148576
935258745114
942974611393
