13.119595095351736
13.262305362004193
13.06796592462964
12.65567966149337
12.864308676813385
12.938680171874934
13.056223515901644
12.876111140423324
12.68181913101419
13.045576837593426
12.735270333212062
12.642445378047867
12.697951788667083
12.863701730377318
12.650215240615905
12.659953286811486
12.82816587754392
12.82353311408814
12.95797247159946
12.881152726837017
12.4362071147154
13.153788130634226
12.746194185282663
12.928172185379749
13.107214043740631
12.128676994597217
12.51928629511683
12.653043285211096
12.48623109470222
12.86727507423332
