4476283969106
4319140607858
4342977304934
4291442834317
4514748860347
4458974346861
4511016079158
4429634757309
4366418506972
4318579364727
4449670391558
4446584489928
4420822608041
4503862663045
4411626899409
4367728031856
4340182591459
4505016606658
4271791105722
4577793513677
4327813204200
4394531446787
4483173055764
4556828181893
4346574152865
4401133984102
4569028825595
4425791886154
4466958505046
4406816189128
724694112216
730258387567
739563087682
731356728053
730397328304
723304549240
755095043818
733018508222
732962558114
729979229719
735245114259
733781826866
722226850334
723256502293
732571933328
728622210850
754162428118
732837689988
732007068640
722002670050
755220137183
747212881277
745768630866
737095165307
764023147461
722463483961
728367483841
720114088518
729522366851
729026493294
