2.141865506714363
0.6375556728335011
2.611706296081176
3.3952013951411475
3.5860882168148276
4.198152362185241
3.6972139593762976
4.107314082943826
4.101985321973619
4.026596137585341
4.292318678299162
3.8596049366658205
4.312165244827603
4.383299934601714
3.97068736152816
4.019655696394303
4.134231771549192
3.9726359186443267
3.7235846879246726
4.219454922261256
4.18454025544198
3.918955506381918
3.7562697955392172
4.477560586738498
4.558947118373759
3.908228197323333
3.6877929311466326
3.919198762202706
4.419227796590931
3.8677727508119633
3.8417852204251655
4.010651579279542
3.855395314861031
3.846576774917482
3.5015056545486827
4.497216730141423
3.807828875304205
4.154604451238339
4.141160961476157
4.177457455207466
4.57466050875429
4.293701596548909
3.9977550955659433
4.326255517337093
4.740170848887801
3.5835462882151106
3.802736062143793
4.145676762509012
3.9227772394355687
3.8582749981232096
3.747255249177539
3.6067475536064673
4.158697580890621
3.9497827128663032
3.7239896864619344
3.7324676437395046
4.397751409123997
4.375461865363768
3.7954759473966746
3.964542719688871
4.162350884361665
4.895243482176116
4.130941721650953
3.7704871002505325
4.547315530003783
2.9207117837076106
3.8876377897539816
3.725330013645231
4.408030681255446
3.0676646321304215
3.1717141110535305
3.277578460925281
3.0552383456277705
2.353375636391342
2.5890734449050266
2.3199383560285356
2.3318945440592334
2.652652324224116
2.7576531052987616
2.677579024645457
2.527111417959785
2.507160602688531
2.412674017483634
2.4018353142402864
2.5632321983782926
2.665828933205576
2.3898237759177094
2.414044782113703
2.5238185192235743
2.3411085747746156
2.4626507112785476
2.411372484775922
2.365798191844
2.5454591109629687
2.503973889763258
2.2947038897153567
2.5334813102662515
2.625588029519943
2.5740013921380194
2.342186057393117
2.5591003418659297
2.640597618601141
2.4323829590371724
