1141671147
1150316257
1134028806
1136994316
1189019313
1140432480
1116293149
1140744678
1126523589
1158386588
1134817061
1162570036
1134829314
1141038659
1150986454
1121037092
1136891016
1149695689
1135809282
1134075723
1122809665
1136523112
1163890330
1133258260
1132546509
1184086882
1135975608
1164266031
1128497637
1129752859
1122255767
1132991695
1149589467
1130104425
1150826758
1157006752
1164371741
1124052911
1118874883
1144214225
1121946860
1165380274
1133223298
1139518367
1142379043
1162456390
1131633101
1140142859
1124845294
1162251365
1134656089
1142031292
1126704292
1130046680
1124006540
1140012512
1139364035
1128468017
1131543286
1169566687
1179647345
1221675204
1189705585
1243047137
1255763149
1193606194
1198279646
1183916205
1233353851
1254092522
1177508808
1275662947
1213423642
1220730526
1184878315
1226098543
1211510575
1241001006
1215845044
1211306644
1208659467
1208269540
1228749762
1219627562
1201582242
1195915855
1206195236
1228549980
1189307870
1215648145
