1678442356
1687281637
1672028088
1667799795
1660446568
1707264657
1678326491
1654636303
1672314539
1686192986
1680023709
1676338525
1663211522
1685933581
1656273820
1684477653
1669730103
1663021755
1658645528
1673196565
1670461242
1669609382
1660959391
1667910233
1669477913
1684964226
1665736607
1671558382
1673629368
1662094998
1790531671
1789979045
1779435924
1828081046
1781669867
1773100985
1823855936
1843221218
1789930599
1786481718
1789283135
1805443265
1783296826
1768898902
1768665570
1800608418
1800034006
1792775475
1787285272
1793735290
1792215256
1799894561
1771238611
1787311852
1778936961
1769490361
1785846914
1784072570
1768710173
1788401437
