484547571932
478124204947
483599690812
477368469499
468375506211
483793222885
469312213777
482458930605
482972002534
477020063133
475166631870
481382830410
473797799491
474502812956
482010002592
473055370197
485225526664
481877887821
468490842050
471412760448
473663801518
483845468813
482404059766
469653201751
485899892099
483995719908
479455030922
475646531169
468361978364
474659395368
471745201771
471577099542
467043195530
481967611527
485266382209
479976424219
481299678319
471356950550
474107275661
467663407339
481665546739
474414399458
470138959717
471481031669
471374700035
481314034570
469321363906
485118143764
471899397147
474545858271
472967041666
483206582678
486946799551
482797101093
479221392042
481137694263
474711450181
485647065661
480964449874
473724071794
474302980119
473802359994
473208219315
476469944509
462289870603
471614758745
477102494748
459215004666
465394215552
473332480961
478240037821
474880859670
475497130964
464500642919
470736205591
467320109208
460654569278
463787857658
463043904846
477322640922
465451321841
474994815115
476003495316
463175018612
473094667519
477418121514
476266914952
475091463297
464849934644
466416914534
