128643560
190396433722
186668645195
277410668921
285169364254
237039622655
217767535924
247534744038
293791413780
289756253934
258112193570
211873468559
188433569473
242885368433
204627206203
202725069802
186594744754
229898565964
251468441489
189012543471
192983235464
234329302303
216948689386
168930684972
185113124816
183833849027
223954429268
199985759171
196733933688
271811566856
197183697193
159077369668
249079452816
176551178964
194251266400
197636431699
223553572945
290449087896
192059104745
178710900845
190482318008
