986411841
1023453489
1015166573
970791143
1014125914
1084467749
1067139053
976414614
1049547672
960894691
1105745307
1064511503
1004967317
998026861
884841023
1028012491
1048391551
909534689
963572095
969933154
1002076155
1033561804
916115053
931522476
976544869
994587429
949455202
965678714
1060684141
936040713
278925794
198111546
301505535
233901438
240888967
256534993
231111400
883672072
835426978
4875391459
4702251997
4477448205
4826151789
4557666252
4808247236
4562396709
4710224932
4511465464
4390537691
5003416514
4802973443
5076614732
4690604249
4762632256
4417999798
4064859641
4952475019
4641086434
4765365955
4946894032
4639640149
4570722977
4800418713
4686047962
4756319619
4851368316
4697968811
4967103079
4711442247
4845289316
4458337248
4561373669
4759844216
4651241231
4376480270
5048609071
4191183546
4284825067
4787026441
4460793447
4843997329
4235644797
4840465695
4528360686
4342744462
4605785172
4833547032
4444314374
4593048961
4589249829
4622355891
4777403238
4793919147
4568038677
4621157174
4415658729
4661976434
4304487992
4777564903
21885294905
18260596644
15947586331
20504603759
18324053327
19583111936
20884938192
18702809021
18488627837
16237366862
17540408247
16057295235
18236052906
19073447755
17016220385
18181786427
19135684325
19308737298
22216826518
19111282992
19418553632
17495676931
15754030161
16828519425
16311500632
18117487089
17525146475
20298283028
19066465871
16236801187
