173036449251
176356114455
173705503763
174233160061
171140462293
173408335589
170486556191
173244049239
169077158228
174482604087
176968160345
171501766612
171971291641
171101041703
173147791412
169290552216
165799840240
172353506874
171819381558
172521031730
172008050459
171731322191
171297078718
174316602913
172533682839
172857975577
174494883554
174570801875
180096254862
170598897649
1727008
1732311
1728022
1728811
1723976
1727928
1729643
1723979
1725508
1727207
1728358
1727973
1726369
1728049
1724696
1725315
1734975
1728995
1725239
1723686
1729185
1729321
1730108
1729661
1722944
1723872
1724008
1722143
1722574
1727754
1728611
1729020
1730088
1733214
1730600
1728446
1728574
1731334
76334667091
76424468694
77162276542
78942068168
76822007265
76293347114
80171993554
77999755453
75780269254
75550079830
76073521056
76234959744
77926505076
77571674496
77990681083
76700396638
76581789340
74256950188
76240894002
76740278818
76526414415
77464958332
76925165548
74014859268
76542178069
76116600805
75524959698
74937441660
79799456953
76157815527
