346542837546
345043198652
346778043103
345803860066
348505159953
354713791773
348375016838
344079201628
346934710066
346954987140
344180690019
346085182104
348996019318
342047124462
344293648408
343870309781
346083733941
346266513250
342037101225
342950174954
346877172521
342694829332
341701122659
345994719602
342893857738
349154326759
343981936912
343956791689
346267971149
344540143130
358473347532
336881610465
355194320428
351582806335
358715709140
354542581594
363713590121
363764814078
354766638041
364664738216
353776709659
357336192985
354489430684
358334630925
352695321419
361435471470
362582286715
365705244626
355911794583
358768219747
353353223828
359988418780
358819934123
356018014827
359218929365
356853595209
362143843225
355402884704
358625842579
343284182670
