63.89766861538011
63.084552449078565
64.71054054863646
63.81985606966578
63.06673234447647
64.58928133037529
63.91486834119158
64.26891464602343
63.90597056534389
63.06755878751733
64.32538136584377
61.74415984364031
65.33078203059092
65.03046732953555
62.77852277623158
64.71896148019495
64.30934010886963
63.22886523750096
65.35578664600804
64.56896847285252
65.0843912069025
64.67250720102162
64.25624095294224
63.72728649196716
65.25998967913293
62.08059083998947
63.844122578840945
63.447876215295054
63.58803004393582
64.1600093301231
