4297380805431
5185767077463
5224680639400
4866975364712
5242695801433
4933475431935
5398412097882
5084975421508
5301087541323
5062145933074
5076337795143
4539699029890
4994270222451
4441885144085
5020376366288
4805375269133
4773949620503
4304930431593
4649227685008
5336487091050
4492600761590
5018228568726
4567837719002
4942367056202
4900671750753
4747276982366
5081887188635
4615005572268
4332304136067
4438876280333
5128224932237
5212454631245
5024958143034
4787401631765
5042554067443
4963786418736
5173957389303
5417317483552
5372153367938
5585316953277
4415257712196
5465490595357
5044750075266
5271342982715
5199359633287
5222371604909
5149876306850
5277765634157
5240041129652
4937650431351
5066890229344
5510216778118
4269013766994
5250967629540
5026341718304
4356381931175
5307473445446
5365438364772
4977918985045
5817327873677
4324343833887
5053701059814
4771233812691
5473642447000
5009753637392
5166569736725
5328326975262
5205178171795
4922290753896
5374043432333
4413730723102
4664011987572
4453401121800
4988641379879
4543957671611
4699182924991
4995087044524
5024286659839
5067869770510
5012075765268
4961929850397
5116972860098
5365107416403
4506421509764
4416471189637
5348238712617
5022581960054
5305428605389
4617073424727
4521313707001
