0.9538771978990457
0.9603205325618555
0.7217390117057862
0.8227490584665026
0.7909149673159994
0.7324389811049484
1.3318943229105018
0.7560050605210237
1.2561672713653642
0.9416155995241259
0.9125107605349527
0.943140368049944
0.8980771540890065
0.7161091786764533
0.8762199398693856
0.6708467079168262
0.9596144741656337
0.7275415410678925
0.7163745186984699
0.8982354359213365
0.9137387802976624
0.9880191732419434
0.7795704743396858
1.036056655321433
0.9476877165610462
0.7523054376941375
0.9328684840053332
0.9063783110228334
0.6864923342225576
0.6732510159398652
0.6873372590749299
0.7332929802873609
0.8664358405206012
0.6270154571987961
1.0291746680192588
0.8249702393828022
0.7962324056042928
0.7381961642815748
0.7041080526923836
0.9176351440123047
