0.4858284669842219
0.5807980284949961
0.5987936689052962
0.47171655035931986
0.5864288089500476
0.7182671799034531
0.3648150879776834
0.5039671691383268
0.4832307748891664
0.7677968631412575
0.5582098601393126
0.552474267859747
0.5063690303915365
0.5478089526308839
0.5202603563088454
0.5079457816013991
0.496417499615547
0.5139301494653565
0.5171867714162238
0.5332655765210804
0.5029550620625742
0.4896534862157467
0.4907725397550886
0.4819548011918572
0.48778877831945855
0.5497861661710695
0.505900748406468
0.5150738663265756
0.5264870439216303
0.5777905686683018
0.492119626078483
0.6054029916308717
0.5048667546285106
0.4752339126503713
0.5485879814843256
0.5205092135749664
0.5468370283709846
0.5520287772388303
0.5372747725955367
0.5243208759085511
