54019503452
53845285532
53871095636
54858645837
54342000479
54361084450
53767326167
54298309080
54246567373
53992597523
54269227130
53797427763
54208361820
54158519545
54271389572
54855305688
54182835519
53645786730
53881573220
54087935198
53897155411
53481086255
54269697604
54125315290
53951085881
54785448885
54054215656
54204262885
54087948612
54035788423
54895692622
54751138005
54058545512
54254880279
54156666765
55573566259
54698150400
55052431287
54408988810
54468852234
54426041704
54747568129
54959895516
54414156991
54556019509
54880043702
54321236480
54665172984
54943700316
54289371791
54530124028
54521478922
54623065777
54427964491
54337050232
54642502462
54524112462
54389392429
54944089320
54157244641
