51.76369677474856
69.7600929385725
65.12728839539145
67.68312413820435
67.69861925741098
44.65000832127392
53.89329281989455
47.7090482891193
70.83534693858698
72.85557864981057
38.10160282977942
38.87620796034402
38.07661590961432
37.865278722524835
38.30311250051748
37.511988965274604
37.67308716566112
39.39449642525166
37.939530320606806
39.57802739883296
39.518244503399856
37.938094380631895
36.71306507114126
38.191946809362456
42.050593152496816
38.72166604689231
38.94595546504241
38.05315533756236
38.92159371844526
38.845440606940045
39.243911365552876
38.37872319937859
38.32177485129589
38.126445089295494
38.05249488535271
37.94047750994126
38.111591830680815
37.212350397255875
38.21476266445829
38.499707677596106
