0.22270881934133127
0.23857857199145427
0.35355344314381754
0.39618473446598634
0.266208487700593
0.2939658942773892
0.427239571401467
0.25470006577954213
0.22262929899319692
0.44364727401355747
1.2006798352857064
0.9679267341255142
1.2284733101051513
1.4000014853661362
1.3117959484212252
1.4403020387684873
1.2024845546852339
1.0061236479647084
1.2245675223898127
1.0655780493537157
1.449249293784837
0.99201858059579
0.9880632622821671
1.0157513331452201
1.1691907040379692
1.147644955816918
1.4422730895367875
1.405973696234284
1.0529318438604853
1.2234072949409511
1.0027727531324417
0.9393369401567693
0.7839262667507094
1.2940223322107913
1.0171633116318044
1.0484486886357716
1.1189452952521182
1.3947497638572477
1.0013373557629002
0.983547567076695
