10805732961
10795234418
10962162996
10806043279
10669264959
10718052126
10859467538
10913887089
10657974761
11058015749
10859430440
10757866776
10809233451
10608460753
10996845085
10837791046
10787899979
10808095186
10888075473
10758931024
10677258325
10864601479
11020963029
10896284705
10944247190
10756420691
10872694956
10598469763
10770086730
10852814824
10722636990
10831513957
10806732376
10882231442
10753345306
10759528039
11003120689
10928709399
11005535663
10836254160
10762241531
10939865298
10721289650
10943523589
10824562672
10922075846
10973496241
11088104628
10707423056
10811652483
10885531204
10733191490
11136121973
10949412313
10887088343
10900832185
10782015995
10817699374
10852161139
10801073378
11301829056
11362402484
11343343721
11258723900
11496591376
11236834507
11259950189
11367178963
11382061840
11366749891
11238396208
11482777954
11404272905
11450893566
11274885727
11316419294
11419125197
11112308090
11221546800
11185298691
11157747038
11257723081
11446075183
11431673406
11363042378
11232295425
11164783561
11293922105
11203671426
11486773457
