7609119350108
7666576069224
7619537504773
7636202016579
7663893978211
7643244420292
7614208318523
7648470338799
7652750459037
7637167438584
7626515280741
7622585608233
7656054802019
7660385679678
7653512468216
7655144456675
7608371809049
7633980178239
7657372589978
7690428523010
7648729973258
7663134920232
7635026095279
7656941300741
7642318856923
7618565194086
7661296786236
7640439055704
7655513187761
7661770905313
7587369719617
7630837814089
7608548352128
7575497042725
7576293154115
7610929528488
7639184724066
7608280802242
7605336999233
7602617082164
7598915313843
7627788377364
7583012521878
7586905641728
7606090781879
7567600981421
7589309424714
7605606413319
7596075863409
7585634828868
7585466767219
7591995143358
7585518541772
7618728260715
7598096624526
7597522780658
7637982153558
7594012050822
7587533093841
7593063508526
