4915962090115
5231483090442
5088630703187
5290923850142
5132508879577
5146482571952
5122280877583
5142316027968
5075482633658
5034688970582
5210685221435
5176537596371
4992653179987
5043270906266
5208398527971
5125683113415
5025721504654
4962168697911
5119753464107
5376073507038
5108960732073
5136743644971
5117571881955
5014646653820
5017267449086
4900470011276
5085381534375
5202449621145
4969952199485
5025205277658
5218332878513
5078666475140
5087902908326
4945411717073
5214474897758
5032113537232
5199634185285
5299245586777
5226962080500
5270262503343
5019477946697
5315421396467
5166124634292
5137673492153
5158360122272
5315832503413
5046378877954
5154570588112
5112111408693
4968168274334
5052176786862
5178112324994
4903587199822
5059987540210
5061591305556
5033792025050
5042216792679
5219473417798
5104945847431
5035948929957
5006322244936
5060646279524
5196084141440
5356564096805
5212104037081
5262411865155
5408896970313
5247685364193
5170499473414
5396131959180
5069948856372
5268715253265
5045101709429
5172816984151
5261158100816
5276659123117
5336900938115
5058776452149
5187842489180
5241790691588
5290627301140
5249172769994
5337100253787
5214269194965
4990919547702
5259272196060
5175236281903
5146087979016
5294318159218
5155050317216
