246297159558
239267161045
245148000102
241334190038
246912616379
248468472410
244776070542
252288625376
239388904288
241542048152
245126749381
243914454730
243804461905
243369224058
243880598793
236896764014
243159324461
250372802297
238764552860
244042974909
246740904626
242334153629
243822108046
245707314183
242010250357
244871865572
246973346024
240779176423
249011388920
242803797083
107338642323
107926824107
109293798498
108121279679
108235282937
106182208624
111174392956
108712872259
108542839193
107966186324
108434526826
108127189394
107111197326
107143900034
108238971542
107855241891
111393806876
108169487179
107766006476
106551241316
111342272684
110010389592
109854329412
108794278949
113284159471
106827771952
107219705217
107426683503
107850630095
107557642150
