677906135359
671514395592
678139295897
668920037534
656999980764
678533209395
657605209899
683470700432
679184620651
669346647382
663044634800
679217831723
659655176590
662587800992
673547572909
667725098284
678673641475
674192003970
658001395318
661275677048
662785294055
673588560413
673745592324
657646935372
679813119786
683608115959
674305186364
668685441104
658027270080
661714681443
657198120763
658436720964
659942129071
675992899348
680569235289
671907196149
672355599273
661287922720
664209321276
658219217756
673750512457
662384227211
660435092681
661692725343
659302787941
672391790440
657325939796
678046006216
660111322265
667704605527
661232297377
674907730755
680181023948
676133864949
676557283815
674887488598
660772037961
681316408202
673569174030
662818735756
