15.340182273247935
15.687660430966224
15.429710817718576
15.165012338482137
14.727786744473084
15.373472971975257
14.958623441954352
15.470871775417805
15.054600066081866
15.580525257977726
15.514305315894811
15.351820719730494
15.324928533789553
15.243431222841394
15.032609442246306
15.26815165061417
15.243269390501132
15.657593681615763
15.54110816225222
15.48124618837406
14.784871218388798
14.689082033957671
15.435863324581383
15.735677894827457
15.043649117499935
17.484364006021643
15.471090705251367
15.72165997687345
15.733373662590393
14.223318636255087
