1.6674367738303928
2.4865599626663477
2.3404115604552578
0.9662282595115352
2.1340517305231534
2.1284546157337227
1.6934271422431635
2.225645840523667
2.404043855304579
0.6645178017266453
1.6229890781196878
2.5590724146972965
1.7100460040201466
1.604295737771972
1.5584333905026286
0.7806814691232639
2.269378699957604
2.1316325626169395
1.7548537657259629
2.3643198628854445
1.8212345263181697
1.746525000727157
1.7132700269227394
0.9740717469702289
1.7615654453714695
1.6744029931265982
1.7581991898495515
2.299063158576954
1.713229950064537
1.7336460244423608
2.3277021276747027
1.9977115213181913
