57.17281414045768
58.065654895976216
56.71951393029991
57.76694010519511
56.86711640400177
57.12031472881033
56.95346727859637
59.31005369908123
57.81393344805096
56.82200917957011
57.726335889459094
58.26530948644262
56.59331605593964
56.86574997496731
57.587771360782824
57.843681301201265
57.04506143387369
58.32055498503384
58.109250180856606
58.9479757769909
57.40525102306974
57.14038561337949
57.34265080852987
55.954419540852165
57.33929963948077
57.10784185885428
57.92760216701571
57.82922732873582
57.19723145878904
56.58556568112869
