94586975191
93307727120
96279489651
99726411039
95754636611
95433780996
94691256472
96739822095
96363754338
95595172703
97858055447
98014869042
98553409678
97933996528
97371250597
98633919171
97508825497
98129317155
95502105257
96518242091
99455588138
93157899377
100005557947
94683867955
92436529369
103265180832
98421502860
97816778383
99568688131
97029052950
52085287541
49034782900
53184396482
48740751796
48772047868
49724889025
51690692513
51713497671
51480991751
49279241723
49986526587
51285733601
52929303693
53394063852
50173891493
52750472542
54366716521
53067513944
54901484625
53065163893
49491368175
51173560724
48960472389
51350576224
54440026486
55269106155
49257427869
53963485279
52803378532
54200903546
