6.433010731247464
7.223762606227256
7.833967426411194
8.356610431185489
4.9652536648927095
7.020443454441214
6.8646887370961185
7.786226297757754
8.62186861287331
6.5252938380079675
6.06437746583026
6.231569431948865
7.712246449434189
4.375363165618841
6.253963510590088
7.8083129485962095
7.932265716831047
7.338712932114312
7.992493285666109
6.605053167995011
8.781318657733953
6.609888024774399
6.318188863601902
8.263682288063311
8.65962226325253
6.533511046826111
7.180784653945644
6.157287283698301
7.683523000716885
6.553440673755372
9.633691593913229
7.294327249311397
8.721759475223424
8.968582912824933
6.692008949375122
6.825471013011941
7.230877048523967
8.619598232281815
11.06101183212727
8.812058989733588
6.890256765725276
9.211449415285951
7.61505484421522
8.122477519356085
7.94405087254516
8.162986541237577
8.174186486806963
9.066100215468335
7.506140184935413
5.29904519769004
7.253493482254242
7.771398560072999
8.977020007930872
7.448853292213646
7.9620530004391785
6.864650857560662
8.870204703876484
8.614795007465615
8.254614615562367
7.684001244442452
50.45468291054799
5.88850479128421
10.441514307656217
36.30791173344493
41.60911845793184
41.3960401963622
42.14645173586934
42.6858289949784
41.14677581134667
42.64769083174612
42.412379496556724
41.769522762678456
43.2787049328171
41.920641548631046
42.72220396722231
42.76775942769574
43.17253162369716
42.77892931450737
42.09198402595121
43.18765094471248
42.79950898994895
43.04372749506643
42.527504699288066
43.06283338175786
41.927984834444096
42.91744392815832
42.60895460773772
43.096560171702805
41.64033941611832
41.56952836085634
41.8215385522885
42.69085797614969
42.68752664353119
43.16919902476376
43.02680726244373
42.84989535844413
42.57817771054197
42.17894791138186
41.66112310440908
42.465579941302764
42.422860747857726
42.108128254194675
42.281109034285215
42.32587707900638
42.295670489474716
42.564859497587584
42.10592866850464
42.44637152542329
42.48224899049461
42.35653085632268
41.915956029555694
42.4301960488947
42.32098082058043
42.24499285464389
42.3075487810479
42.328676352776796
42.47574505304706
42.329386101132975
42.34663559880053
42.52250703472266
42.40491447364695
42.84634923930239
41.810197098085574
41.7883616995282
42.66428708211762
42.38951693211403
42.0423649955418
41.61077366454212
41.65618542820136
41.94065467182944
41.94002592834693
41.97700322881489
41.809896940363274
41.89316589439168
41.134150781174064
42.00560180189833
41.89198227175325
41.777304682848325
42.07013866618624
42.17159746320946
41.58493862000892
41.97447037842523
41.6717902892066
42.228646037158825
41.82409991473665
42.33485604383764
42.06662816217149
41.74927126807868
42.01325203253076
41.89336268300928
41.921076114726844
41.94530828368263
41.91542847895114
41.84283166913896
42.067820640927664
41.526238544717636
41.99341786455346
41.6260918346555
41.909166419669276
42.06883888051416
41.8197519890424
41.62162803001565
41.96895024165835
41.79755678390705
41.642196635212805
41.42080938199283
41.82380734282651
42.02039313875345
41.99623610430961
41.723587003338075
41.51052369774262
41.538277991180934
41.9230107986454
41.808830457697205
41.63866287458109
41.91441090379082
41.67145725585689
41.81168630980218
42.01942738559296
41.82825501203507
41.89681952080638
41.69719175177906
41.70119346668574
41.655732599552486
41.89001613557989
42.0243852346178
