375599137021
383152202853
363923597060
365007003142
396625703111
368408830416
362028003748
364795284106
366593613936
379290052821
360662904262
403165784368
354646640094
360469821652
383278400084
360991815443
373345690409
386037612379
360194364822
365481628340
360225828303
367360922733
390869632859
366851571733
354930724681
396288541938
368645406338
383343646654
374258550349
366232317229
353795018229
367079131427
366478047684
364307107875
376595909086
370327968196
393487993495
361595691290
358942184780
389181900823
361901304429
409945172938
369259127756
364686395931
376540693208
384431483355
380544117536
355720875276
361221782516
400288699009
375799694565
361486268116
361732173471
363629683291
365196920933
361635248763
360597778861
366038029761
356049276642
361050761161
