8375902912
8253542851
8246112915
8438130952
8310181090
8325252350
8431015695
8338240414
8316297105
8330746308
8331016622
8399551733
8421129503
8403543106
8378945628
8261110376
8352721168
8347009245
8335752991
8278621157
8372728841
8389876240
8273035819
8365333999
8365250131
8465335396
8383798884
8305211809
8348014627
8348985146
8687733940
8743896069
8610308612
8743922158
8768660157
8666656788
8663259024
8741376592
8728541302
8671428809
8635768010
8622261535
8756236377
8690366575
8712319779
8614871448
8670375278
8685128973
8709501078
8712614320
8672534148
8687847302
8635820732
8722116975
8690493065
8698115245
8704150307
8590734220
8739603478
8629587160
