0.10384839335563019
0.09711632167021872
0.10570029981537445
0.07749698104264503
0.10619558264949115
0.09770506122082054
0.09168189635877934
0.112471798435015
0.11871619177276561
0.10624268641180044
0.04655384771874355
0.03886311367086298
0.04565057327694387
0.04563012169478826
0.04849854575594285
0.04427110319315728
0.04719342948743299
0.04346336807032565
0.03755223219719879
0.0481402443483374
0.04197074188596778
0.05321950423579112
0.04824749931214865
0.04786567082183987
0.050382130321024336
0.04971791776557772
0.04566864253897157
0.04794542160987289
0.042407311113714964
0.04571199323511469
0.034572522077973324
0.0497769789604985
0.03805911999965887
0.04000898579598345
0.042489876172498324
0.04238122920903237
0.04623314231465298
0.04972956366420273
0.0448502344830426
0.03877975838791832
