58.94411675727081
58.81598675394039
58.624246049428365
58.673875653654996
58.25524299597099
58.36248324214076
58.530871342249725
58.285906665256114
58.49642562267145
58.62181372167641
58.85604148899349
57.871446896042144
58.78713500391689
58.234036191021
58.660632003091905
58.271628475152625
59.06144966879501
58.292729616727314
58.36830250306141
58.5405803401358
58.52869826229744
58.12888040416553
58.15861534898431
58.263738679283506
58.53005556064665
58.09303815326001
58.468977439009464
58.303976682881654
58.647783485862305
58.62253660539677
