3293901668
3365850184
3333007724
3336254100
3287790181
3394067201
3331945818
3243258773
3290932220
3320142137
3315564861
3320866264
3303745138
3271618847
3325133863
3273314776
3228143521
3290836044
3252128132
3202943801
3306307170
3251861402
3305420221
3408470476
3312354119
3320290481
3362314489
3374281017
3472993807
3261282150
4212
1862
1793
1214
2129
1420
1402
1322
922
1153
925
1018
909
1231
1046
889
1016
941
880
1117
931
925
1168
1184
3375
2056
1665
1240
1189
1610
1061
1728
1053
886
1365
1542
1128
1023
2347432321
2351305204
2368321079
2400336950
2333781839
2389718340
2464962043
2382419135
2373221569
2378001642
2349261714
2345541944
2398218825
2382201342
2397835864
2362336521
2385463027
2353623810
2330273016
2417904207
2410096559
2429606919
2366689505
2345159169
2384309052
2351221770
2386014658
2340017697
2489820770
2380716642
