15566137261
15500187542
15486865024
15531242461
15616363118
15393365054
15486319130
15374849236
15541474593
15376946939
15445314555
15562589475
15360976630
15364225538
15452539177
15456340031
15520432093
15415905053
15430262098
15585247725
15546120496
15522586688
15573305490
15535284138
15423138073
15417915521
15526278143
15367058942
15472901291
15289861781
16013073786
16078892353
16145721532
16140586404
16183016484
16151865862
16197116478
16026822846
16175556955
16099297462
16204751275
16277948764
15908536293
16164780045
16113390592
16088343854
16038278204
16220355975
16179830702
15969969078
16235695559
16151721697
16220670129
16260040441
16238892473
16176019557
16121896606
16079948865
15806118512
15997666109
