29119761293
28743873417
29261344551
29070315130
28906792609
29377893821
28812230959
28924162718
29303683652
28993999383
29262401624
28645318795
29129794802
29040400542
29065644092
29052513588
29192573912
28957495032
28976134510
29186141676
29333003007
29283596728
29006309122
28992659436
28983054191
29186216160
29018518187
29329012383
29228995007
28901995325
29604211990
29545737956
29565012860
29836776830
29973003362
30193332013
29769660591
29748207423
29631588271
29565985223
29793867821
29688215491
29807248416
29475632514
29707194096
29823096104
29769216266
29694295109
29820108125
29616196912
29739692709
29388683234
29661391866
29582323381
29818841468
29778219631
29586376888
29681327726
29444884941
29705865152
