0.281537068264149
0.19911980301674367
0.23987376822619053
0.1959898571914656
0.17920928816324952
0.13910626779754803
0.17357581259364047
0.20527291874056025
0.15843220585850884
0.148075786055447
0.9985956455763473
1.2333303188844822
1.109124392828853
1.176291566175996
1.0216983987644974
1.062949945371556
1.0657049739322157
1.1446749239367686
1.003456083522969
1.096231073218205
1.098005174823954
1.1386286370706242
1.1453336112056447
1.1504954644481862
1.0954397359758499
1.019333238018944
1.0677144364155213
1.076256881951001
1.0633109972803285
0.9909552937674405
1.2154787152775515
0.9178883024193795
1.0206991206127982
1.0360814428876632
1.1125012306039395
1.1508415768872964
1.0626622416927647
0.997024169363979
1.0343375678724451
1.0103722053129225
