2.921266683519388
2.6530073061309176
2.4397470054769954
3.001352405182309
2.664097158969968
2.688937682750226
2.641793933430445
2.8627662510856404
2.2782126607833275
2.4776860364880893
2.5518658665879648
2.3243365498701722
2.1629069778570704
2.8729087292084285
1.885263587607676
2.5066669210734127
2.714183862985236
2.8278460717972536
2.397436226491544
2.709563793443209
2.2052672523239827
2.5396350407253174
2.681574513931824
2.8128239279175205
2.7970517049621524
2.8051444461808406
2.5418722478541134
2.616452844237959
2.1108616483043745
2.651013236198771
3.1850135543306477
2.9083249145930354
31.98934116551675
31.091136825058673
28.012206886284098
31.54775892989692
32.391971197017696
40.28708749652484
38.28221737161153
42.32463522242978
42.06233955105963
42.35967076429022
42.40897305007735
42.13158820700279
42.31157497615504
41.484279127707744
41.01885713687546
41.97613609006487
42.50881601051105
40.6986143776334
41.52108299375881
42.57411723799558
42.36587802106767
42.69022844922011
42.80193059725773
41.510380977560665
42.25849079433661
42.348741486649445
41.95769939133243
42.07563685171887
41.45923577794309
42.85844476345625
41.80527432213017
41.988810815063964
42.38858758516979
42.72236710466666
41.56207978758456
42.42630003165433
42.31893154027256
42.10054477233764
42.636595565137206
42.525693844896345
41.87244132915757
41.76128014567545
42.193614425248846
42.60123536549184
42.61720870661566
42.68157899498583
41.88549118114304
41.60584176431056
42.1061330859408
41.49953821963109
42.25619099166983
42.265904373652035
41.375168017217035
41.308913918782274
42.355780657211575
41.720845981662954
41.75046006881859
41.90862763405483
41.266024933334585
41.160992910873055
41.90642514636778
42.693443394569606
42.28200166206324
41.67975970923662
42.465265868466204
42.568068535626246
42.6030757352585
42.07406390085617
41.783999027919926
41.45693868144907
41.71332605963654
41.91521379886474
41.572807087967604
41.62670967817
41.96474357918186
41.75714729378567
41.68213818961355
41.747234731756286
42.32751297191019
41.755939369568615
42.0206390872769
41.78658493174733
42.18705420761956
41.527580198177205
42.04302872062973
41.99915496156295
41.3694496948282
41.67558197905136
41.521415909361934
41.25039666115902
42.033466846492864
41.803792793968675
41.85592061915033
41.929702925258944
41.60124017647882
41.799917285857276
41.86757199595852
