0.5397327474265086
0.5377715234989262
0.5342587999434326
0.5497034528455987
0.5370507159597716
0.5412699111809837
0.53239885683156
0.5401108712129323
0.5392554002537413
0.5416203141832562
0.5387011488595381
0.5362750215635292
0.5387888809335828
0.5378189434417847
0.5380832785216512
0.5458827854700028
0.535906699290981
0.5429110955745324
0.532925527453239
0.5340488450952422
0.542026160708492
0.5389022332800026
0.5370882427392872
0.5401640373405682
0.5434490623085821
0.5436713750359808
0.5370525548121293
0.5400563173467785
0.5396713485823573
0.5405341086865626
