22425936
21571233
12917287
21129043
13673191
22215033
21824878
9038676
10315511
20823830
22160182
<not counted>
37476078
7485067
12542922
37630881
32894182
22313200
22473530
11952044
<not counted>
22024802
9004235
11948750
22526370
20533701
19610055
22535237
32641481
22574149
9581471
7743229
52696103057
48148213666
49971362018
53076367132
100591517974
104017787529
466669549974
493945644814
541877300565
483580750613
529537055457
494428245457
472212581395
507531650256
790957386089
537071203657
453950027735
472299708205
475775693664
482378453554
512013917238
508140554472
489050202446
519288471775
512506976258
494550079274
513988592656
528481916262
510221749469
516943648879
488192544956
497119838827
533564319899
463362548185
476768957036
524154855447
477897795755
545625305722
529927442733
503498283378
513365397112
475589838444
443000577008
507151571565
462804616154
498687939048
505187512967
503463408520
531169765378
479344660590
479194194842
548039805704
824269361046
515557043351
530610202057
460255796919
546933836837
518363091930
543245548641
526251309890
495022740729
483561343017
463765513582
474765400861
508870177232
466989291687
