504404286350
487414763223
486326738082
502772835036
493418201601
505107539836
496900455162
506433668558
498568578244
501124055962
485718621461
493829884956
510864883703
499595869217
491143866714
505658560044
511987250615
483336965542
503776028562
506625923092
494461057444
495904586570
481922333467
485690772281
506058224753
498434488094
499439853946
498306996772
495990550506
501874249982
501811046266
494650834453
496078660476
498673956336
501231031638
511131398541
516857254282
501193234893
498752586006
506677536895
508609110092
503475635844
507465798887
499411146508
494374315326
507179872170
488013380778
508943729374
506122993609
515857613298
500057923427
506680864933
488338631759
504985478482
513816159890
491541801199
503714599498
498224702442
484378423858
491485269856
500257265651
508356763621
501617499744
522166655396
502453633530
498872223618
503103238462
509580671386
522816994531
495631996361
504996234838
502022875486
521208210577
500272771599
491739951241
503127147858
513671740507
503060883299
516830794217
510144490786
492547877911
504467065260
501220993832
520967205332
514744199081
484629391026
511351975924
495924599666
494553548310
497018347331
