13233335
13137355
14347500
12342412
9884411
13355311
13310818
8134762
11514265
12057223
13145801
<not counted>
15565162
7968883
9213726
16541940
13456517
13563097
13408849
13227596
<not counted>
13257112
6447816
13046861
13268826
11956262
11611108
13434723
13402006
13417142
8107095
6952687
477756793399
460987313318
410099411818
454480893039
1260152309437
1356008145327
6299308529722
6266303096073
6757074535826
6490161423926
6744314950282
6180697195053
6493867656994
6244543088366
7251548042390
6722038120498
6502945447151
6653271812489
6403387986629
6748474944650
6457222313899
6791049845915
6347094239017
6705760097684
6629338475420
6138394429211
6640607507278
6595296405035
6669285837569
6651395961451
6360664446410
6300219518177
6836614358069
6254344925413
6463378180322
6832823703477
6549256607515
7318016332950
6808676951651
6415178221765
6831544204709
6410565650756
6234976296738
6545546855474
6410064061310
6700819532331
6762006491353
6947338875434
6630471336280
5968733490811
6180246455275
7072386718451
7542382848734
6313866898300
6734760835660
5866227632878
6946020846895
6567580600918
6865852202075
6692537657279
6209835314155
6124182283312
6311322099802
6492227545428
6523017632656
6244262487572
20016420747445
23744460657016
23289827018477
22033262441730
20724150264510
20559983604061
23601621104616
21655511286734
23426746592109
22463964149677
22587871245940
24243413961036
20014720153020
21553681727904
24210130330112
23462891723198
23882934263367
24142765300433
23536787106492
23064766485025
21540747923327
24077582499536
21854648135892
21404571736487
22005306141280
22023350346247
23315820617389
21365262793259
23019281438564
22054484672315
22517237298008
23869436785604
21499436100753
21918873748177
20701318181282
21741281575001
19969443432082
21985502087555
23651885879069
21429933054496
20712571823007
23155496452679
23328339241112
24717827516521
22510265278315
21567676981921
21356732471101
23966246989327
19420320899905
21775068741183
21997999108170
20380415566385
23346569877799
21193617641632
22185844082770
20063728597655
21405134478494
22314156637534
22487546093421
22986181194056
23782773508604
22178388550647
55942649227007
50004087132690
20094070728847
26700122080173
40055359946088
27252946288874
31498359592800
21569047604511
44168446544572
20334168611740
47135558692523
22063815386711
22338319651227
22190866712449
47301533607484
27021569161766
35125660795536
48720553877619
56489815425143
45584475768023
32300880145290
47921111998467
33818241873668
31542255034736
56355096368022
40081809974249
32609215925522
36347917432466
