12774101680
12814529129
13194334765
13111577205
12847669379
12869874337
12887951810
12770732299
12787310139
12833819833
13237164527
12689906991
12752146358
12828181711
12812846715
12986701295
12685254067
12798275412
12585544170
12794899970
12765242176
12754774447
12768428862
13168884958
12831156181
12941659320
12742980325
13115581671
12858253730
13266414474
13039420950
13242352893
13164098503
13546970173
12955426327
13282867504
13142458294
13117411304
13148402222
12972303271
12998394169
12995186048
13006066249
13057046929
13009301089
13162004615
12910000669
13037362598
13294756223
13037283608
13102901518
12939707525
13038335434
12985318792
13008863957
13048347131
13234867451
13054325840
13177341282
12977998191
