1116390545
1114437587
1126975661
1115141699
1113575964
1129525957
1115222873
1100368563
1117868916
1119475112
1125450036
1115692526
1122823330
1105902537
1116186938
1117806191
1130423049
1136213162
1098366806
1106920288
1119168615
1112925562
1109848989
1111658200
1104910960
1125658964
1125830074
1116241481
1128391218
1127373712
1214753926
1202972670
1195433149
1192056864
1202891882
1195186676
1216149300
1221193162
1224484167
1218428193
1177397314
1210816657
1197731184
1199795127
1195092557
1207252458
1207530299
1219718334
1238868850
1200580402
1189943767
1215960887
1203575311
1197616751
1215187121
1188431905
1247423012
1188484917
1199426792
1178722554
