0.10440878876880386
0.07287589374466348
0.08256325558348124
0.08916132477785232
0.07227639476170358
0.09874532857195792
0.0771627143861182
0.0805966498963169
0.07714661417322655
0.10054480820514722
0.044331917805163136
0.043208530456247056
0.03654469212985514
0.045573982963807276
0.04632640194018209
0.06001618523662407
0.04473687094074566
0.04294538631484107
0.05116925182617699
0.04878041318230156
0.04949444131023972
0.044017887155204216
0.05006344440046596
0.04545425922772307
0.05347311900550443
0.0436106927927278
0.04476937340075158
0.05036825570872906
0.05018350391694941
0.051772902604451235
0.05097562351245302
0.041378027575039805
0.04806693484693661
0.0471096925446455
0.05142724388527901
0.03634279706914445
0.04223179845398364
0.05174773752973306
0.03240371140096603
0.048141553241056095
