42130748119
42039950886
42414149419
42346184712
41950842918
42681994098
41595242031
41980453144
42286992814
42143925896
41768678384
41397034361
42272150995
41793922012
42032600171
41980146833
42158732344
42204726673
41564305569
42172230769
42309621484
41982557867
42118333750
41832624240
42275630176
42016438098
41724868961
42072163129
42086595285
42049361174
44085234373
43599646885
43417317033
44122246045
44264794577
44017835585
43872030684
44038319597
43928344420
43526966559
43987162503
43795441032
43164921504
44076695830
43778756850
43547678340
43970966013
43440433630
43656274170
43675974725
43836284903
43752777868
43676688902
43515269188
43735541511
44109441272
43632847843
43862889647
43678652125
43934822379
