3245053967901
3317315729133
3388082707915
3362557864511
3330285305253
3365659200199
3354647742495
3256624921640
3332400718798
3344104942672
3563834399243
3534336053052
3337729223876
3412501490257
3463968284362
3501110785209
3531994269059
3562903193182
3463472296823
3437693238012
3521563821733
3407915215111
3452301127358
3378100816116
3431735848807
3477292574865
3334849697205
3420763336184
3645713422541
3314678004752
3371418785575
3320351520807
3409200132014
3473450631797
3378343807020
3418456823762
3394720001168
3479093184240
3606316466188
3622342511485
