5490201295
5560753443
5520706261
5520540465
5492979452
5491972531
5530023172
5491617641
5508005826
5563567194
5579592300
5470247637
5520021324
5563729482
5487373146
5464558518
5553735233
5621180367
5385717142
5527740388
5494079818
5487808254
5606052179
5592858304
5387225323
5594693887
5495557378
5588228948
5626386741
5480184840
5827803869
5776567840
5795755114
5789354075
5857489190
5766210018
5844507487
5890582010
5759791528
5827723835
5690727865
5825529859
5823919676
5771184349
5688976882
5775380372
5890716502
5898135886
5776957767
5839080835
5741293701
5842689793
5785314082
5955314712
5826416267
5724288453
5939832715
5823902220
5826255353
5700029448
