0.7697160723567179
0.7821423264265516
0.8951033947354463
0.7908688343779476
0.7318294164195415
0.7876907377100762
0.9204267671836108
1.084949205182315
0.626069324692393
1.0234513957328621
0.755894734514894
0.6341265416220003
0.6104953102419614
0.6120967352549502
0.7637427453249602
0.7346887680490324
0.7149809316110295
0.7438710130762963
0.584730484961164
0.6922239738048585
0.715150460065943
0.6200665802454772
0.7099782636366818
0.6442822670747194
0.6914973372648948
0.7069725001641859
0.6507090804272097
0.7185588611395578
0.5595317898607167
0.6408040773652924
0.6670475795913264
0.5896652611738212
0.6704607074282989
0.6386836261571586
0.7278061514203004
0.6366325282145662
0.668120089213289
0.6606586650096661
0.7227983948747595
0.7245232692109689
