59684673323
66198424561
61029610193
66286742417
64100095502
64621725565
65245188035
65188672404
62746685639
63607574885
66376925347
65077908177
61316325011
62949420255
66981392115
64363071633
61906247141
60587824032
64592733165
68372019216
62334468559
63884440509
63360718898
63595410425
62632661433
59017156995
64200383070
65948719266
60549361143
61592902902
66952440616
63129349996
64401472737
61826785467
65590701537
62636909455
65565031839
68711887208
66351425366
66525234248
61165463049
67419637672
63340816391
64345893492
64978011004
66792612260
62644815188
64567106181
63495163411
60761928571
61932482805
66273816700
58536791471
62903429426
62778226022
61473604570
62180247161
65863349091
65858869975
62993596714
66538482307
68410046151
70750737298
74565280760
71304372635
72679909024
74414411777
72024901470
70129641546
73518598355
66951899550
72259194555
67825605904
69997393720
71232074160
72234618325
71844257899
68996559384
71244545689
70503113644
71162480077
71929458987
74393264191
70892508761
67167247612
72112383729
71431254221
70432355073
70392076655
67882241088
