3189086964406
3173298516212
3180006346947
3225940200700
3209306233696
3258892925681
3191415728688
3211290997181
3160373360578
3184126697777
3191124588083
3224236470367
3192370512988
3196530255841
3195255868968
3258922701771
3238462321976
3191820595934
3179407426826
3234722632256
3213292666476
3215213125868
3161360112609
3217472916765
3159894649413
3235115732481
3205100101148
3154747906858
3221457082756
3217118088805
3148052827502
3166012546391
3192171802518
3156159309682
3195266740246
3147976485125
3162702062268
3222788669331
3216540729258
3187567956856
3218920133208
3207324908244
3166693270436
3227531912306
3238786307689
3222309331746
3172723239424
3222078007655
3238801951087
3155960428899
3189692151750
3244905261495
3137696956609
3203643257857
3265018974168
3176432363938
3164062321168
3184785412899
3167482893127
3217831104054
3131644754165
3133918033759
3171135881422
3157838954864
3142433173863
3183652190082
3175815391419
3177997342020
3194327870962
3195689344257
3138050279457
3165127712576
3181606290581
3184960452201
3156577895202
3179969995217
3183080002646
3157548318718
3193971358404
3181418336573
3160620378500
3153384209367
3162875651946
3171421811860
3234761336736
3126961101751
3186702868943
3149551287479
3200657455454
3145068872444
