15230426369849
15417952056036
15668794998801
16044893677915
15713440600872
17825161057773
18295567845949
15413689630309
15057420221242
16287175723493
14515941945550
14163134949710
14614976838735
15198587012474
14789472348856
15377419044452
14172379342341
14420728462494
15083571103937
14280363640329
15415688778741
13958898283167
15152879842532
14308414487430
14798860445233
14619316514684
15549439802818
15823710486961
14658488279565
15110596609164
14948807425581
14351749181857
13878220379265
14181137502310
14415707592464
14178680133674
14822006865371
14347183698027
14962161673144
15041462192743
