0.13573096589897451
0.12099398150499237
0.12834306343109203
0.11070929590478441
0.11978992493653745
0.0977036727547193
0.1427032008328819
0.1523740785224946
0.1369958640273448
0.08367822389577474
0.04817844340721456
0.050143695821666064
0.05071890227799335
0.05277083768196672
0.04594061967483253
0.04932540984130764
0.05169254180543973
0.06078719040400677
0.05039037760704946
0.05138434091606645
0.04987595736987417
0.04690406418755681
0.05428468989999714
0.05092084801100942
0.050175444837839867
0.04922996658073926
0.05006551610507467
0.053881838961862924
0.052877597209769304
0.05152483602213937
0.04664180357560307
0.05104497543722404
0.05032126932165689
0.03775298607122206
0.05595046393386406
0.05462018850672167
0.05157606504428287
0.043447067801358555
0.04869641123926716
0.05187702223171863
