1193873718913
1010693096900
1075805886253
1249530037125
1210564908594
1136941088085
1217197417295
1127919313746
1262714453838
1342398181343
1109453097272
1103266589690
1103669204715
1353370007598
1113003965972
1123956735024
1011829053908
1411662229669
1216255500695
1033352747679
1170447901577
1098959914110
1329545698908
1184771175865
1057196907380
1344243847058
1125488277201
1172441839568
1127303073305
1216665345847
1418846971072
1076295767583
1041584008147
1231734834300
1186638760260
1144780196463
1092032491926
1143268685826
1137048925514
1138588113792
