38104360385
38143004438
36962212266
38362296095
36972800150
38782586787
38536438645
36950498987
36576187911
37246806876
38927352082
36479388430
37332940298
37757151346
37253422247
38472859595
38008118806
37536045254
36697059849
37600909525
36866676588
36888665773
37437409911
37904743612
36510833424
37610615484
38149093664
37260511444
37035875529
37876822489
36846073000
37688404627
36316231909
36584669352
35734203919
37152654282
37143214693
37833669011
37900436791
37776993957
37669669595
37280091602
36707520924
38179650637
37933352252
37521272212
37488396559
37693572221
37991584429
35766326589
36212763103
37031087010
36940757707
37289179948
38045180359
36820090181
36905454191
37481534961
37181741924
38708686724
40099045832
39211216624
40710415883
39617853720
39917546822
41079056682
41023957627
39485783651
39431823225
41485173797
39629722582
40275113251
40173307485
41164066114
41507190562
40694331830
40329357157
40008367743
41447712654
39315999604
40632525874
40408361522
40211327108
39197506695
42011888320
40786875353
40144094844
40564492392
41124198168
40636734282
