1.4488119283295195
1.7326214688162174
1.3873248133591227
1.3536041518369792
1.6953505082498164
1.358998285950909
0.9505553322836284
1.5712447025154617
1.1563691319740412
1.2649776252154517
1.09125768007651
1.1804913936517827
1.6208152123743984
1.629405133304285
2.4473225563576246
2.2490999054333733
0.8987264289827651
2.4249030781878345
1.6323056650681529
1.6787108656713752
1.3988797748206652
1.7223789371629084
1.0867524138021607
2.443963074856407
1.7470359705743066
1.0436169708187524
1.3573487605971428
2.4495678312638467
1.09215139111413
1.6375614465972659
0.32163696645619877
1.1607334741480653
1.1556898802102318
1.1028155562202184
0.8438473061009714
0.9164178692637893
0.9042288111748373
0.8922149737561254
0.8993530112894168
0.8614808900711189
0.6225215194233475
0.791619983655139
0.9513695634367427
1.1181722402863048
1.1687399810002979
0.7621334738530143
0.9136228402860298
0.7273923899130529
0.7899444832320256
0.8087124933634334
0.5696056227211395
0.5647165344935526
0.9399773123077946
0.4105059731984425
0.6918969955827777
0.6670237384285352
0.5501277104715601
0.8688964430398677
0.48223041681876316
0.9750050075815003
1.2662981567178926
0.34186998355383513
0.07093881120228908
0.07053347962207705
0.07689433435759156
0.06459384127158124
0.06477156658111978
0.06637614319134079
0.06495016224900488
0.06423318545187297
0.0633605913828213
0.06558923996113432
0.06309647862106028
0.06518568748911834
0.07005045273412878
0.06551172153177467
0.06472907466225793
0.06374279280272999
0.06230690614551449
0.06961042163783301
0.0629683646592623
0.0646024797150199
0.06746147079321015
0.06578489322882343
0.06749951954565349
0.06364183032321773
0.06731251882384624
0.06703828290282941
0.06606799391001893
0.06589588040953465
0.06579034596538647
0.06511180351117762
0.06486029783921043
0.06337908505003373
0.06673180857274316
0.0549851510571309
0.06496508894211042
0.0539620853670217
0.058507928931068084
0.06550765351685515
0.06408061120876193
0.053018875798429184
0.0644007411864469
0.05632141784449191
0.06267118518017936
0.06427209562900511
0.055645321800419534
0.060311206636745995
0.05440651778502807
0.05637673173841527
0.05398734931175091
0.056143692582716356
0.05973348855020457
0.061555193544623875
0.06602631930588113
0.056172726731136095
0.05572617519608393
0.05882633557560789
0.06048465285995807
0.05643987308383164
0.06453484079659946
0.06570788491569589
0.058969945832862455
0.055947465019436496
0.055777824888427745
0.053127668753577925
0.04651319238524298
0.046143549770504694
0.04594431207416466
0.04455070517292458
0.05135936746839254
0.04692527938564939
0.0445101797785958
0.04284313831510186
0.05287898172326853
0.04792956506422896
0.04515454869514879
0.04324824965032396
0.04550198088088865
0.047182171545992774
0.05328910846224195
0.05902152141950023
0.045498405131218785
0.04510825936056157
0.04349737765230652
0.046332523338838194
0.04773482842373334
0.04448815279613167
0.04852787467975535
0.046091034903369806
0.04451219171854592
0.0445332603494408
0.05261630583587626
0.04633117762889308
0.047981131526150876
0.05175131964612362
0.04510124874953197
0.04592353616060486
0.040796695297548924
0.04741255891943698
0.05032954635453977
0.04517922213598438
0.04614984382939231
0.04762332580111319
0.05057084972892401
0.04517216069567375
0.05008876635097482
0.04474894399629598
0.05041352823659717
0.04470098658636083
0.04743035412965946
0.044407566669243705
0.04724387327377776
0.050150825671449656
0.0466138735254289
0.04994836678398458
0.04999142984669316
0.046869941734767016
0.04476962635359409
0.04412862186733875
0.04495004948478425
0.050051067318888066
0.05359826781478392
0.048160732414808456
0.045799504725505695
0.04735393268353837
0.05326473592228017
0.04394112717819169
0.04525506172538859
0.045858244422803146
0.05242703727017513
0.060277862207239345
0.04980723935062891
0.04294299059018964
0.0440153433166227
0.046342560296217576
0.04493507080657349
0.05076108091928894
0.0445634750172681
0.05588274902163687
0.046182743668685626
0.04191100453079216
0.044151246754796904
0.049714078143799155
0.04506565909700052
0.04697291095301476
0.05071064435959743
0.046168388230559285
0.04617079667728745
0.044895655650569695
0.047469726071810214
0.04536402959448007
0.045184648560318404
0.04839837191572371
0.04446819990825874
0.0616720420400311
0.045666925096859094
0.0474875260304906
0.048035550784889816
0.04702116894496054
0.04498445850219145
0.04730157017014532
0.04121024574351292
0.04832223481343655
0.05852261117186961
0.04539616404420394
0.054028914207301305
0.048084339296922504
0.04460405618420797
0.04986075677672881
0.047383939434125444
0.0459649788407665
0.048570460761724894
0.04610214684816985
0.05090370050915065
0.05350212241323289
0.046128085458981005
0.053004424657931
0.044482429592927045
0.05300824251833417
0.049839734722628426
0.044827480398892325
0.04551869018072953
0.053584627786998025
0.04886248362472849
0.04561815161042393
0.045244117209587806
0.04658786367138118
0.046398949554917426
0.04327437416963006
0.04929806224809458
0.05817719440340366
0.047420929563312154
0.045383020494995076
0.047007298176045126
0.04630218564642944
0.04551249177203675
0.04902410373026555
0.06175459189665176
0.0450792186170458
0.050800213401823884
0.045622787284594214
0.046261236154978104
0.04623248336471726
0.04579185748177111
0.046269986639766295
0.041595137294781204
0.051333557481159496
0.04598467757253654
0.046277328944756516
0.05050094948017087
0.045521781600486234
0.05189773205188096
0.05269649683380553
0.05115963474139595
0.0465102636981801
0.049976978910789845
0.047614115548425616
0.047221699210168125
0.056854203262953304
0.0510557204273925
0.05574854881121864
0.05486937744535526
0.05144479646573708
0.04513920681077025
0.04577481354978544
0.04700265622381592
0.044534994373309836
0.04548170817630499
0.05424262723133526
0.05319057925417744
0.04547741038636958
0.04815124971552392
0.05421373459910327
0.04638466579954602
0.04446285463940185
0.05468020103271568
0.053699554826169345
0.05344584312079806
0.051791603370762766
0.05468427737182476
0.045394093354634256
0.04357522449003248
0.046453805653310004
0.047434966595284365
0.047192883327033905
0.04545185693372858
0.04365653882892911
0.04718418488785326
0.04501494603494383
0.05192002896404768
0.04604161443875154
0.060100189338642564
0.05895434938843553
0.04737121071944052
0.05040574148833852
0.047419068443049266
0.04508924382685232
0.06127562845960393
0.046363946823433554
0.04705255379454112
0.05392392255870886
0.05493544036553634
0.05868248385966959
0.05632754909933973
0.051076386848999226
0.047186868007759696
0.05509814999535622
0.04595945408170365
0.05222576906052141
0.05790291857545617
0.048614368396003645
0.055770887920297364
0.049189837930252174
0.05335543967360534
0.06184609789862257
0.05329404442998881
0.04695139159299551
0.053112876422264456
0.07690169412832712
0.06627047155329285
0.05301250104610753
0.06715940483411194
0.07288419468655137
0.058548242198975774
0.05000226687371719
0.05024491246647427
0.07828340601471706
0.05999403282248502
0.06681478031278357
0.07459762508001973
0.05314995770637935
0.07875728858237363
0.06108431305934178
0.0758524093820302
0.06649990439185616
0.052532508951077236
0.06793099614994212
0.0590534700862256
0.04951886549685164
0.07246348116732827
0.049002234682482375
0.062272439404583775
0.05031406543314602
0.05156741997550147
0.11332122630294465
0.10291743941349672
0.08266974210432117
0.08985807018911666
0.16803897143277674
0.11022860368337888
0.15540555698047412
0.17185670135934297
0.07390047150329913
0.11139041415980265
0.05215746570974596
0.054217043054234915
0.05200438428155662
0.049054044594044784
0.04839736264574747
0.04743237081075106
0.05092103804213146
0.051648032294526226
0.05008617551302605
0.04745193691713579
0.047364999561124645
0.05623633679692807
0.05428483498734983
0.04565776698757123
0.04841726262837681
0.0480235541137339
0.050932967261686155
0.05322014689252657
0.049746630445316964
0.05498705534252777
0.04555521423077724
0.04936256714868688
0.051412130888963944
0.051193513389261765
0.049977183683903845
0.054485915197082235
0.045991622487787986
0.05412131132673596
0.05529481821152239
0.05624556555323041
0.4624163400866238
0.388257085416269
0.3380837432065647
0.2968893206381053
0.3384277692092546
0.37030583954889923
0.37636551982992644
