259654091063
261418584659
266381204925
258684879760
266435547689
261302748238
262203335698
262858810234
261529637782
263848124035
259962347516
263151252027
263629425671
261831299998
268672814570
263130274250
260688110492
264834202652
258571653565
257755301414
260984156450
258507216666
263057603938
263780679268
264564231155
265190598678
263569572820
263206628571
259907644407
259252709609
269699747394
273404905820
271324854377
270890997494
278820632246
276990598005
268884212486
276838161927
277071208084
275365693915
276801514932
272563613321
270932216786
275421868735
275212567750
269446078242
276943360289
276679627508
276637392622
272154585274
273011699888
275141983964
279289626485
274089734097
272473937993
272221261514
270842167815
274171630608
272329127988
277057159075
