2757090949783
2675798947623
2670397338844
2765938509142
2697434250849
2767956239144
2718958946313
2770144424125
2731106466424
2740254245510
2678666415409
2701306469918
2803412536996
2738312317256
2692307478823
2776782592558
2792789056991
2652636893031
2770586333726
2767686724940
2717628086245
2717215532944
2664757431653
2665122046840
2767978394251
2738943526934
2753972824092
2728195051662
2713729482145
2748843264648
2743300304367
2728114717705
2713233016013
2726320494877
2747919430955
2786791653492
2825101305426
2755993208680
2748953920369
2769562374079
2789840364524
2746222089977
2781131109207
2730660385351
2710021032621
2777741631921
2689702146364
2781565576150
2771093734281
2806195072623
2743287405544
2764415523020
2677622847568
2759326737585
2821116542960
2697088755508
2761817109356
2734327994790
2653790767449
2699697875731
2743544668520
2780434885962
2758446676577
2838491942811
2753780891130
2745221578536
2762878686058
2797361979081
2849782406890
2727374315910
2785751835794
2752408391585
2851101159629
2750140276270
2700675271726
2754351726732
2796559912304
2764154609731
2820609452483
2782510703775
2698120029744
2770768804193
2750862394928
2833920992385
2801050659119
2658144589584
2793512978855
2726832475258
2727102286204
2733049793462
