21257886028414
18507262580642
19477206002736
19683552107443
20278177574154
20270145651160
19699460869835
21043777022133
18882290649397
20634091614999
18613582355047
19584829980413
19011067203732
17995279090498
18335150153239
17899157801198
18305479426926
18960470471967
18473541577504
17384843768177
18520072131050
19119254457730
17764434450447
17962240180539
17848038754053
21261654997502
18508810595151
17760998866226
18649573900920
18349342994932
18584775908115
18472338879032
18207801507240
18526881934472
18614909769113
21310746438305
18017654431520
18783941606485
18803778348238
17709756406505
