0.1678082508025192
0.171100142975243
0.09666722275171402
0.09840376698850763
0.13808787811502626
0.13499071348681096
0.09658805505889827
0.16276017585884647
0.16073545473937972
0.09953638979263642
0.049767485847833144
0.04878279231442188
0.051068013473666726
0.04688270556613867
0.044108900959091375
0.042035613491709554
0.05191336118703451
0.04818836070560545
0.047350408040539346
0.04850848024213694
0.047231148095999036
0.05394573978533076
0.045352171112887404
0.04784206960962257
0.048759948743349234
0.046106137991007656
0.04124360318374491
0.04349471477615719
0.04858311426648325
0.05017072718968512
0.048936549485850085
0.05295039816183745
0.06601799966070451
0.05103332660113706
0.046795237183618894
0.04839597802376353
0.04878459711536087
0.04619388186752755
0.04698641917594655
0.044663100201980985
