12433551673
12367260708
12364996989
12512031289
12073540043
12361007615
12286180143
12225555043
12425994913
12478657094
12168189239
12088942898
12227254694
12092070937
12099761957
12258559112
12393091104
12285236897
12384279411
12427446601
12309244284
12102958764
11998132360
12615280667
12391950627
12138099649
12138076553
12359964892
12538036100
12584994296
12237904106
12221676724
12465203610
12191420865
12682593551
12254063257
11983130910
12303100605
12192291786
12464279950
12418924080
12333917954
12077363242
12232818106
12141630378
12344757552
12168148849
12234170320
12415023614
12319508103
12330413692
12547353542
12498809215
12403928280
12499857576
12182927074
12313619976
12225374392
12146827915
12312831420
12925160247
12957303807
13286754652
13062807871
12967804854
12869159353
13020319198
13015275086
12850035289
13044011270
13014000000
12814201453
13321640388
12860298038
13137982627
13059044012
13209639768
12821076572
12941652557
13063157256
12803679193
13248668456
13042892815
12957169923
13267036056
13028908876
12891904992
12995291797
12801605476
13334620051
