11347269592162
12371637020750
12809227598290
13455983128193
12396237308074
11348705410619
12375090620966
11767218310173
13868492955749
11252040326266
11630552395260
11636234642308
14005624165864
11932077320020
11579349221291
11114757882084
12129774410874
11936044324976
11246655104005
11225780219566
11678815595036
11984914520343
11449613810246
11421842512981
11007061361755
11695611836225
11221274030101
11504962338801
11724322209753
11355923808650
11784025450522
12171990312431
11913965582112
12342072354437
11372395409549
14084514109005
11491315699440
11492577975486
13603857710048
11577846851433
