214132165654
216076819487
212724358946
213769802213
219071724996
213116284514
213547796806
212557545270
214265876956
213981431174
212549865112
214109975175
214172665738
212252681647
213276619353
211962317236
214147121459
212987317094
213287698619
212055680585
212693511444
216932051855
212303449851
212652255971
212642469099
215719789366
214536422415
213642973806
213462097719
213029257162
213154136795
214936297590
213914142169
215967379015
214680666329
212649726438
215277948491
210887195803
213859228102
214149242536
212171215061
214321050782
211589530483
213656155898
214266600802
213720851488
212838708895
213353474697
212451385015
216176604357
214122389533
215564972293
212053643049
212170916962
213171271722
213178219789
212337519224
213290553446
214636745581
212314357918
