210627270705
211483428755
211692747074
211117096318
212566339326
210322654405
212570502107
210527929199
211609717771
210853839636
212245367899
209957211274
211030072454
211199762256
210430163845
211582195586
211362891852
210164475237
213079623282
212492054898
212171227881
211586444339
211980392403
210211954228
214799898032
212253682521
212080550362
210843688906
212567095674
212339110091
212407323107
211759206169
208864405767
209729340627
212138459365
210097794365
213038413660
214494393134
210368939505
211349667667
209546269145
209849394129
209595886889
211057819097
209496162392
210803245383
212099747591
213751471651
210705950471
213268380366
208465946212
213270586615
210922081401
213087268714
214076089072
209513482202
211277191264
210539684955
210358274560
210186744718
