0.2342208823795106
0.45664489275564546
0.39341992793841674
0.47579985108220046
0.4781982147016297
0.16665339990132141
0.2175935573805372
0.2029490500025898
0.46427025690035617
0.40012538021093236
0.05702942070231534
0.05609273765359811
0.04933883700688383
0.04871319693742731
0.05151102322909162
0.04971509663297869
0.05444949333176649
0.053480970663443
0.049736875268618926
0.05104601357688801
0.05917650531474704
0.060092957695333925
0.06096636798954669
0.05420754805146251
0.08573191356435442
0.04379656228763925
0.04636942895234749
0.06240871042631325
0.054572721700388266
0.055211445824689946
0.04220665664310544
0.05155081079417836
0.05520335549378555
0.05567051984747549
0.053878172349988526
0.07032019434152119
0.05782804061676803
0.05693944590826548
0.05191940956583591
0.055942746859916584
