15996430349
16089611897
16120003650
16110832875
16414404986
15818429697
16515777120
16296079840
16284773398
16134937537
15986486084
15970996726
15993414826
16142382437
16152773838
16303350019
16152471049
16319747131
15790537224
16125622109
15961890853
16284621453
16019746823
16094114948
16346481061
15917634895
16069105307
15915648383
16233552640
16513083437
14916061576
15480984791
15434197170
14829591491
15464891552
14889890499
14979559141
15200341060
15042570002
14881224383
15026877760
14756650999
15043255775
15696599371
15563134952
15123127203
14889566745
14862178557
15029746983
15103599059
15534560811
15000527547
15739425075
15549412023
15321898825
15229686031
14982517675
15059263649
15556883995
15186802697
