1.7518644344184837
1.8901947377721982
1.7688789553625517
1.714559903733313
1.6858419460764014
1.8299346535722831
1.8211249403827952
1.6421387773062945
1.7205666320364184
1.8784773033229971
1.7850019808740119
1.6766106814380448
1.8396278700386886
1.6858380122103216
1.8264914266530703
1.7784245785767983
1.8207990014002882
1.8320162969301588
1.8051638418263725
1.8561212640167233
1.780649656304934
1.7573011223917048
1.8252018631941263
1.7479958892805478
1.729893900706147
1.693217322283957
1.6830341528064503
1.6939142730139516
1.8750132816592844
1.7459487238010916
1.848762348169131
1.8426614512384718
1.7253094885071212
1.8163153155064675
1.7193216832231024
1.6500198701426678
1.8196945891046437
1.6852503590675572
1.7978705516024807
1.765305126254902
1.7220132989046406
1.8003661171687364
1.7103011346672758
1.6873082259821683
1.7697238757925922
1.7446404475182309
1.6960041731529645
1.7920376998050995
1.6964248021972748
1.7028402876409
1.6264742024070658
1.7220190525444257
1.6916401025369332
1.846264696370135
1.8759290365807275
1.674291400456846
1.7668894014113812
1.6398602023617612
1.701191729226179
1.7773275432424105
1.7553759971612655
1.7670127779999836
1.7711962245636605
1.7863907824739855
1.7586595343758473
1.7301834690966171
1.7893365387205484
1.773297903684299
1.7259061349436777
1.8881860376979906
1.7445949401704308
1.6879715044399564
1.8261169887393471
1.690452227886349
1.7907483337065333
1.8027666798908093
1.8948397325235309
1.702755038956397
1.782642837360247
1.9253329226844171
1.7386796870582162
1.8683645545092602
1.7644742582217943
1.7563440526513607
1.8046678183786604
1.7146303150510949
1.6904550541388563
1.8592149474117308
1.7171594015645049
1.8198503151624068
