2361983322
2377138622
2352281990
2398268548
2352004824
2361346695
2385020835
2374254178
2371852752
2380381051
2339542675
2367611257
2358915690
2346726924
2352789190
2321898556
2332793705
2362486268
2350222553
2375744725
2384065194
2352226079
2308874933
2377931790
2345276658
2382849529
2323680282
2320879651
2367063778
2385426730
2511426970
2516939048
2499200880
2503945603
2489986827
2513393553
2476803611
2494771604
2527590426
2512066785
2526289447
2538834456
2520518043
2489136923
2504152480
2496197933
2492657900
2460469186
2464909299
2518406829
2511263058
2510893137
2502079095
2463658765
2505002665
2510078425
2516207079
2516796386
2519051497
2505210840
