53.72129877097923
61.042734466864715
57.67460629989569
62.51581442956008
64.3391040195958
68.66836225991887
63.55101738886141
56.311835688542985
65.13912299717379
66.87192997438974
45.96486483960517
45.92546879672118
45.753371824558066
45.807139780765155
45.928640858023826
45.633722395173336
45.61471130983881
45.6576098115417
45.8010670472068
45.80496379423901
45.376033321837845
44.88142521371509
45.65851731061763
45.52614693765213
45.59199225565387
46.04412244786668
45.654062389315285
45.50983610642415
45.35803065709441
46.447750978027386
45.15046934524571
47.36431397944214
45.83518315624148
45.48627444381408
45.25155605189085
45.19599921917935
45.1795690887778
45.2056222850165
46.07114730730949
45.402414287478734
