1810706310311
1807142466991
1824440112754
1805667177136
1819388326968
1803915308127
1802959764039
1802738204093
1802326782520
1803329098583
1806427935312
1803679384452
1809626435208
1825466424187
1817320448066
1803189145111
1806532629552
1803162796211
1811069823619
1819086289691
1810252151999
1810322829521
1810626769429
1816084641412
1816955737802
1811069940333
1814562735707
1817241484374
1811544175291
1798954174158
1767806890988
1772908209498
1766909447564
1783385437472
1789778570402
1774116989835
1768408318282
1770990067721
1774436271498
1769253470745
1787039644000
1780753613502
1774388302448
1781022129750
1779684143375
1772958342086
1782954251137
1765912376509
1784890452777
1770655096223
1772733315771
1765349057141
1787293417862
1778914803393
1778287970997
1778245230643
1766539596366
1774424111255
1771326312796
1765820097001
