2.9840582706081205
2.964359769093497
4.9656292286874155
2.666560760707376
3.637752808988764
2.4397257385314357
4.720481286584284
5.738113407360109
5.538194625892288
3.3065153953145883
2.7976182529404694
3.2053268562335107
3.595404123697231
3.405418428639079
3.1877276948353455
2.7494313535503467
2.800090990517082
2.807667261749188
2.01992109844154
4.352224393608461
3.357719158898039
1.9023148041937186
3.061025871042543
4.400106781805309
2.281561908677069
2.9070416940779267
3.2808146118893116
3.2630632085154474
2.877407323108099
2.261204571722101
24.40673747095918
6.84102054938773
40.27839782543087
40.3708286385766
39.22795907846272
39.99540885250385
41.183819462243896
41.83838941223316
42.33577451206716
42.49718513963977
42.172628542417975
42.387319027919915
41.95608791940373
42.06499966495792
41.94038819165451
41.681526824385585
42.28734332938381
42.15798833610966
42.470601261337556
42.381027054603194
42.244335355102535
42.497060478689775
42.05901410056118
42.44303509020841
42.234960169295256
42.48591055950015
42.12945779313919
42.18040821666617
42.277350388945926
41.791252745672445
42.372449292260214
42.33310270290651
41.95933979389328
42.34705529544996
42.517480688197914
42.029137581539246
42.16707431899251
42.4530220513831
42.48636504323542
42.29527952774876
41.89615345432729
42.23557835253809
42.34387194040533
41.6980468645134
42.550302813616995
42.44533051318442
42.522634749025414
42.297094935141416
42.65970413617497
42.485031675660295
42.06244314917624
41.77618751860852
42.49673234094474
42.34391591601524
41.50386506293199
42.21638472967204
42.246885013505064
42.33911810109888
42.19925311488974
42.231399033721324
42.20279242204732
42.365727322511795
42.39945728666991
42.25338549656127
42.22621091627666
42.425138375354635
42.101441486913714
42.20979894277937
40.318801038911175
40.188889077766575
40.815615477608816
40.26024786175513
40.02845006600078
40.267338232844544
40.01859360220876
40.95489321957188
40.144711320058526
40.52482844701329
40.73999717161788
40.84218150604541
40.74897924423708
40.19837365794785
41.17553255901014
41.20944475004818
40.69424852108163
40.440274548700444
40.81594413071771
40.42300728094653
40.12835579856438
41.064778518601365
41.11484027379599
40.42638354992517
40.34511163995436
41.069745053796936
40.801257815285005
40.227419254307904
40.97725356359405
40.86790356222389
