10360314737910
10038095317287
10459590698794
10310135781105
9631331603106
10610357547749
11267391370436
10686517610489
10231607718067
10423153805610
10143663558100
10096329955060
10244069148024
10470431969801
10386942281346
10581660366678
10825610065815
10128558143208
11179188112213
10634942968316
9960812485337
10415015705290
10296629002082
10214118144119
9247035837441
10888544445357
11115548445406
10153063207074
10213732688475
10977217512120
11006398699325
11094358058377
10868941688147
10749753792775
10689663048307
10352190423045
10414579917952
10268541749447
10200351635374
10522175207072
