0.35368509441536217
0.3440525583529352
0.34159827969777967
0.3534699707430846
0.34668584089876964
0.340975962803828
0.33650347404602066
0.33597240930742395
0.3383921597957425
0.3381276877100347
0.34772531184551425
0.33745975904736847
0.3402770401848193
0.35251589108600095
0.35644576788561316
0.34925454702662345
0.3392428201517795
0.3459807274152669
0.3441597030638047
0.33559655135383215
0.34760070302321355
0.32916609939286373
0.34105827338983524
0.35766255656591267
0.3538926669806171
0.3416276136246477
0.3439608058010545
0.3469642305549663
0.35086973065036275
0.3387258107418683
2.1167237312177525
2.1057375236021256
2.085768895338447
2.136674157213294
1.5154049661517117
2.198309347443894
0.6202847539862667
2.194713990210804
2.167226680433435
2.1518283184663263
2.154642556802918
1.4453052128176407
2.069863457455512
1.4745156980782481
1.8607035207116784
2.1113399790940384
2.0366173298970414
2.1485980420803226
2.104764238909936
1.7591122966413237
2.108579386180715
2.1665555690835343
0.7632952871311189
1.0408036338679443
1.0475655642448194
1.0459213898732975
1.0504137051800038
1.0502551072199582
1.039213337961172
1.067929155964277
1.0450383071105442
1.0365439975220379
1.0320296135743277
1.03999581313106
1.034558140582559
1.0447597449346266
1.043476020037473
1.0555318181473312
1.0341936863477426
1.038795991285136
1.0267574391950922
1.0325879958933355
1.034937422865173
1.042526570791902
1.042143543693227
1.0436500826382384
1.028922362104411
1.0473075057304904
1.0439935330258436
1.0345487090125085
1.0260221920785495
1.0655708499326373
1.03231168537993
