62.85849009980113
62.14604847678853
63.1054007592469
62.99201054902611
63.131701011658414
63.382473527063055
62.722575958259384
62.907878851916976
62.94371051668972
62.27143103593268
62.5484200523954
62.80825967677038
63.01098412568861
62.559402736750535
62.899944618931904
62.2170390287533
63.03431214608898
63.04629321542288
63.37939896268752
62.947336473748315
62.874133423588106
62.860927821045095
62.881579995671814
63.02052446603591
63.12992143833185
63.21973988105174
62.74354161179247
63.20678153219465
62.769570700265994
62.93352322526897
57.95201357103015
57.60129847457276
57.66600830735119
56.676167331287274
57.256799115020286
57.83259749512136
57.87126781989389
57.3835635331592
57.343715795562424
57.89090632438864
57.76682065713567
57.407871547078315
57.56100051452642
57.85126099879001
57.949564705888655
57.98052438752536
57.26200147903483
57.905173357070794
57.733578979824294
57.895542127039725
57.36097510801731
57.75164981951669
57.796579763628706
58.16550586386834
58.02023117372441
57.71881166903604
57.837764109151166
57.73843302409807
57.70464404516087
57.31164177377062
