59054803203
58599696280
57952187339
57506008523
60480424917
59658197709
56627975449
55498820673
57533779172
52871174418
63355617358
60982864333
56930887903
57781252182
52482847527
58449321810
59244810564
56593496195
58000316021
55832363738
55731656461
59848452214
56277113179
52525144405
62747957272
59916411495
55065511835
55127813395
60509222201
55491550466
21396405094
21815393129
20805191188
18300563822
19552377956
19213631443
17792522809
31949707299
30770891891
138322545775
131920220599
130576421714
139755712612
129073614466
136658788083
134891170626
139362096499
129522160593
124833099354
146487807036
137677594612
143225617060
134527035910
134917616050
123950666501
119589287044
141102589803
130507378260
135743651082
140252653326
134997167902
129185942146
135886808077
135336486079
136215560052
138398020187
138530732609
140144711045
132173918602
140165867139
126605118086
131351533793
135454049954
135489508222
124464309438
144180017398
119549026064
122906590427
137176887028
128599493238
138236973905
120228516754
135585256404
130610262262
126023283744
133663743522
136538647505
128957631619
134696178768
130826175767
133447343339
138402703872
140238124036
131325173590
132364920624
124625269373
138465402780
122013334610
137922719165
