1.3986399493252442
1.450757500294428
1.562448868217234
1.4043511896370522
1.4416346871516754
1.4223985942345534
1.3925423505084296
1.4178224523351695
1.4350838083699682
1.404781139369972
1.4633780238072913
1.461144133397861
1.3888069130084808
1.426067762963315
1.4459974800287088
1.413198540212232
1.462997766253469
1.6091327358499263
1.411733439223126
1.5437196830095443
1.4614676173600227
1.4428816380769616
1.4627233283187733
1.6086208729697207
1.4397547330756644
1.4587731340189192
1.4306840826868754
1.452541568327967
1.4545889284865972
1.4050369141777859
1.3989089467510252
1.4446905393179932
1.4358398438597222
1.5917708138043707
1.4363794469133535
1.386395032906901
1.3824587376501183
1.4241982078077915
1.4367352926193742
1.4044923448964182
1.3937940377665885
1.415077480771586
1.410531429842014
1.4121153961642767
1.4510160901602842
1.5533136225010458
1.465326174991301
1.3854507685305253
1.4065565852358086
1.3930807441332884
1.4461117725006234
1.5504273545121516
1.4341926729762402
1.3951897110346578
1.3958154931396858
1.601736228087862
1.4091542992944726
1.4097218547323311
1.4333327163299354
1.4333429140336218
1.4598788856162215
1.508790602561613
1.4619797566358168
1.5602575828633447
1.6127263093055497
1.4633326405821163
1.4687483091123303
1.4703505406947524
1.416506198816933
1.4680097649911377
1.4667323954159988
1.4544979584707451
1.4017286709493748
1.45834350322147
1.4696436075128172
1.459862805310797
1.413351861216719
1.4731300429088106
1.4049250408928444
1.5427568469619128
1.4953382611732318
1.444677805129625
1.4846961349536547
1.4151820255752174
1.5757945362923083
1.4776601437315238
1.4272663667353702
1.463442092585828
1.4725823985868958
1.4728213667180703
