1761424170
1682117013
1701249302
1748728759
1676452450
1721149095
1676768511
1728299862
1728441611
1691811630
1683282934
1728421030
1677803875
1683008306
1702317674
1707359837
1704132192
1706655981
1667200940
1675703372
1691141316
1696885671
1700833734
1679091040
1719495580
1748869971
1712952559
1711508728
1661487277
1685169604
1679053934
1683733928
1704065310
1703742178
1725778349
1697490757
1685598379
1688119264
1674168970
1701588664
1704244189
1685067622
1676824427
1703457346
1692003858
1704339664
1680604235
1726659477
1742203546
1695241513
1695803452
1711791616
1714697073
1692591808
1700759788
1709670711
1673512547
1721387610
1673943555
1702594117
