756768626371
752852388446
764577479405
762362489012
760469165988
760323508975
759398551545
761256467129
763530501353
761505876179
754895107027
767131133479
759782022693
759970751339
771261715741
761820089051
759310204857
763329294084
762311087859
764120227099
761044232509
765537675877
755523649248
766612023136
758138104547
763567590238
758049094986
764806205193
763086343624
767877540644
747833689918
750571789842
747375902841
752803923834
749737747991
741627005059
744595310669
743582434981
742486515121
742579616643
745364574865
747723994641
748197505119
748255700113
745607924146
743568442881
742845058218
744012879695
741607548281
745913013752
742357821860
747790709699
742658851984
742228534466
741082512700
742814464648
741600897893
747566285353
749685220012
749356920844
