37364978369
39108344073
38050766443
39266326209
39613782927
39114626903
39157653025
37127257300
38515487291
39239041279
38513135063
39110094587
37272574517
37759973901
37671665669
38323137470
38649111266
39421356880
38266182742
37977034762
38608068743
37601069242
39301098267
37482011496
38082214715
37403119152
37040085537
38188978227
37106776768
37506628628
11007486920
11154585327
10732732616
11045530868
10817235965
10874089679
10785845519
11015406452
10834260868
11015488953
10685520928
10948033009
10636627977
10896210390
11179121365
10973442522
11177366439
10830314870
10581362962
11060552554
11205036863
11044312126
10716542927
10928446200
11271883642
10647522723
11389438603
11076151746
10702401325
10735446672
