2.152114257395096
3.1067530208137777
2.95978095399014
2.822626478919808
3.1125125901540174
2.873032927152231
2.8274266866513393
2.585596605020832
3.119135377934162
3.291138619914661
3.1034821284336047
3.4300248337168124
2.874846485932112
2.677484527207849
3.0146632259852013
2.956154728826763
2.7919659507182955
2.8304525829012657
3.057137419219747
2.890401665570741
2.651236077245
2.368899688362319
2.5030141333590095
3.0643562764419294
2.6605443829782454
2.787812304855964
2.915833980218551
3.2075067327088034
2.9938442563257786
2.9912369025181027
2.8080414105353455
3.0964394866232015
2.9718749896024304
2.166793933025957
3.350032256309922
3.3086612971632485
2.871754904755525
3.343705888245589
3.1885411891739075
3.131951670922845
3.1860488669199882
3.098163364597516
3.496898614479256
0.5985301864831085
3.068969620026132
0.6117933092037776
0.5880661038939494
3.623235853967123
2.939574848409969
2.8543808624549274
2.9147122565638255
2.344941069003467
2.3695742893837375
2.7151571715638654
2.5084570699430535
2.457591819031599
2.656911840058988
2.8168641460075006
2.5850279193457877
2.632744117017455
2.6526057075033407
2.385143935258354
2.6315603106595176
2.483651225620109
2.427580614535235
2.2797495894031625
2.5149264972252396
2.783071039813255
2.353752737438231
2.729220297614523
2.557890875605747
2.419932671886903
2.4833026904156874
2.653492342388022
2.6494110757952427
2.4331576732900264
2.466347038842019
2.523915830690987
2.581653367806629
2.602055697607145
2.5575604389823687
2.5237501922363763
2.635935521474324
2.8053998125837665
2.3885111340524565
2.421514600076189
2.3744155314425415
2.400706073674178
2.450969010251014
2.717600871774049
2.3408688278050698
2.5706552327595302
2.363447837399219
2.661877943962201
2.4737478406020927
2.49698688659006
2.5031816579870867
2.50516780630081
2.8173002292394607
2.717236503107679
2.600997295808297
2.333767707417415
2.4834797381915177
2.4857464855438742
2.5150324804670574
2.4700182011460154
2.655765070544344
2.3822974264071353
2.607214750608929
2.589881671277454
2.6364547112017385
