0.6340607416796776
0.6425123677589614
0.6272030016984388
0.6275959499865785
0.6331229755864691
0.6375190590884444
0.6313232407622169
0.6335570623455361
0.6359105444974233
0.6263749519883512
0.6416417572724739
0.6274753797064798
0.6276903985582527
0.6375412264718977
0.6200679089089894
0.621003643047387
0.6328009157811
0.6260060921154968
0.6326744170754339
0.6341070705035039
0.6344377155052013
0.6271762495719663
0.6365116278731331
0.6294498932788708
0.6323876017482847
0.6344446355710304
0.6292591554368054
0.6384748923222101
0.6293694294353512
0.6225583022278671
