3373113929528
3378463822589
3417785957408
3393983370796
3383346288255
3391934414628
3393004363640
3379468134793
3389966538492
3372345874914
3389618851628
3392224311323
3390402856354
3387915719918
3385534588183
3393092700541
3387734797527
3384430347057
3382457821374
3392268204288
3388533509565
3387153708502
3375483405855
3378373385713
3380095165019
3396086273291
3395495251582
3394975380574
3394763767553
3375196165623
3354247339063
3348837018184
3347029845052
3344202942407
3368361179090
3358474155981
3345700312874
3359680839082
3356554225539
3354332204059
3343655975014
3339360407342
3353186055807
3337395528040
3335423970182
3343843588607
3359713896680
3342744619862
3347752671133
3346977521739
3345101301265
3335822357562
3335662690022
3349130139156
3342552756354
3330339430685
3342672312091
3342590897946
3331689200492
3345295386324
