18304772283471
16061505114507
16411059581799
17351666901857
17337912013066
17807169274846
17496201488698
19152211260540
16262432633573
17834481286107
16080020488458
16702820689379
16088501862978
16000516214796
16505717804933
16045258358422
15850006031117
16760502907644
15895909010646
14859689319298
16058177382329
16575464671306
15930330462852
15535988402504
15119557189816
19273857025690
15765075317132
15573234115125
16212776781652
16051095567221
16148792872876
16154340119885
15761381390504
15927005266946
15948211829300
18813648309364
16072643913961
16345707387723
15948678998387
14853208337336
