393272377115
390774956273
384667658928
383817197548
383515496540
381118359506
392482734669
383863333855
383762294607
392852424655
394983153114
385205025431
383737335790
383753413825
382570938980
392561995249
385795378229
382564777400
384502866345
387228926414
384932472072
393476917577
384198274605
384210150898
384276987876
385801763814
385645396991
384975735720
393894874078
386368697875
377231159028
378636803273
386389770020
390580411594
379253903853
375709799812
378549449283
386917175728
376902760896
378496048556
377275847835
391465789014
384457360777
378977963234
375545230682
378795070575
386192702348
378459981773
385524799203
375856361550
386983341221
387503718404
381999879395
379916271532
376082542645
377961751257
381868563770
377848099512
379687074836
388044781676
