0.18209340133370733
0.08228121771443983
0.11019556126476635
0.09974981219105301
0.08929519509958242
0.2432928126236814
0.24634403257576756
0.247041066012206
0.08887945924263599
0.11846717280185161
1.0939442145229383
0.9949365661199117
0.9624820837036088
1.0465695752615392
1.0414277455233918
1.3581209409609534
0.9661216928767983
1.2100480327242233
0.9781309764959701
0.987597540612966
0.8651178844609544
0.8362146798097795
1.0258693498419573
1.0908602456803604
1.125233088757701
1.2109555501341676
1.3922513723425753
0.8710947612404922
1.4481036186218776
0.982010924830289
1.3121758067690168
0.9133984996851302
0.9747926978389609
0.9080694477862408
1.1302315964651741
0.901416627848663
0.9295655970249204
0.853212016746426
1.0269702332752784
0.8849116067666905
