1.8909097067972787
1.8385470816840888
1.8337663182048616
1.8921098655404343
1.836030193045703
1.8402749942643788
1.8241329710672887
1.8308280037126896
1.8603932254910016
1.818358313960462
1.8493815489660317
1.8513270519773746
1.849860884778266
1.8349696586221347
1.8274081550855197
1.8376297960180026
1.8432009673763854
1.8439869928966495
1.822707556232207
1.844052243774842
1.842243807921197
1.8406543088992946
1.8506356129023465
1.8388215092721398
1.8452793429286705
1.85514877523809
1.8372053890734854
1.8712621064672166
1.8345594797153804
1.8371684321163158
1.8507773356333888
1.8530044254718325
1.8597197856126995
1.8349242401308936
1.8357808638453477
1.8450927197075886
1.8383735991136727
1.855490243824324
1.8283781107982455
1.8755158580953013
1.8496185525186375
1.8290365339455197
1.8354650255082698
1.8607417104897204
1.8464994260643686
1.8497100263353123
1.8442446815535256
1.8440998935608397
1.9098299435732091
1.8240118480810874
1.8508580872202827
1.838781770351169
1.8326470140864402
1.8251976054648207
1.8140379881107793
1.8523377915644008
1.8325063761045848
1.829727063892397
1.841448111284567
1.8501537398293904
1.9987683180536495
1.9655410675075318
1.9680419564705138
1.9652222284136038
1.9669342613401035
1.9566273505556901
1.9711812225137855
2.026575887725841
1.9478396997303926
1.9780984071035517
1.9691462624818208
1.9913393458090063
2.0062836346829487
1.936686334546647
1.9827202847942291
1.940592627776009
1.9863549463706605
1.9332107891554908
1.9557278115114047
2.0547044628982314
1.9667823693673006
1.9604093463367274
1.9718860051977796
1.9496222621896782
1.972138546285856
1.9416331843669543
1.9698382915736643
1.964365739237766
1.954467943514572
1.975444749616775
