44458515295
43946952138
44659278704
45301848702
47136353348
44086433621
46790999643
44945130855
46222442265
44501943099
44193904011
44906136888
44979470488
45294347075
45839155014
45732173616
45136440212
44690928891
43499288027
44537666142
45975255925
46721095013
44379866312
44243303581
46183669830
40308024681
44500440336
43552145883
44390917821
49147467092
37347568488
39123792367
35222897350
38252064242
38850523823
35178719475
36316280870
38698121150
36423080716
35027472570
36443326851
35320533840
36759931199
38313583599
38728823912
38411111181
34998286516
36390251399
34931252443
37043501992
38424826052
36624733875
39039212145
38986315752
37157409249
35952609078
35691739065
35319295743
38559300894
38962209229
