738510397164
748587623223
736727234343
735511643651
739797856212
750222221373
734860463041
742653988122
745955460289
733273066204
746514641381
739538251881
730893605116
747324161573
728853670684
724125680649
738885905402
732533360254
741874758448
744142197156
743154215635
734754296079
742884759365
740597578299
734662257289
747999634986
733910914209
751957590791
736280210557
730212723235
771894420964
764940584262
765755960397
757871559645
757670257243
771487145158
770281886306
763156879821
760815821985
771922908802
775737455438
773501120665
761678490196
765548813474
768707906414
756507545222
769242275709
758919566076
770363065606
769545892379
763925790622
764284390071
776256903542
771658120410
766559303721
774378817287
771530072653
774491361318
767620786584
767572069993
