249552713282
250639365662
250897472159
249653840485
250035697901
249532940730
251438091565
249437172007
250486447148
249555534366
251807440668
250059438509
249810114927
250233984950
250595428123
250955633406
250516516693
250088945968
251042872333
250881646755
251965119453
250977543204
252249826330
250385680122
251674752311
251450472608
251886343444
250712874801
252261049469
250861671176
251718380110
251149588419
248048264544
250411452817
252601203095
249173931340
251292238657
253526111585
249452317407
251650146106
248409861660
249333324913
249803234194
249682267279
248432117731
250820865624
251914660776
252463486587
250874687420
252743240788
248260336881
254255966869
251832115914
254455361761
253788451820
248849754425
251365335814
250839394513
249884988951
250335876821
