1360297602420
1298560629762
1313776379114
1369834724583
1341765399559
1360417413384
1359222183945
1406167061193
1352797825414
1326113370321
1337801506699
1354084991744
1325318509610
1351819584580
1341306855429
1407446858175
1382320364685
1325806099383
1346541890898
1335943512563
1385006851460
1330059579576
1347648525900
1365792307987
1350367835421
1342789030859
1322502559426
1376628498151
1335170650686
1343990742492
1316834165654
1320519916236
1351045023806
1337017757225
1362381034797
1378853967175
1320950902212
1357887742216
1377948739423
1306048710344
1337803939395
1374614287686
1327515878776
1340545312174
1360352746630
1322627266592
1355071095249
1379536460326
1379451602600
1354171219330
1414203645742
1366916875528
1367320916143
1363337255999
1363970216017
1348656056689
1393143475115
1398628931748
1332106318743
1316291960352
1377119908664
1361656451426
1377430984696
1345843948594
1356724829086
1353705108792
1344559959382
1342126475461
1387495465328
1356483507121
1370658807188
1393074069228
1323922074703
1384499257676
1330982175632
1338607262904
1335947755787
1390257328430
1395152417054
1358405342147
1387398825111
1355904866457
1340779035410
1356237039905
1334368403145
1419959720972
1415541985301
1339023176588
1376139416509
1351364585828
