0.0030835033068377345
0.003415228958115097
0.00315082410980769
0.004876439346174243
0.0027347005904323467
0.0028357358968070334
0.0030290394841853
0.002902958078204437
0.003287769124392158
0.004457906781315431
0.0029168501108967305
0.0037139994183970244
0.003324734159193412
0.0031278888727126293
0.0029033013359875282
0.00475003593291876
0.002978433115070021
0.0027597100664348206
0.003109846448318346
0.003111997102834128
0.0031439816988365534
0.003248505676461994
0.0031242945457881804
0.004990654932707491
0.0031416237017601054
0.0031074390314036362
0.003090796494726324
0.0030207728714419244
0.0031154681202471145
0.0031180477961977697
0.003063729490120205
0.0035496588272595346
