35.153156443616965
49.14420637336348
13.286136605660772
3.79865413960735
4.731535340251802
3.630634855804472
5.1395660530980285
3.7730274244794444
3.7974686656345824
2.8392768446021446
3.708822332045175
2.9682060084944895
1.9228139500641597
4.483149437323367
5.190658861628041
2.954685644863439
5.080819621768411
2.1267219732469425
3.417576319202005
3.1779339948223586
3.7249428378681686
5.062769798460956
2.920858829725238
2.6252858252959834
2.1340573148613773
2.6471961841458804
2.7529631731752793
3.995570071831299
3.107401067694581
4.274810106398026
4.828647016711757
3.269337478635223
3.173631697596678
2.977556719548187
3.317994270077979
2.3905570640051867
3.3499610073106716
3.3014030708668907
3.1539859250814164
3.1000676951630313
3.2151613892085087
4.427751508667596
4.671177907838524
2.1685832449817037
3.0304750934856144
5.2766117075135
5.742184206694105
4.387846799543118
4.23515348503799
3.367245442722474
2.203039326738204
3.657553301530539
3.05734617450846
4.156561142848149
3.5964734525178246
2.853019235557923
3.501546676943182
4.96590076568636
2.5207714997769486
4.826031698857907
3.340031933964993
1.9279730177345147
3.048619800009829
4.743261320302251
3.5110229588194604
10.542776956086405
3.103322511667913
4.015484412847683
2.6909543227664248
3.4856775516313623
3.8894733905341203
3.1105408543327147
4.38726329832099
8.521453238747991
9.521433363311035
9.839803880383798
9.665556209443903
9.524399818702731
9.719310787408606
9.3580855185016
11.574365322132959
9.373228711162886
8.353670912029129
7.055645879716815
11.553805717199003
9.697349554098663
9.211224221377394
12.333414655212154
11.306505052241514
10.415091069842704
10.275590846023889
9.787453225607045
8.627705390761891
9.615379479411725
8.345434660763013
8.921352244930778
9.223330985491465
8.643887141280072
8.228891137150674
10.478105391624744
8.529324029961192
9.257351275092669
11.990427022251179
