1.9152960497655593
1.8831669238992883
1.8953651012515595
1.892326711049681
1.8909337685156704
1.9669958066019326
1.8972853145043675
1.8750467047117816
1.8882576843504644
1.9050291375691455
1.8892536034240328
1.9078598678970864
1.8916552459580844
1.8915232083240283
1.8869662027059406
1.905776068892875
1.8843021810867235
1.8771721671643058
1.8847631051092235
1.9058492162321476
1.8797782468182853
1.893689757663233
1.8878568479461697
1.8919831581207271
1.8860565132574378
1.9062887726336009
1.8875525755124332
1.8921994595596225
1.9109564661062208
1.8983356720789553
