1.1642018058735448
1.1115440646551236
1.121789761588122
1.0746430148523296
1.1636551087370481
1.0874918513004446
1.1511336678975301
1.123812279094367
1.1617649467953366
1.1251321788315023
1.1037793208039348
1.092472725639381
1.1502358481387687
1.0574819114399772
1.0659460875176252
1.102034389414041
1.2006836665866345
1.1822589538405799
1.170477966708252
1.2149490922498998
1.1787610338926737
1.2180188448935345
1.1459454877181416
1.1622944115689804
1.1036477827836038
1.153566201737061
1.1076670739805543
1.0524305703774786
1.1285948362472196
1.2024469655847927
1.1238990199264645
1.1108689587500846
1.1267444042077703
1.1232488212331193
0.9977519197720848
1.1812482772072805
1.1791923160647932
1.1617555917837146
1.1235470155239846
1.0794997444649912
0.9708208969920272
1.1013085445870672
1.093312263409587
1.1432084272993843
1.0847401865449726
1.0509586919560838
1.1067461583295986
1.0660894719517802
1.1652988808078946
1.1709836102861344
1.1285874954897324
1.1292102023408654
1.131929512456273
1.0170649256068762
1.1342600159694527
1.1519782173576927
1.1423223231480566
1.0958926805022269
1.116741012266791
1.1125520882199151
0.8379700883625555
1.099558724680926
1.2206624346079031
0.22024289079357603
0.2000625651349805
0.19144410952469057
0.12966443980560555
0.13214535107789735
0.13132735831066042
0.1308830771476367
0.13980151137952326
0.13442824041080198
0.12772797069008385
0.13248083864957927
0.13426674727362292
0.1328365928876219
0.12819029022604883
0.13326515567580205
0.13137504300263633
0.13151980355845969
0.12866976983191336
0.1247979093855583
0.12851225349474948
0.13142775778075771
0.13458600821732541
0.12911872357213833
0.129750774729149
0.13135146454389968
0.13314423272933276
0.13228977613923162
0.13435182677557886
0.13072102705474456
0.13235192425967432
0.12502557711197518
0.13093007124825062
0.13052080774760427
0.07722529534881958
0.06457040457714278
0.0667408928540528
0.07139883915776206
0.06665573001188012
0.06315774173755884
0.06300431371489497
0.06651192231140901
0.06533722050335113
0.06740239671295083
0.06707158750615033
0.06562984850926455
0.07238138622500132
0.06296487514304183
0.06913579586556762
0.06288409357716501
0.06354584854533755
0.0660043532348361
0.06708909764587279
0.07903133199111467
0.06349839471265924
0.06510473824631238
0.06373266822546801
0.0689083500694003
0.0636227644997116
0.07865356651549928
0.06956845238547026
0.06681193699561853
0.0630145851044688
0.06877765915440406
0.06209035217575552
0.0745771521760413
0.06230938561481084
0.0674189067642359
0.07176058265582923
0.07138263298232565
0.07321915753165774
0.0709841354573111
0.06257237979010388
0.06964529132182061
0.07601307562128379
0.07234272819998032
0.07433976596481937
0.06989873097910118
0.06395265705380972
0.068930284806612
0.0720853001613037
0.06905215137793318
0.06243175855145306
0.06946984898571566
0.0704912796203565
0.06597039153092095
0.06138357984690529
0.06325003466108313
0.06631896049296178
0.06130538305463824
0.06401474350544217
0.06381156675343984
0.06897724213933476
0.062465012164400126
0.06638779678702711
0.0619314698606849
0.06054046070123103
0.0610465301041848
0.061391220254367634
0.061685043493964684
0.06667478190085588
0.06376754613817158
0.06495053198541115
0.06591984620024142
0.06513802587275487
0.061259692956747824
0.061538040235893016
0.06374124536752103
0.06161645594225989
0.06317689470171724
0.06187909327573562
0.06632607919061279
0.06390033107130433
0.06321633822279445
0.059785795703593145
0.06467131472879013
0.06491789548483573
0.060049836075582216
0.061486228492994406
0.06306733304447212
0.06138580923200848
0.06377826877627667
0.059038185591219525
0.062369598320151924
0.06738012981237422
0.0903726693611852
0.06490375687338937
0.06341937016746317
0.06367054389284177
0.061247906696309286
0.06220076677504368
0.06365423223702463
0.08955637552458608
0.061796561967841133
0.06817819492748088
0.060686386846229616
0.06496809285317258
0.07047320856831159
0.06962587787320046
0.06274362204131383
0.06903854405379765
0.06188536524649881
0.067763514660398
0.07404742260687497
0.06136570388028475
0.06134741980931221
0.0646105546076431
0.06383363500078565
0.0737184240576506
0.06094773052070289
0.06711454380643653
0.06003224090116642
0.06177525139931405
0.06355086634846187
0.06326141814001487
0.0648325815667219
0.0628034472644136
0.07091245420051814
0.07653952654164632
0.07001927898454109
0.06978208569082354
0.0646670386939413
0.059294948754070854
0.05996540932902858
0.06296497479286339
0.07200224771532121
0.07209498092369229
0.07180138187635367
0.065926268707193
0.0646719358115797
0.07085091126191981
0.06477083927995304
0.0704612483821883
0.06764297735973361
0.07010535217410918
0.07105273919442415
0.07170212639237665
0.07226569934428051
0.07290359412373867
0.06381911854343185
0.07155319706024228
0.06796733127405291
0.09118418111406507
0.0617406625649463
0.06522784048349556
0.06968633800795626
0.07155874226461967
0.07321951563364948
0.0696633057604235
0.07194371082649703
0.07319953538305804
0.06829713149275299
0.08818085739506921
0.0739411094370418
0.06775943826267238
0.0661335228072211
0.06605267482091592
0.0654816275785796
0.07356269921051964
0.06708259276077164
0.07218558643405602
0.06467911514334598
0.06658303048930003
0.06548795852431619
0.07337464352708262
0.06858654304995664
0.06691066829235671
0.06330167604551126
0.06331301368196862
0.07265861358647098
0.0651025380366238
0.06873765422557615
0.06730281336175531
0.07021882231700853
0.09266570793101418
0.06582024965083245
0.07239154198719472
0.07041658340344122
0.06688081596189074
0.06736254577869265
0.07296779309526517
0.06361789405264807
0.08999573759310323
0.07636657921061453
0.07343652659023328
0.06498720017989812
0.07317623922508897
0.06137843107828443
0.06468546974488144
0.06309451361658891
0.06827549613243832
0.06904023842334478
0.06784033195298798
0.06927268042258836
0.06375536844030927
0.06323151050914799
0.06484219318714732
0.06791826186057451
0.06691969385263387
0.0753956020700353
0.07333438279205222
0.06537632192940618
0.06760869949540683
0.06581036659085036
0.06441041115236135
0.0670299054521359
0.07423169379593592
0.07418577889196944
0.0627043253865818
0.06499250226845975
0.09091096396188637
0.07176021920448958
0.07300386444787879
0.06231890891785229
0.0654995981916524
0.06478472249459499
0.07021570787533579
0.0676101808174469
0.09306026606066906
0.05828465849114512
0.0668948429661112
0.07394635945689382
0.07302558105243562
0.07279536164210768
0.061589740189620816
0.07371803870491107
0.06248095089400401
0.06837071184270331
0.07217330639382799
0.06716468995888294
0.0675838635186283
0.068538464859132
0.07050203832755637
0.07254953918084486
0.07839802976474741
0.07538895409406726
0.10269615582333744
0.08114099981134809
0.08093462671225718
0.0787343272647048
0.08349688866680262
0.07203422043260357
0.07504030723081014
0.08258044447034356
0.08250712885094307
0.10380381988740413
0.07711144534939242
0.08074473571402511
0.07953874835722091
0.08429522278113208
0.08152922182235044
0.07619452340778189
0.0796083803193892
0.0776567713266476
0.08444375719571588
0.0767063157673446
0.07725939788270239
0.08031028928274987
0.07784924666538985
0.07925257069295788
0.0760081236510141
0.08019868360439124
0.07697385480490786
0.07741692861332344
0.38785390316883
0.624670365545744
0.22878915720353926
0.6296206907605386
0.7512671779931629
0.5135061536357445
0.6978358969344043
0.4165250186180666
0.6836587468938876
0.6469764700253616
0.07786971019090527
0.07759154056134035
0.07570726202617101
0.08785126914094565
0.08493880420842988
0.08378516245387678
0.07765496762618633
0.07980665698332047
0.07263149225046701
0.07820398509548451
0.06722644800293293
0.0804163058162931
0.1427788586375774
0.07026989145038105
0.07338042351966542
0.08107165483583166
0.08490868827594776
0.08056601323650767
0.07532740055828833
0.0816266508174896
0.07890206304339356
0.07447132959977462
0.09025830161590631
0.07757132438709868
0.07391009389496843
0.07591069806387758
0.07475157706114709
0.07539496913315538
0.07422865771861345
0.08446422913067625
0.6788334285491714
0.7745492946751886
0.8845745821181441
0.6521750739315313
