0.31945012620476515
0.3354418454166808
0.37373438064524944
0.4238730538847079
0.4366236062767639
0.38799801268385414
0.29282092446035135
0.29159997772145285
0.3766624419202234
0.5465104788215355
1.036431770114069
0.9696612547071002
1.2158130034520727
0.9898241034700642
1.678898024812244
0.9911626752492022
1.0661451277159306
1.07870572575097
0.9709831136841086
1.1003532374591671
1.1891169373656612
0.9437568333571775
1.097718203030709
1.1777236877929345
1.0472499543135734
1.059396126285302
1.2287624556503451
0.9831075622242922
0.9690397267788543
0.9429728272017088
1.1061397737264274
1.0986430175883277
1.0507015654900735
1.5235617087133426
1.1379098580384879
1.0204008907928792
1.1480222350187923
1.7804821995564122
0.9628889699607176
1.003954584739691
