90.95385032387135
91.88802355221661
94.75803571026191
93.90070395217981
93.19743783132367
94.42355343854119
89.403542733665
93.51880912775889
91.0047646126949
92.65480351559175
91.92034514498923
89.71427116387409
91.70762601874368
93.48662665579154
91.1148154772845
93.62105086171339
90.9046482502609
92.93066434129999
94.03691784305909
91.02411485200648
90.81973502398203
90.35570587625185
92.44262751067453
87.82918240538677
90.20435134260096
92.05714925889372
91.17897599197248
91.70488369481531
93.53306668520408
94.29023548161344
94.84219579171757
92.40262077665798
91.11854957569517
94.40192449209496
89.99729511808523
91.28327840816367
92.54692853354473
93.46119655803986
93.94141377266119
91.24131929679969
