39.167383430707964
39.73469852444994
41.481768158193354
39.998054234346746
42.81571788097692
43.04217424922358
42.19122120330583
41.84904710557128
40.849421039872496
39.445913267316755
35.91649800056286
36.08372087993904
35.76880436001021
37.56811893520136
37.83780700817311
36.549152018459296
35.668495238838005
36.96848296595919
35.42640458096256
36.18763741411613
35.060724060115554
36.356567083822036
38.14296396064874
37.38382357712775
35.18636442046002
34.39799167920755
34.78853224885131
37.444726927365
36.56281347745045
36.62442437041728
37.08901836816276
37.11017077393537
36.38256190207903
35.480455285265315
34.485749198563674
33.079470185513074
37.47239296145927
36.77041861571638
35.39353909966736
34.70750138292982
