0.614765960749445
0.6016344765409248
0.6089894881655149
0.6182229392034383
0.62446528974375
0.6140568979253838
0.6208606173263528
0.6343444972621657
0.616848941233365
0.6116463606638599
0.6202602236955262
0.62464560358154
0.6160515643489581
0.6273496888644965
0.6228962225744196
0.6345314513824435
0.6320114439788022
0.6087372496387666
0.6235027345190677
0.6167312692361084
0.6308079057935195
0.6176971380106933
0.6258462311022256
0.6207442847496519
0.6190873894422603
0.6251373204337706
0.6153674647695307
0.6254329156377669
0.6164644713116654
0.6087566327904627
0.609613511639485
0.6097846116104714
0.6132497456521007
0.6202672735508463
0.6116647212592137
0.627314200760238
0.6155701300439815
0.6195492959414591
0.6307564461817472
0.6034872160833036
0.6189036196277788
0.6256325206151977
0.6173692158606108
0.6197956484658742
0.6180394469982996
0.608264040039935
0.6266023723110469
0.6275755042602679
0.6226438607385997
0.6189461194540787
0.6386806371038531
0.625684002129774
0.6231075669852562
0.6196336400883529
0.6154791356043505
0.6232494082072079
0.6298548018422925
0.6379837199164883
0.617589330936452
0.6078440882905563
0.6344865707907313
0.629840645036161
0.6332390655363844
0.6203407659521755
0.6262126870272148
0.6276253818986937
0.6197393071408229
0.6190666738392908
0.6325186860881347
0.6243696636596747
0.6314843217551849
0.6430419922163089
0.6112552124343498
0.6396199418612262
0.6147814055661575
0.6196112319103562
0.6191874202470016
0.6444667746072612
0.6400024670643272
0.6244325254867824
0.6399675531808638
0.6188845079530634
0.6175882516699758
0.6261211141275365
0.6126169134964307
0.6434387722561048
0.6505908677957359
0.6197323115967507
0.6321201291407392
0.6258629710354983
