52.57266529246175
48.714835082342404
53.99997525427419
48.76792676073557
51.02530258785573
49.94417250516823
48.836354754479785
49.26350438919118
51.485496886421444
50.33808512097623
48.27611971250832
50.49549994542383
52.89732664699213
50.60170279244139
47.944754814685744
50.9014044976103
51.976122351131494
53.54112779799921
49.58066788131089
48.2132585361555
52.03696663636137
51.325361297295416
51.280054462932554
49.71295545184777
51.07116177430473
54.45704790849694
50.236301262929516
49.58376002437166
53.69829096992691
52.17582238027051
