10838438959861
11129600482333
11654116699295
10661741469186
10906286001012
11206178161543
11547618520734
10870791507952
11288866769922
11679153198996
10034338333207
10645208699948
11106583222073
10414867995887
10725071172582
10701322639938
10550641116714
10675632530690
11739947093224
11943694453709
11938988818460
10609755976137
10494354709027
10755185001106
10759327890353
10728593605467
11031512647176
10636622163604
9735007011404
11099294582155
10456276652934
9951000392200
11962049669777
10420028375295
10126234871107
10191166855436
10595281327412
10540179271812
10743787381598
12051151997269
