3381806834
3405205037
3283038977
3431761640
3265233763
3265711111
3202329924
3439865331
3188064071
3375705402
3430233873
3263710415
3219702556
3328860382
3340348921
3234257306
3205106295
3346249474
3241937352
3372296033
3280803466
3282836680
3250148903
3245004647
3332206247
3298086332
3302577932
3330304272
3522204760
3260176753
30834
30346
30641
29805
29497
29535
29996
29988
29609
29845
29535
29438
29278
29518
28986
29557
29217
29334
29263
29824
29133
28744
29317
29202
30658
30244
29891
29134
28843
29830
29418
30005
30252
29166
28675
29935
29220
29769
1277291508
1228463647
1248159807
1282049925
1243490991
1261425164
1289789107
1254189450
1234136297
1211832581
1198345968
1226212176
1231695695
1267128596
1224415363
1244980230
1219641184
1238056484
1262663589
1221156107
1222842706
1271279617
1268513699
1197135192
1202091923
1247144403
1216978520
1241811969
1224076988
1247152474
