0.33955410770545047
0.340219376661773
0.3453098033941466
0.3464282774901767
0.3354118271204596
0.3392624512971116
0.33283952250160254
0.3459880936224308
0.3346906974630436
0.34320739841415315
0.3380298080510969
0.3363622813732295
0.3347611678926418
0.3309797798730316
0.339986185088982
0.33300999898062184
0.34231961893325685
0.3386035281360734
0.34359815657697573
0.3279173800137717
0.3480855037424076
0.34013576137561974
0.3328018824646374
0.3308119843844481
0.3397265248875792
0.342031304592774
0.33166757026218974
0.3291729438843992
0.34048764401928056
0.33760890101576824
