4461351567
4623466494
4361658279
4435726529
4257178630
4690109668
4671441616
4345678271
4375104583
4676342690
4511514997
4263668392
4602250372
4282029860
4636490643
4708059291
4741762523
4589008697
4585987116
4670054668
4653475609
4415908960
4651800026
4467702571
4404580784
4295408534
4223634712
4388384663
4692150700
4386130820
4586561087
4603845718
4390541879
4584037898
4410898845
4273815323
4549231773
4290580637
4667741696
4338098646
4343765526
4649786050
4283601290
4270059984
4551357272
4320172477
4361120049
4655508905
4407865603
4334438903
4355895606
4438755249
4359886411
4719886124
4776592500
4269533362
4657372863
4339787766
4265577992
4401130324
4530480047
4525526528
4571372617
4522545120
4474952319
4397420389
4510348411
4474059595
4500868338
4844447775
4489229777
4454065234
4536481952
4414216132
4497364304
4529995017
4726939862
4474710952
4703068838
4917456825
4523716151
4762146755
4448040695
4490157690
4542731032
4580803312
4528402598
4672876437
4456019252
4618075767
