0.7630640568380876
0.7704420583418568
0.7689062584724377
0.7694692952483362
0.7722588093378585
0.7672892171787048
0.7627643880566535
0.7735835971576435
0.7713248717119305
0.7661428674931748
0.7653305077737902
0.7689743848768036
0.7720461027936073
0.7754396724548343
0.7677571124820305
0.7654321591309202
0.7725154715808165
0.7702462926565401
0.77543922608906
0.7669208856306312
0.7737164648862481
0.7612337916604568
0.7697890025877318
0.7707140037665142
0.7733380340060724
0.7672863798369353
0.7688660494949252
0.7691593991475911
0.7596577959251937
0.7652702292096054
