68855411119
66203074636
66029464015
65628958500
69140336389
67935857722
69649232646
67928794526
66970813789
65668042523
68401307020
68046861915
67781681883
69321674255
65329284755
64360406318
66398751728
69084258638
64947692097
70557833283
65478366798
67474235566
69028738650
69431521999
66221686965
67443000760
70079132833
65519393782
68656184439
67355382804
4331857345
4382537764
4530745913
4366057205
4373347994
4261084597
4556993951
4351645277
4358641584
4356952834
4429514434
4397563500
4387829894
4351082029
4362844360
4335586890
4575150163
4379224146
4348252708
4331208960
4547753047
4458719934
4515713222
4423520443
4632128538
4273376499
4309606680
4375999488
4357719677
4489238851
