254663059501
244602653981
246577543691
258709335226
252525371071
256299297838
256514065148
264635262930
254282775310
248943262808
252745657727
254302828868
250172898930
254000077646
253846833078
264732018873
260422074010
250489512822
254048248128
251602886004
261335832825
251289258496
254864961504
255589992997
254615660660
253683238263
250953595027
259067695037
250246264701
251217619407
248088192165
249847616604
254478509986
252381172964
256548782467
259015991282
249999741728
254596037551
259626127801
245742142901
252249243880
258268915731
250458893067
253069351423
257178949454
247625376515
257140879606
259788558327
259832654963
254541716828
267812154632
257764584105
257731322665
255645148460
254625436616
255005392779
263591646386
264643764130
250740579014
247626293799
258091716779
256111703568
258095210096
253166617538
254452452651
254159195689
252068200330
252301634469
260782915529
256566232261
257322182567
263870878287
248422307003
261126345908
251144408142
251280161073
249463834902
262792406989
263825637948
255408130566
260181112408
254883167394
252088726955
255653650731
251721174708
267159822837
267880686145
251335997675
259499452872
253761297208
