0.34234317945592696
0.3412228888260406
0.3490051330811823
0.3432980949311115
0.33976968051395307
0.3419256276375634
0.3380803954048958
0.3413036436857919
0.3438835525058418
0.34141933494966326
0.34809466306211007
0.34808180033930897
0.3478452358109644
0.3318409599486041
0.3408584832484389
0.33948309654109216
0.3379233171626069
0.3472182740540187
0.34292346083796477
0.3421272749938129
0.33956312181328907
0.3444912475081201
0.34272218607783034
0.34404721746092737
0.34134366144758177
0.3400912666866579
0.34784822272754967
0.3498569915529577
0.34028405095521685
0.3452688950316312
