0.12207529089440525
0.2824121110304754
0.20395156344182835
0.2741697612122472
0.21722150097862963
0.323483122811331
0.24872827054612792
0.3078413306659756
0.27228041286195775
0.19995184144462455
1.4692103215029333
0.8827898234200271
1.1302057633121108
1.004134539562813
1.055582467463494
1.136616155408008
1.1159326623765917
0.9727023952374998
0.8888934930182413
1.3937038055180433
0.9251671871484637
1.0458213795613347
1.1223556014908005
0.9859151364613254
1.0338497311945662
1.404303791804179
0.9880133824535139
0.8837547242710572
0.9503199164617613
1.1372859856811786
1.3276370361704424
1.202756390421433
1.0212983710686054
1.2478220666770385
1.0446986348120846
1.1571289237667084
0.9882139174644804
1.0098870246624234
1.0973001396321538
1.0811483687374188
