4555912
<not counted>
<not counted>
1491144
<not counted>
3036806
954230
<not counted>
<not counted>
1485009
<not counted>
<not counted>
<not counted>
<not counted>
<not counted>
1682928
<not counted>
4166558
3656744
<not counted>
<not counted>
1589625
<not counted>
<not counted>
2753143
1285220
633075
5118181
<not counted>
3962227
<not counted>
<not counted>
432559864848
412523677602
364055881022
404962652894
1176544968929
1263290840773
5914398136516
5874731745752
6338679469326
6085948906067
6320380442203
5797090729955
6112546151517
5855574067328
6655792468433
6306234640029
6114845946766
6268208055010
6008792750467
6332450234287
6070703955461
6380177473568
5979259807070
6292986318812
6226233274410
5744155097461
6221154945130
6182710319245
6245084539029
6244889831699
5979579387840
5917085038564
6408262282522
5879404364505
6071352941060
6404533954277
6145687165161
6875745097120
6386879966533
6017060773617
6426742064864
6035787388308
5888714223853
6148307483087
6015627204052
6292999421192
6353902283128
6536133401933
6235930092954
5617468655271
5801158157123
6650768124700
6939767315358
5913532318127
6313008605605
5500910479796
6506179298258
6160227379462
6460730370978
6255310383664
5830900664801
5752309450182
5929449167347
6092260664051
6124756890107
5888748432936
18379326441957
21979596899942
21500359662541
20028849620680
18919496763526
18532401816420
21752649648575
19942084162851
21671491366119
20107217416886
20909441722141
22409147858670
18382542051404
19947962529757
22123404363811
21729091105740
21812064327803
21659755446936
21811740455007
20735664907418
19483607537855
22231984357138
20291434014299
19544878841623
20378220065995
20339717985428
21385008577986
19175645094047
21318176006735
20202302081635
