175733423367
168541833740
258362644381
213624558579
213665566134
241182403181
99576215070
232644995253
115257771951
200247836458
173805622640
164182016903
172425032832
237063454093
166164222802
248163887848
162603743808
232605314592
235031093040
179145249672
164433155595
149072541511
213622167961
135780227563
158774054381
210241838377
165778250499
176631341380
247273241079
258704451231
255805243529
222158753785
180666616822
269884402534
147671014369
191756042578
209354167042
226938031413
242513419965
169712366729
