7982253795421
8003026845150
8014939101629
8106459226599
8061422963280
7951147822233
8155057538300
8095080954860
8210141441397
7957719788908
7964810203554
7942628296627
8050193609383
8045801825420
7936063441330
8145585796409
8150012298238
8055535935610
7780472061121
7829254066269
8118560934217
8137832426326
7873740851100
7836703212805
8027260940531
7892734389390
7960533350585
7926095744497
7883439729650
8205931467259
5961883663751
6185243363349
5620023840137
6133161365577
6300519725544
5600899446093
5827749558075
6197605365801
5857231014724
5579252707296
5789551517813
5633692593245
5752946763423
6051804732389
6175300896324
6087745231856
5640541202647
5751846758457
5652477087513
5896926467967
6113730896936
5850468713497
6157127351715
6272391674942
5912952354995
5718100317075
5770312509814
5592250715577
6047409647162
6252515466111
