0.4163671344280749
0.3990244305571529
0.3255453872248371
0.41944720905542043
0.40995195105338844
0.411161874204954
0.36622326831668955
0.3053585469406365
0.4733289935405489
0.3352856996090985
0.6376558986723625
0.737751626053073
0.729679388435381
0.7352222763339248
0.6707782544246556
0.6809674288106083
0.6261158587804082
0.6232242839574784
0.7247088661897555
0.698044313148795
0.6859939713466242
0.6346231822263301
0.9002963457764576
0.6618720122230668
0.6643525026373133
0.6976742863329689
0.6914551114094235
0.7399664094756927
0.739758328017451
0.6854541689727828
0.7135711263738181
0.7415671086136914
0.7498182801282135
0.7415455190121117
0.6833766490018162
0.7592816379849975
0.6755065225954834
0.6830506789293579
0.579156877937402
0.7545116895758398
