1519940608966
1469455325320
1499672639312
1486677149040
1514300164239
1512762567187
1501444437784
1532600885125
1461399655514
1482168388613
1504121228349
1495663303351
1479919739314
1490687472793
1499892199566
1454497107436
1485729650809
1525414517326
1467779549208
1501138055249
1506449039287
1494737299542
1492008432373
1507453373351
1476646532119
1505325598270
1515398689043
1456850944185
1520944177315
1487780370590
664402429820
669939681204
676883798967
669406749000
671111712485
660488051832
688471450621
675246197907
673637246662
669159071120
672682858091
672225121652
666061006330
665449484018
673173594468
668437523992
691236586947
670984140073
670114413331
659559916863
690790799358
683135807527
682363299649
675695267609
702396505236
660447082229
667173265470
665042033305
670466414656
667962286814
