25942357
47047063
1063936350
1075328285
1038082663
1099104259
1106198613
925752047
955291007
1049089543
1090320744
1070760134
973147192
985863612
1097079637
1090500138
1033245438
1051107983
1024308217
1057015241
969815856
1001120335
968997467
980074427
999029499
962597147
972032698
998955939
1102907229
990922191
1081722381
1035869517
29788057
23060853
774703010
774901578
793547068
741668996
762418644
758917540
696603815
862441900
898548006
2923945887
741102839
2763662294
2780575805
222282349
862424495
877878335
907138402
1175241868
1244029231
1170448469
1256278316
1284815410
1171935499
1181856585
1257871829
1217252793
1207789574
1226536365
1281714731
1207413167
1242618687
1221327047
1320574303
1219400327
1237417262
1237172230
1239528814
1200284566
1212530476
1266360184
1178395609
1292709871
1208758863
1121313297
1264609694
1212377434
1300722515
1255063409
1323534571
1197527923
1244827664
1203367378
1211055751
1274123679
1231475455
1160234079
1240574462
1257830311
1203712360
1317020656
1291489745
1187262459
1230678554
1179701774
1182297713
1281744593
1268569442
1253927780
1240669198
1164129423
1139787148
1232821858
1200297305
1243183385
1308768850
1226349084
1148221246
