8300949122169
8364532277745
8347397599052
8451581610914
8491205162676
8276529297694
8575660765499
8414200437135
8575804311517
8290225447014
8292279343376
8310526100691
8385340396399
8412734044186
8339991062864
8515095495417
8486712018371
8368865716148
8111021721788
8211358216576
8490513510722
8527509587992
8223602826572
8199012648262
8431031919933
8236842674586
8310293587753
8199946809566
8221531287880
8699637835219
6359766249635
6609487864486
6005978551934
6528836190015
6681572136022
5988309452609
6203517573705
6578376429986
6228751212012
5978045884823
6189865744251
6010248114100
6178973001127
6483285061469
6588274886434
6496972441723
6015327446560
6157391880790
6014374611679
6293784819950
6525345834325
6239256486229
6582293697302
6671973995968
6319018014548
6109551330818
6143503819821
5990077391841
6476972713458
6652817326209
