<not counted>
1217287
<not counted>
<not counted>
<not counted>
<not counted>
<not counted>
<not counted>
<not counted>
<not counted>
<not counted>
<not counted>
1371713
1277945
<not counted>
1324923
<not counted>
<not counted>
<not counted>
2795388
<not counted>
685210
<not counted>
<not counted>
823735
<not counted>
<not counted>
<not counted>
<not counted>
<not counted>
1162559409
697410321
660584560
653386544
580555047
709131045
611597705
876774282
688299504
625119333
1106609214
685212998
547443739
827034175
760030980
927191411
757210340
690282364
772596053
731441495
1421233307
1557277722
713231068
1738049362
730031116
718494881
1135776918
790815738
1982377651
672037978
258754604
46805185885
1068756945764
1035852102397
913565106039
8303621105109
7821650235030
8009258830646
7711279593296
8244826591303
8631781021786
8363764288469
8625130092370
7709539254925
7353179511623
8047204427948
8007684668192
7619722610501
8443442299439
7896968476581
8012264298774
8346544551132
8473669431968
8486431588915
7544315007814
7701451949298
7751544172838
7967292434702
7893081964154
7476051789365
8410129553998
8408282923711
8176030977281
8281958698233
7965971397486
18081654605791
18014035100866
16687108237085
18606086204747
15918897080133
17037300203470
18301971187830
16211790728628
17798106132919
17815462006631
16128092942731
18356017979463
18047982761765
18400816598180
17653524050470
18294967282770
18262704722678
16251766891740
16675024615945
17612102882055
18210159039532
17883650020364
17547152530131
17260098880070
17776953717478
16462402433202
18049365540630
17896024993971
18029846969762
17945809255628
21073350943866
17737696377857
20721377925070
19458366707341
20940943931409
18599430871637
20425765105136
21299376576593
18115374943839
17293423195986
17966010434323
22545139886879
20043863755724
18100813308713
19330112243596
19808513845008
18623563981318
18849811741499
20847686277575
21415683560085
18102817873757
21125898980628
22581498267379
20421134164399
21370520727799
20655148383780
21629871041006
18568552186691
17897364034320
21365739773599
18622358527552
20151362671662
22390407784946
20238014005945
21013670654161
19616304583003
20885401790082
21233740900784
21449970947544
21788063162810
22211653774314
18383533843014
18563520906630
21516940304247
20681562357807
19713107250076
20525548147626
19834603884802
20032696799885
20891220139372
20241335002620
19443132831545
20171942212577
18785930058806
21058960546442
21890147657683
17477263597913
18139245833902
20009234052363
21786742701851
21090811568550
21171977588172
21069302289199
20204075015038
17944849324643
20859986038592
17803252895984
21079856978898
19048185327452
19337845152806
20869455709405
18915967466172
21672117449967
22139164698113
19906929982879
20369454652080
19918437036252
22048809562938
18109868305435
22043435282671
20723193094635
20339058634502
20712249449647
18363796920960
23172983702799
19902327585794
21107326388782
17650940085308
18751009618013
21786344371430
19017061247875
17673025348442
20834938792502
19523266660646
19627714508472
20181451649027
20065811956231
21453818545068
20757770260834
19371437138468
20829550469480
19249331614227
18405264477071
21112013724305
21811073254326
20076165036031
20988057593887
20817968628291
20549180134082
20372269310669
18517003411489
18133790701346
18234012266411
20921987215848
19843607323042
20733001091069
17887890389456
22521044170982
19876311257019
19829684571763
20843702438264
18782436695447
20195760526040
21639272903157
21670305171009
20460251472612
19107663276347
21928968078331
21135485498085
21132383833225
22304251828428
20746424191994
19675713339544
19437085618009
21702756077581
20883937013647
20262571317971
20132419793397
20358457718361
20907189582655
20545966113476
20534848175869
18047286555438
20002134271182
20584504078647
17893092430988
18269377469131
19667953744215
18291305633063
21032240415074
19654178768955
20215768205101
19499838415990
20211450741678
17609613807391
18432520336177
20479032527514
17946983510716
18403832833001
21106317115977
19538671613946
18774439688316
20769183371642
20415317420335
19963586611532
21383982992051
21211604508196
21206599360833
21742423076348
18826871800600
21529091491506
17543077353412
21305617241736
20241005407498
19171612181196
18072690343759
20893749121071
19435969709485
19704478193019
20962510011242
19746105622682
19937855737113
21611364986844
19514901738931
19946126411448
18958033471224
21441815774694
19125084191292
17764956357381
20611933129773
21961550351229
18557524335940
20399315887550
19350994035149
19498854802667
19095553829993
18299459285198
19268678898376
19028064126970
19394271067869
18846381136734
18303194788892
17168222013115
18134912503609
20434716740720
19117742344370
18975209053365
19999691132882
21914157921174
20888951546557
24459613753832
18744646417115
21925216730429
18541402274242
37735096240224
26601715958116
18483860588228
28394561373795
33417692301569
20129046705770
19056486935556
18894777605981
50953314348150
22843927850003
28202879920462
28117128681383
18446562765545
42481068103537
19476706382452
33591500928079
17976182511877
18820064674140
19505818939345
30132659371196
18675040772658
30737678930383
19292266277515
31913165170618
20522050107466
18980167059124
