20444202072039
20562288197923
19477708557487
19117795159144
20621422604542
18676556092251
18500014375826
20526907397994
20179530429881
20623253975872
18878355804310
18613458699601
18675241566012
17438541926959
18797255456235
17795451216936
17387873727532
18266138624167
18107379551827
17933081609180
17809475009885
17845882130012
17997125800883
18120430914817
17772623438280
17147725561421
17538727873107
18638452486449
17320850465624
17591978564291
17434129369078
18198878329598
18702847365086
19330617127042
18376473325277
17440141232853
17429740627726
18872632092479
17973935266915
17217331410971
