0.5860575819759799
0.5817274156416018
0.5783169726876589
0.575958835278982
0.5887278365718756
0.5888825185383002
0.5817331246542086
0.5821683968724876
0.5910125452344828
0.5799962125618349
0.5819009377105682
0.5827908185777753
0.5883404160315328
0.5804477825490747
0.5862175909436979
0.583844667085697
0.5777413194421918
0.5829179441128481
0.588969710397701
0.5865087837599665
0.5865366084506173
0.585246468867507
0.5845289126120417
0.5825485055315855
0.5798402364501242
0.5883256389192645
0.5826979038158178
0.5807725132946984
0.579899182849075
0.59070237361149
