626366546301
559469166592
561858522825
610055043503
545465641196
527979834588
711317531890
586417126038
573525534910
483058610043
546600169076
563731304940
596894269303
578219998146
587702988500
588474557308
610740442665
603590910964
582496912804
586883155382
610342459900
596378764945
597937254094
613816446389
612998645427
552397035132
610773506246
588631557377
542136620196
532603215110
594752988162
511259498496
577410177086
635315975158
547977995436
582665721106
539868836046
562349443082
576605012528
579257138340
