2748689785406
2745393481416
2764374703884
2772496990861
2784153200523
2816713380964
2757441166307
2755985125642
2722926108913
2741637013088
2762660476838
2785516750152
2746599424071
2752988414840
2775620529408
2794099443516
2783065494251
2776308111477
2731005056054
2769956156343
2786747593244
2785398692628
2730907680239
2791319885267
2710518092970
2784881517102
2774545227918
2733161394944
2791688837596
2769136843442
2702763043050
2741168365158
2757982792729
2732582735469
2762168768860
2703498195806
2726420280651
2776427832987
2772645164204
2733120231652
2771685297162
2756483265854
2713621027604
2778737076963
2801887788645
2760938243196
2740262383140
2773817423426
2781025400853
2699021580225
2754309649123
2788360456664
2724051261548
2740932464236
2787940762784
2755680198135
2717449734603
2739746684011
2749395717404
2797744700376
2703274644661
2699385906514
2736236223158
2699093928626
2701221890187
2748082511702
2740306455081
2733846489211
2721039833159
2755803121815
2705334750396
2726436030861
2715642203455
2747772083086
2723808349361
2745505248737
2726228700546
2719450799342
2731719824100
2727256206853
2730865573838
2718548196356
2721776136852
2708096695717
2768337748097
2699393148845
2728979547430
2711016267480
2769073122770
2717025262143
