387319996401
379227082208
343798099683
387019063449
372584087832
342712953601
496849017993
353251095254
495883296888
427596316678
388195031496
379676887069
366152756432
337281387555
369162907323
314165957485
382727796814
343669534991
336095927154
363959203064
374404968708
379424435196
367321348166
396819592175
368939646764
345960637459
368123989861
364659748367
320148273478
324416004422
333132549325
341283779604
364435287355
300091924528
393589035683
356258338613
350050439677
357538857931
330512114132
371294303940
