514185697840
513586564915
505064088436
503689153978
504494425629
499839817227
514196895690
504414183621
502270169496
515667529425
516647301258
505360061019
501197849449
503036685676
501985090964
513796411643
505745762765
503275112807
503334200503
506562290312
506089393849
513345873480
503230749559
504326442569
505714264628
507098844127
504474636385
506244252710
514888160394
506591380631
494881819654
495535618146
504977087592
509731134288
494763805541
491863217390
494345250773
504316758974
493859425637
494084670129
494020943187
511323120146
500307316838
494451690334
491026317439
495760226973
502356669023
495099482773
501936307466
492800650623
504791889310
503436441738
499181318071
494831494867
490056463633
492738414280
499234112331
492879775059
498624941220
508239130250
