31408009308
33625009386
33110332071
33939469286
33114091399
32782312609
33966329554
33743972808
33084074968
32725713670
33807993873
33809457178
32210709816
32922383690
33832912060
33052225233
32194940476
31703252763
33044037776
34714883691
32758469852
33348911729
32823140895
32921474588
32731683588
31652469342
33178851807
33853866438
31821775930
31811400790
33972734188
33228472301
33100783086
32436124045
33978869080
32730243443
33614230189
34609517259
34086014411
34340835714
32388769759
34336277371
33052126567
33443756993
33150001462
34729495606
32715699564
33641591735
33269870111
32298737072
32804394472
33758411114
31225887790
32865729781
32766495527
31859364423
32433014443
33855076754
33909193639
32805517053
