18744426
16932214
17699597
16059141
17222874
16779066
17855300
15572298
17530051
16750857
16911830
16101373
15701091
18901831
16186792
17007361
17966602
17316567
17276572
17456595
17261403
17157499
16620498
16730027
15903731
17046695
17244730
17972618
17415074
17904668
16943756
17419837
16475250
16599839
18082189
18082265
17901872
17314584
16557263
16312818
16605220
17294592
17858866
17891289
16717449
16756788
17924307
16350542
16934835
17570726
18846758
18587042
18061302
17417163
17888380
18905004
17876340
15583938
16317482
17268195
23410832
13222926
51656672
643598530
707090281
681664200
5852542116
5864109713
5880828081
5696116649
5902233339
5739994806
5984376919
5685208988
5589393413
5859983703
5926348879
5749142369
5667841800
5630114930
5979101511
5944045767
5774754647
5443133530
5684269698
5930612069
5896247147
5716137549
5661703501
5789966264
5790029262
5722545976
5858922994
5688522634
5770030495
5613412169
