63.86651133159492
64.99358943411714
64.64058883412316
60.99143443493351
63.85968018634646
63.94325132579341
68.28882839830153
65.27803226171531
60.321803313606594
62.82084486705782
51.91399320635376
53.65909265977703
52.48072997728289
55.536762641862694
54.276005502617785
53.21607066019107
52.9848862152075
53.510240211930274
53.97016802470078
53.168606376768444
53.4185627905018
53.755776992854564
51.69322012693728
52.088669488550984
53.22082873622317
52.8096010714948
54.66574934910462
53.072983817542074
54.35880880148359
52.80019052054664
55.02521140151637
55.3157140486745
52.76565814895996
52.55245174869597
52.49961935669959
53.93556366860316
53.214340832610006
52.61030279216462
53.996586355619655
54.910692896934336
