2.520100645212035
2.1008582914853133
2.0346113306667655
2.3919929639997304
2.0993296186362334
2.2421744692071393
2.4162176988652293
2.229895814548724
1.4877732046183254
2.165628318282564
1.8980503878988393
2.073596051097706
2.122977099786256
2.514378492089328
2.4374072968440377
2.3182932298841004
2.130864285599583
2.155936376423345
2.098838740689477
2.031318409075663
2.049615412004127
2.29218070610464
2.0758024052845627
2.100113221080205
2.4529712302953737
2.1616220831818023
2.095523733889394
2.4550430318269463
2.7456668434491336
2.112458694784828
1.9922980402931514
2.225754289782795
