792137192887
786695318998
788695095175
786484065945
790224647086
787253186876
792682261863
788634990216
799967552612
793651760862
777100653113
776944966642
780940116307
773812625009
802521531995
791131871307
793299209118
793854934916
792198625004
806502488388
773776560840
776892068037
819099129755
799192357754
799444795673
786832270030
788260187505
757941397142
784648896946
792888615427
787138379023
786149700261
797588968359
796458608166
787940517259
779490729620
806364998902
800421194841
813488459349
784403477954
788291418505
788500022579
777538500980
797348614698
792259498968
803189099079
800268658610
801858715866
788342355542
803162293704
807285469421
763643543207
797848263431
816930562106
791157866450
800045670781
786711571040
804298587106
802808347741
777878205723
