0.9613841406269129
0.9705096057389998
0.9443160371698328
0.945167545646528
0.9820934746170963
0.953037535885937
0.9405977429083786
0.9467500501401046
0.9454289896583756
0.9696964179519736
0.9399755880798965
1.003258558731024
0.9244439544651654
0.9408710409182331
0.9772483159865192
0.9408656370196365
0.9621267785929005
0.9834684153449869
0.9371902405159792
0.9495583492423758
0.9401187039164492
0.9386716724787778
0.9899435980047916
0.9517738773329069
0.9298282577202172
0.9901263513847905
0.950244214466622
0.9781505558304666
0.9607136893990055
0.9470398731764813
0.9274615339363788
0.9466139537935788
0.946702465015453
0.9411742638144905
0.9612094106156398
0.9533208812135635
0.9863399415161667
0.945208993913374
0.9365334518591807
0.9841045242081264
0.9431868728190103
1.0185348587796217
0.960647061357491
0.9443519578502845
0.9628880259592312
0.9793779013295855
0.9748924399080916
0.9298962980895326
0.9409509503472723
0.9991029329914857
0.9639329470308003
0.934716312774263
0.9432038264362452
0.9471380846009293
0.9493131748345834
0.9413485132701427
0.9448364358449843
0.948850287360016
0.9273483272170768
0.9419392248248599
0.933834930145152
0.948690430376596
0.9286680562272056
1.005494615938572
1.017994226839693
0.9475945572782879
0.9451625758602373
0.9192223706443905
0.9594016965763481
0.9990050723824613
0.9219159256902413
0.9771794328613257
0.9712263860043076
0.922584595977044
0.9328297550186777
0.9614347027820235
0.9585704558972341
0.9452213810755867
0.9721747930951015
0.9436940326747429
0.9646411449126457
0.9509264384313083
0.9915983686799604
0.9585651782575504
0.9273261598756573
0.9478389683362209
0.9631220412553093
0.993185747569073
0.9447809531947926
0.964925390779103
