2760888027882
2771270289829
2806808379568
2788421453029
2770319811197
2770979657317
2776277286523
2779055577827
2769448589320
2771061548382
2785414683672
2775416593858
2777601100925
2785880506114
2764860244859
2787557949007
2790430049528
2779563768801
2770570233375
2784320424728
2769761501680
2772826791267
2774572293693
2772794322578
2780647670258
2787266061527
2787036931172
2784250231093
2787964527741
2764364283636
2745694456815
2752735796218
2743125908406
2742261314840
2758102003135
2747664892032
2735652628293
2750777085264
2747278065383
2750898656304
2742081883211
2730995552492
2746823758144
2740161120176
2734118103659
2717118744478
2759766550422
2744355063058
2738245568517
2736574248280
2724125995893
2729659503135
2738767457284
2741741772159
2725251132639
2723519050323
2747787182998
2737247064487
2739915592386
2740057469842
