12409428158
12374755697
12581770900
12621055119
12318172026
12347871699
12363102095
12456327010
12220677033
12470941708
12462487904
12391476281
12514264447
12597937206
12317672783
12487008092
12508593880
12583645480
12375136509
12432662173
12368502928
12253792711
12746902612
12240893481
12115853759
12524700231
12321669719
12376799309
12432376498
12484995145
10567114324
10478102847
10736441491
10490861625
10391013881
10489771679
10505514753
10511645659
10601975868
10463509299
10429200832
10599770991
10763820208
10656089104
10465425406
10666631286
10972086908
10948807510
11053916461
10491556051
10436003869
10552954818
10542609694
10577609814
10881805723
11035250879
10398744642
10669683051
10821738414
10658068356
