41.50409549888543
46.39135945673926
40.05920617134004
41.90268974584199
41.054536302827564
44.5686884583884
40.451826452935016
40.76181872507442
44.62967628826449
41.070301382903565
35.94978241403484
38.94576647962641
36.35345232266284
37.929445668281595
38.16537030713518
38.841192324346714
37.046205314205544
35.192521087694864
39.54344401857446
37.92745784831716
37.161760324873846
38.21590882485372
34.81004694222241
34.70991671527746
37.28930504994183
36.49495279883725
36.742460129374635
36.90604924111509
37.71762388832434
37.33519024851365
38.97295950158316
35.864240838514014
32.96419705524444
33.5578840257813
37.17920415915611
37.22576337628816
36.53263482457814
37.075012477165394
36.41055288814999
36.64997413014019
