5381917536332
5431221158183
5399949944878
5365047792836
5430908094129
5396051453169
5391464858996
5405838288804
5412944706583
5397139754684
5386416940919
5402367204685
5422163199648
5424270541548
5415127577089
5393703032524
5391953103682
5387473057359
5432100624890
5465918840376
5391511082425
5424880226053
5409740587624
5414414957126
5387201075726
5367734234988
5424018956110
5395291417590
5409889753048
5424496682351
5325620828260
5337960123304
5334860858670
5318964233248
5330246378599
5323715215482
5354087135304
5317859875411
5338326697131
5343144178095
5339782945828
5363133168307
5291656001994
5326045696423
5342255873931
5284869329494
5344959436484
5344043943962
5311195141163
5328748701697
5280936125866
5316115126935
5326371773019
5340604681256
5310198193008
5335755869735
5352301314064
5300879419624
5303123883961
5309969284702
