67023319194
66584426476
67173212923
67116473679
67732727261
68625560226
66815407893
66191436688
67471447075
67592644685
66701243229
67191270781
67496229773
66150991977
67017822320
66733028716
67152286475
67345490672
65850312702
66728091287
67801782364
66351630786
66119592787
66685186636
65835537111
67090934003
66603782437
66320474544
67700259416
66485853398
69037776384
65128334184
68494850186
68094182416
69119961377
67899926857
70245033768
70053598449
68721239922
70481123406
67854347521
68888769141
68301644098
69089733478
68040709204
69565459557
70047386011
70545740207
68944660708
68929846281
68512177746
69544227413
69670592033
68758765824
69110083877
68582494047
70244468949
69102048133
68870508707
65907896555
