6672634031
6587442130
6541678564
6361899709
6550534756
6436818176
6541196923
6460819978
6423177096
6472401559
6373916486
6606065625
6529919732
6499162379
6412642640
6480776619
6432253875
6313969989
6561532724
6361479252
6440430417
6515172456
6470202113
6315848588
6335513721
6432075676
6544925790
6542166309
6525637654
6408400178
2628416018
2870094999
2751245555
2698616769
2683467250
2915982010
2795196071
2649144830
2787035880
2774166846
2706016191
2678592349
2877116267
2621436675
2655714011
2690927903
2673270070
2623079133
2846076452
2836027837
2870765472
2700944411
2650887441
2642378622
2820635994
2963340098
2825973101
2656114716
2650987281
2686495361
