0.013285566307447299
0.013597793800499395
0.013655213315236258
0.013348202835973289
0.013646303203670874
0.014507001451949055
0.013349546758893396
0.013503273307657545
0.014361288606450629
0.01354064630258256
0.014349033822838402
0.013612937992605222
0.013614699493486364
0.013362291400632472
0.013349778090259222
0.013449929117052397
0.013554896209888175
0.013566552092112591
0.013609945447132048
0.01433493104352302
0.013667639965334377
0.013464194168849041
0.013605181039902202
0.013609248194783641
0.013395679310679516
0.013583206930916468
0.013530493316668332
0.013331531928556305
0.013207967638667809
0.01350031207821463
0.01363433748720095
0.013515198674117568
