245159519063
237582949764
328929519439
306930321333
311506374056
319495101067
177463711030
319359337728
198369785478
280572236504
257463565920
239348440940
246804614342
321632005117
257586129829
328753280826
234770817853
319793242169
318563040427
246589511713
243617391911
219695670475
310221118170
212798076084
228375922928
307887157912
233636571804
243167492893
323157564157
337265265102
334635443866
313384877713
260111026676
343548012956
212230668084
276002006880
286601654502
326974324631
318978551641
241321580020
