1540200519981
1121155155541
1307705464092
1471984910184
1124058279112
1472691106557
1168871500330
1198961298500
1272490094945
1514514853755
674488760387
636575400298
598921871589
639695574858
674401223917
877953701052
653243107049
618918790852
720078729974
691759136174
742935447311
649046532556
736899401141
658645083463
772901206919
641144367543
641653605627
741452341356
750199591156
752630365570
769155344780
598211439461
714114915688
707604454895
732226218679
601526465823
616125989524
786672024079
525341459547
681616464686
