<not counted>
<not counted>
<not counted>
<not counted>
<not counted>
<not counted>
<not counted>
<not counted>
<not counted>
<not counted>
<not counted>
<not counted>
<not counted>
<not counted>
<not counted>
<not counted>
<not counted>
<not counted>
<not counted>
<not counted>
<not counted>
<not counted>
<not counted>
<not counted>
<not counted>
<not counted>
<not counted>
<not counted>
<not counted>
<not counted>
<not counted>
<not counted>
1640177899
1575335755
1415345701
1592697381
4183442589
4545851616
20064069779
19203052931
21215018184
20544586450
20787688814
19546259154
19972212311
19038938651
21826231523
21264441690
19702647997
20403854599
19615317613
20119065857
20586664473
20617575264
19646478260
20687518517
19955600133
19392514633
20745445635
20411238082
19962187136
20978939227
19651152004
19657180956
21354901549
19571789013
20399089914
21175138968
20040641391
22919377344
20801883526
20444180111
20678101302
19124112061
19124966391
20187049630
19229927007
20975061141
20653560511
21064235493
21047098035
18527998366
19036180287
21335917585
22104956909
19881904764
21371119697
17801688022
21423122974
20193819725
21304167561
21022893651
19801136538
19598469292
19721236473
20552605181
19931518160
19505336662
37517558437
45855563550
44867104400
40125890415
34315495656
37633489250
45559344812
41578900079
44715753387
41075885251
45040306101
45460102432
36989356700
40739284066
42159198473
46119776143
39929350187
45097345499
46377759004
41643185165
35783300537
45196734682
42217280611
33271487615
43363401686
42317639880
45053690617
39303041425
44919434217
44987441591
42744915387
49548635689
40106913498
42847765106
36905550237
41496624509
38650363059
41808064080
41699982089
39896444086
36580563969
45702620677
47127218878
47244097610
47187270860
39027913729
39484616382
42271270281
38881243893
43390549028
43366148335
39738348828
44866380714
38249390224
43791644772
36013661878
35262551606
42144411322
45175780706
45160460931
45732961596
43781069111
109688425963
99622457592
40234571408
56585133883
81349627338
63256228055
64295893895
40690470498
84251748012
37535351657
90886896318
45653545229
49251211306
37382154877
97889796243
51625966502
68564395928
99735946792
109465898371
92582924770
65073035376
99012693572
68660860219
63720945274
107702714563
80419065781
62968043127
72039067181
