907311893215
897284113445
907519008692
911109416026
888828963767
894228534354
909284104748
896940544325
899430085918
912589302662
901118702314
901426823448
898668319968
885978431863
910079644035
908308607906
900770953223
897542704426
907898405968
908150335786
899637391276
908299666082
906621604521
913620189186
908046184275
908898271002
905476707901
911435329708
894074868268
901367196088
896010071477
905222284813
921159578685
910355249695
900380816020
898860876909
921039344659
905331589643
901586502084
895789171460
891558679820
920605570675
902882872885
913588729823
887804546268
908313679703
917218494946
913661663564
893388188336
898034384100
912440767688
902803767096
919555955280
903942756174
905225752998
914917024897
905771796230
912132236165
913187920388
915198346778
892761705925
895861586895
893172511463
897869714744
897571123356
885714686065
891007006720
897346686021
894502334655
884236988203
902316039373
895189099606
898142727401
909097056814
898804895873
895317713836
889241439279
889853982744
891293845910
887732819006
899413270777
884091854221
895926508756
898115180089
894702662733
879355576874
890986632697
887980103691
881388047659
911137256253
