1.9913150111518487
1.9349780648528965
1.955248575530151
1.9208578431764427
1.9711183705608561
1.9751338815708692
1.9555621116692556
1.9265277056297117
1.9689485711884107
1.9171218704077917
1.9382222089984025
1.948721926919526
1.9472181183733455
1.9243294332462226
1.9492153324750123
1.9335450302932458
1.9135345969130437
1.9183135883657336
1.9207293471806917
1.9791865385652387
1.9631886091652513
1.9482092517133454
1.9445116796199517
1.9113805888829998
1.942562694300741
1.9726286973581082
1.9845888683027693
1.9122080490672002
1.9388128446362773
1.9509562076308864
