3229034758
3189879170
3223446321
3221454710
3158900590
3141983980
3196588246
3230106288
3204665439
3202745552
3226929344
3105573877
3226040359
3157816828
3261687433
3126393691
3251854963
3142915857
3169297983
3209088431
3240986714
3181958918
3165606952
3129569950
3220368872
3183306064
3181651761
3121991497
3185194531
3227287000
3191598500
3144766887
3184629969
3182921192
3165469041
3144847106
3191501099
3126908858
3208602056
3131770008
3145162548
3145689963
3182375801
3229366742
3148021087
3175025128
3129645710
3188967724
3172440971
3242388876
3170712544
3180941751
3241305365
3196991386
3178381807
3085151759
3221704571
3160545618
3145803908
3158708159
