1.6946548999175188
1.6419768667285006
0.9003162223383865
1.7119055011289528
1.3833086260779728
1.6633856748075728
1.6396346189993733
1.1111174487956748
0.8958896638213555
1.7270834254288903
1.6857232206694746
2.4076895569734513
0.939286848608519
1.3613300417225345
2.274877130493763
2.4444796524984884
1.6451404867192205
1.6760223043752673
0.9035688722274251
1.6613574660906538
1.3964782803975795
0.9158333180678478
1.6976912652257252
1.7174013918396904
1.6889047109026976
1.6773875427130132
2.4355668099238277
1.6824856590173973
1.1818624303773424
1.113703090618059
0.11029901360919152
0.10444585409400674
0.12185182562558035
0.11678459522707679
0.0798248888016889
0.07670882205793551
0.0740826628465831
0.07882568673123208
0.08019406885212932
0.07450981863567802
0.07851606269289937
0.07999554578611907
0.07271669309220052
0.08127602661619315
0.1090742806177855
0.07989707794415353
0.0698068331380328
0.07098758648616099
0.07430061939983545
0.0714796242870274
0.07929321499987751
0.07482503677655382
0.07705103847989205
0.07743916636002966
0.0773089167430888
0.08056668319008088
0.07740083901852002
0.08013012362242655
0.07650320617461784
0.07771957223340961
0.07675181564270994
0.07890516154123534
0.07804511004328539
0.07408650365640047
0.07376466976472786
0.07671130972986684
0.07296977724260065
0.07455918119030085
0.07783119194757811
0.07848547085874617
0.0751463185670578
0.07418843583450604
0.07105088390468589
0.0774803974003902
0.07219968657527245
0.07442193251763676
0.07470970541258942
0.07246852608561558
0.08011040821058896
0.08030927521357117
0.07753642161519228
0.07749007902441626
0.1092850068177532
0.08165472152886419
0.07878679213780881
0.07845856412721514
0.07874059823495773
0.07892755695416125
0.07912281427742067
0.0786325511844724
0.07971592090383156
0.07895933214376609
0.07348151563941718
0.07312827493166695
0.07801146737431117
0.07478694123068211
