944397442882
948176993891
957850743315
957403931560
951817116853
961309514935
955586306243
957990170315
960692448731
953670262845
946407733808
963411684413
952807858791
956549963073
961069629004
953559772895
953489561529
959362273250
961438456610
962860444921
957731845339
962327514962
949451191759
966437717601
949321750645
963768494950
952855516599
960905596531
961252598299
961328450077
944176078112
948644186410
941151361252
951710946407
946542401247
936558899528
939595104485
936006959195
941111959161
943300748969
950897574498
947104798460
944529846003
936435956481
941922565459
941123074487
943001663249
935349375005
940910916700
942844063688
938124424752
944831897253
942646361355
941834905775
937176547629
944149629971
929583562475
948950917767
947894930723
944366826563
