4305791227717
4271999392465
4292931629820
4312754670339
4503654453973
4266112214328
4491370820595
4461188444236
4405571103824
4364111578299
4295423170899
4269401711905
4296787306740
4401815603975
4399046806186
4332092893184
4420885288104
4319691026150
4274313433743
4399345381344
4417285969718
4499567258747
4333583729740
4270665310235
4454784226299
4106838715779
4344517421715
4288459633245
4325327718396
4573829473385
2527004016800
2618393420631
2520602893958
2556263200220
2615956716976
2418861736111
2483747889284
2599217379314
2499324667436
2494795826074
2542632135585
2470374728281
2505105371257
2614605831397
2613212519359
2594719766107
2475703153141
2495263867297
2472037257593
2516276129272
2591748305469
2515869152681
2635632837971
2622698339864
2545250731486
2527133782742
2494144371436
2480769197588
2627692888864
2600050839597
