2.7396101775300394
0.3815742168530734
0.37781951959500054
0.4367820491944659
0.7018331304262997
0.31691298853032446
0.3969235255060309
0.37497833436748296
0.38256534312002516
0.469448622912441
0.3539115392815638
0.44315751659208336
0.33284918600015834
0.4697214160228667
0.4578984015453153
0.47649012900229615
0.4461054679912657
0.5248345504208721
0.4629513917959198
0.4404358614914058
0.458196443030764
0.5205196975727238
0.6353962447123886
0.4581384478270111
0.4658877455816264
0.43828117225634566
0.5224997211888368
0.4228518449917491
0.4388235420433543
0.554041066173557
0.5304522860659389
0.25372544207833203
0.47209330787231574
0.40244050764970585
0.3307987653001061
0.5215668227995104
0.29820528758442444
0.5733244255579927
0.42489750041858776
0.4031979803017921
0.45865672119548606
