0.9613865977002672
0.9953169003876563
1.4049341019751143
1.3517958044470066
1.351754635362248
1.4311122953600932
1.4029999288480821
1.3603480205223
1.3383187642653305
1.3597498205109741
1.3972656972144297
1.2601537218568513
1.2914139659822446
1.3683547383759955
1.3703752318501021
1.4239610216021008
1.4046347161897654
1.4109147366639105
1.3907813720991231
1.3491737626211386
1.358398512701376
1.3585916540238712
1.3163114979881267
1.3789928827816162
1.396450920993471
1.3614169104833367
1.3669266099929294
1.350891626644014
1.3588649606343173
1.3433247386939202
1.4001108904727297
1.3069219846780031
0.8633179208192702
0.9594817733357879
1.3547795307064225
1.3251246092706837
1.418669591231959
1.3737168713637828
1.2873081090069332
1.3798311639875038
1.3224829528526973
1.3461586574687243
1.328834965747859
1.8463324437989974
1.3532272222777617
1.8531618011312938
1.8453351395715656
1.1271137175881176
1.3602849109396413
1.390574600825795
1.371172215994978
1.4441543597505675
1.4584593739738136
1.3772082598631081
1.4185656011989871
1.4290140839034668
1.4276867352352465
1.4275676404403255
1.4412928020859508
1.4860454690565397
1.4059847478276537
1.408486357570403
1.4006605241678225
1.418986315614988
1.4624977585630707
1.4586179477567804
1.447645540564151
1.449021640399837
1.472581156123201
1.409189056818818
1.4434606605073108
1.4202239515843065
1.4444644526968062
1.3861952733331664
1.4082564792421532
1.4799354141327647
1.4369268616425943
1.4763484146886738
1.4189940452772023
1.4607251791051596
1.4237170711838416
1.4004338793557647
1.445502258550828
1.428433934379408
1.3981997368689845
1.3994254227802039
1.4019498692359251
1.4187469176543688
1.3780702177518946
1.4081769738276806
1.4663303178147962
1.4126350886477332
1.450273740261721
1.411253573663375
1.4376135636960492
1.4438878461193492
1.441568132697133
1.3961686656578567
1.3778616926813558
1.40817943237111
1.402907246068215
1.4111298462451187
1.422496612936662
1.3705890457120098
1.3590690497688325
1.4308364447423716
1.3878603333210986
1.4541042974517495
1.4268618331068672
1.3895519227340445
1.343061047709767
1.909845065800468
1.9290822744096048
1.9204300330586794
1.9237148052236686
1.923448484383213
1.9032777207166587
1.9197528459196422
1.9203647232432919
1.8991560513395542
1.8972315676704994
1.9297784784332108
1.9283025360571013
1.9085479307850477
1.9245672491492969
1.9062557353404164
1.9158498487974185
1.9264783505498382
1.9212107476966245
1.918805001051286
1.9489633645313649
1.9102231959710332
1.925330894225939
1.9063891603930936
1.9214583205313256
1.9197403110281113
1.9011250282975276
1.9368299551426427
1.917021125401827
1.915816019704554
1.9129347537941204
1.914643467106919
1.921088111764538
1.9108650006742087
1.9323121307042983
1.9332957536590105
1.9200800795213344
1.9117734377916877
1.94176114330207
1.9078387241471484
1.9058850147685715
1.9122117904576477
1.9141946945611645
1.9102207526568893
1.9077314022951986
1.9268317560560524
1.9233208581031016
1.9137984689339833
1.907793386792655
1.9152578457322256
1.91078990309429
1.9108537643238233
1.9207576168534408
1.9209743653537992
1.9037727988704414
1.9122143178849047
1.9143834329618878
1.9073569940827935
1.9493835645691708
1.9234350507977713
1.9205824177562367
