1459033330489
1407790536940
1451682915733
1589961450758
1470693648349
1501091786534
1326440400132
1402909391087
1583042134660
1431766111813
1630464086211
1654013802921
1604802759528
1596981560950
1640858410195
1623878463241
1632444251074
1601932306239
1654073406465
1602902163650
1648234627404
1659395702353
1639741787800
1640739124055
1637931793811
1624565932110
1614134030281
1722503184096
1623361486392
1617198554153
1582316352177
1591580093730
1559959548488
1608227584379
1598851546225
1644765093490
1618635654938
1632366892041
1633541422201
1621733136475
