1.9543898690931187
1.9308687127311885
1.8900028530352768
1.969637489671037
1.9079262257745784
1.8832492105455383
1.8783474753354488
1.9855604542321166
1.8855675742437696
1.9346945328239231
1.938333916289093
1.9030185399685775
1.872232583285654
1.9455523758752389
1.929189447788993
1.9104771433868142
1.9331178427919575
1.941503561309196
1.8868286700855337
1.954715897061022
1.9073546018603444
1.911612068268374
1.8973755579046383
1.8615579886096998
1.9313366481079823
1.9079746369763884
1.8926502970947963
1.907709786648421
1.9557345946471312
1.9110186513090346
