7.103088823884334
7.028976197307818
6.961494413614075
7.204084162389438
7.045961107439512
6.93388030089504
6.845257623327838
6.642055674956368
6.832443232137166
6.782545133291307
6.845366738120447
6.843979280142603
6.868530217837226
7.191935210974148
7.302211876875574
7.064447602393923
6.945162202020172
7.067981954245372
6.782007268696775
6.741212689706479
6.944946624545091
6.677629145353853
6.8570941910210115
7.484759643326755
7.1394559454627355
6.986138966075813
6.959410595605367
7.081736857934688
7.1664153422266095
6.8532360747275245
