24624054604
23791977081
23776023722
23502139832
24711627914
24381821544
24864480038
24405237246
23980130649
23612330153
24407940239
24337932486
24334919297
24795204911
23515747938
23164572291
23844147656
24716014643
23319103778
25171430969
23574341383
24136025294
24731384439
24833373968
23840385116
24214061267
24965852263
23683109768
24529475908
24046644332
2609346505
2594257718
2717648446
2630253485
2661450038
2571356120
2715710115
2582163383
2636235722
2635968231
2674317318
2674073616
2592744960
2590322978
2636029720
2592886743
2735505062
2608454996
2588309422
2597790439
2727920506
2661889286
2719415052
2651264754
2761477074
2582335473
2560804266
2620526747
2598247772
2686769892
