467756373327
465329116639
467583510357
460210342006
472453315367
473834064907
467224202146
465811868069
475137968432
462321676496
468576106238
469769559211
474049635881
464414637951
470421442472
469147327982
462538287217
468855008496
472807936404
472840763635
471560824224
468058008509
468902622212
467004159150
463955650349
474825935566
469692689768
464580319310
463763860511
473523163695
475677842378
467843369067
473174241441
476399396414
474849860600
477556329687
474671449801
477070833032
477904948373
464252155938
471968522270
475011662263
480041421826
468524616496
464436136983
479950399886
472384472011
474201031805
470012712239
478146235584
481154999182
470731161063
472877935182
475010658530
478977253669
470009147892
469467808294
474616369671
467434325639
469633790177
