12790893061
12632547316
12503837444
12407922616
13345138509
12478297397
12880166709
13413856967
12520600151
12676223531
12626531007
12107175723
12590860763
12799498030
12917563276
12515021793
13155837509
12805415666
12684330822
13141687448
12851427952
13303583298
12676276828
12255263948
12920172266
12045573230
12680848184
12869991879
12947851829
12779498571
8350946401
8529529000
8324651231
8498526600
8514334543
8114211260
8247095450
8735332234
8137142417
8293930485
8361473885
8376106186
8241854916
8454897360
8509689602
8612463864
8164561574
8208731788
8053975858
8346835247
8547165308
8232597630
8563043168
8521316787
8330155148
8431002330
8197948397
8149833684
8527981551
8562554763
