1.6656748105365997
1.6737210876205308
1.6777158810191812
1.6615022182682335
1.6440737130057788
1.6459260270957459
1.669110326746711
1.6624032020738544
1.6568029358513652
1.6562084783293458
1.6872999385275071
1.6604724289802981
1.6635348874688618
1.6717852657213526
1.6655076207495605
1.6750418983036406
1.6833723888476129
1.6871406692005875
1.6679750800433792
1.6588520166703025
1.6506477794221426
1.6773145570294319
1.6785478285919075
1.66702420144367
1.6782895811073866
1.6778108409545553
1.690339546503855
1.6831023732489052
1.6667457816761642
1.6956595341437146
