247387244
365262906
6926450426
6720076610
7220356063
7254976526
6994382333
6228112780
6286442035
7001495807
7316545972
7129037969
6124200492
6495838792
7546316472
7163455746
7081868799
7153752418
7185867493
7175870826
6581651013
6317509468
6017177736
6726334101
6773857838
6545058005
6261040259
6751104307
7084799317
6755773148
6859362619
6665791934
221393256
259309214
5162707505
4959876276
5638778101
5182003604
4782752461
5111593796
4823510471
5844989046
5753505453
98685138124
5113442778
98251005033
98033608326
1355507738
6182416712
6300539983
6247142002
9227189543
9421730532
8558129499
8798434993
9321603627
8637787206
8891279446
9292052725
9433020495
8617003390
8819912907
9129290008
9076790506
8885992325
9255787290
9533777555
8961896593
9218969911
9267621427
9309653244
8478846966
9121720641
9040270798
8998451656
9345528361
9023329984
8545645638
8988353136
8963544637
8951651984
8969080930
9471929523
9034072355
9031675476
8460601515
9108209443
9154410893
8766345373
8438774185
9376375977
9450242053
9379391945
8976278495
9374010447
9055616866
9270757705
8994707853
8751332388
9123250955
9246085456
8720466495
8999921990
8413952391
8021760744
9318458914
8549687544
9259940795
9132600500
9255038201
8565383139
579092937551
594026390044
595866809220
590883789545
587586655468
579189985351
594462150958
590562255652
570044502518
570448099772
589936004172
592268757311
575774921466
589854041514
576746472486
593126154185
589095675393
592779953812
589045319249
606142205054
578632805638
582868849013
576679411310
596618492925
589764476787
577379901222
596903880069
589049828229
590656325569
584310301936
589571072109
581399402852
579682225243
591523234134
590595750849
584746449274
577466638963
596028296820
578432722147
582420051467
573919794106
586465992731
577575329112
584630528625
593939439419
590527700364
591954136909
575193767678
583764970988
581836862577
577075462204
581787965613
592194287488
575729781888
582016454632
583586848942
587024869753
604857540176
595134156659
580048579881
601354814474
607046802944
595786742179
594628095419
604684709269
598807174267
602628216498
592868695204
600889828479
602259925576
596604938759
597125213238
595323632915
594062024398
594721861498
598076182084
597216204772
602446436331
593964713115
597479734199
599789639139
595130037667
599231926032
593193979314
590871423469
604786940807
601099451293
593158179018
601829560293
594884960824
3551887074891
1129241360
1078056106
1055770955
1302798216
1169171365
1131254981
1106347694
1068776392
1143210108
1151593701
1133404547
540694637898
536394633926
546895356479
535186213608
543831475915
522261888523
547393797915
533550175447
510825477257
534601519756
545424757813
540159513238
542444866841
518806685019
541000332011
530488094022
531670788177
535595485259
519356679400
532267569967
535409651234
529384547731
543646703203
543161785864
543675468480
549695043763
544640578192
532222746456
533517367085
548070935708
551841490091
517800187093
531241834991
542510961768
548678382714
543747878395
548659116812
516368703055
542655589596
553514351522
540604578808
539925099201
511854695141
512896640517
512017305058
514327012106
507218849704
521301251840
512243935082
514683890803
502862297440
505769282222
478215960008
470257602933
480072317507
481031243765
476709811759
476018741707
477034751381
477218434427
474540761868
477994549978
479793982194
479714507640
480278861255
478118454714
477522917697
478031321215
478408917335
480706809282
474962834872
470963676609
477259713512
480140670668
472280409483
480881826464
479613159322
479026001866
476970195828
476576827204
475256466178
478979918627
