41.95539365210113
37.65641949502467
36.66829236837354
41.49627617137612
37.897883638327905
40.42485509618918
46.99910006778757
40.46389737641696
31.869830813276412
39.416538121544036
34.803831113369164
36.66242938382086
37.9184289122707
44.70582740890807
43.47062062509314
42.22467030044189
45.16626530591301
35.61826010607329
36.72593601727117
38.70286636632168
39.48835278177413
38.99755472848419
36.26777084061937
37.722614313081046
39.1392784151814
35.97447347840728
38.30924659601314
41.59196530498878
43.4379469693165
37.9571611285934
48.29679640242512
39.53545146842535
