3597888828
3544599594
3572818702
3513791001
3686358069
3572396640
3491105784
3515396755
3475195522
3559627502
3503958277
3552157899
3575724436
3561638145
3520424156
3569954323
3576247972
3567858488
3606415690
3519333913
3608275941
3584486077
3674955255
3529071265
3560795548
3493472906
3495417574
3651677741
3535810440
3498928538
3587697431
3644668570
3528235777
3576191016
3580220285
3662237458
3620265627
3571841544
3554560250
3500486330
3549524808
3547843637
3630407692
3513262767
3547638617
3580323116
3517910484
3578992161
3596535298
3630423364
3530966475
3482973774
3510264711
3495334321
3615216102
3552151067
3572096553
3495134482
3483351233
3631991831
3382982571
3499054449
3378522001
3470997229
3458018011
3383477432
3365063222
3364932506
3552748226
3521553385
3355531997
3499844504
3412675404
3431692940
3396991299
3507810193
3402536241
3464137212
3445007172
3393837833
3422255328
3395365595
3382107899
3517506803
3418319195
3461991994
3461665589
3429325557
3357735391
3525996068
