5454619172466
5704885668767
5577274918777
5720205325998
5795216148948
5714880312895
5730729174069
5423521727415
5632120530310
5765805920734
5628021193072
5714419128708
5408719116220
5513821390315
5483400044991
5587414494425
5661492715729
5754234735092
5573462181980
5517532683905
5650918343234
5513624112177
5731264329462
5452044048713
5555839293780
5461968818935
5492736469390
5581954154862
5427950804618
5467041634433
1649821804236
1667344064746
1611430865187
1644489391000
1629232193656
1634584114875
1599532449308
1650068629737
1625250113576
1661621450802
1613865889310
1664779917649
1604304388067
1647417273293
1671094249352
1644155490346
1672448011162
1621584617464
1601898538834
1666068606515
1683289400350
1665152500240
1620365355906
1645062768950
1696634700848
1593373494626
1691276657547
1668992603762
1609615789454
1603064147058
