0.36404834572331185
0.35696402966358565
0.3614889886232265
0.3556582178317599
0.3523925828127781
0.3579827850218831
0.35973268235736927
0.36124953846746244
0.3574529581980971
0.3514773682164736
0.35712814112960584
0.35677828938934913
0.36528072959164065
0.3618379840950067
0.36761090664004065
0.359429149383052
0.36253445339126633
0.35566738738439574
0.36264958469379194
0.36377509577191275
0.3573159918604021
0.3598866168627861
0.35493233668055085
0.36243777998374926
0.36112966071512875
0.36004638637501724
0.36126555344550626
0.36167449624702513
0.36191056892315904
0.3628094385699665
