1.5293880252485414
1.5008423037103953
1.525506078808028
1.540703960300735
1.5242196637790792
1.5184856914861518
1.5330929883554456
1.5244692400040174
1.5472809645714836
1.5362034983582362
1.518625484370232
1.5269235712180727
1.5171170391543913
1.5395862185882256
1.5213109637165332
1.514722341607933
1.5415040320013413
1.5291368077730934
1.5105863673356852
1.504882851321343
1.5143137303127492
1.5360227389126615
1.4980744278764306
1.5082599976882882
1.5361686222893873
1.5220288443985934
1.5304473291995746
1.5399895526409573
1.5395961682164419
1.5186985926694878
