<not counted>
<not counted>
<not counted>
<not counted>
<not counted>
<not counted>
<not counted>
<not counted>
<not counted>
<not counted>
<not counted>
<not counted>
<not counted>
<not counted>
<not counted>
<not counted>
<not counted>
<not counted>
<not counted>
<not counted>
<not counted>
<not counted>
<not counted>
<not counted>
<not counted>
<not counted>
<not counted>
<not counted>
<not counted>
<not counted>
<not counted>
<not counted>
432155143711
413215446953
367929969096
409096855536
1160329856899
1253651904104
5817948575819
5789016846526
6226173937166
5990668882653
6223905824950
5692497429476
6014845145832
5752183826812
6603558288792
6197214944554
6032507662045
6169509892105
5910634596204
6258864025140
5949015369403
6286434558587
5867204518645
6192483612833
6128705429312
5653382582313
6129437311598
6079617148679
6170460050946
6140625337928
5873287393756
5805191425491
6306290753065
5773605644962
5964751149692
6306748419136
6059168810843
6754041334067
6280329666488
5912726358311
6322480998150
5938226575185
5779678722848
6046848024993
5939140071393
6188875233861
6254168921718
6437386516102
6112513299803
5499933795250
5700192426531
6542340646987
6874444946074
5815178220930
6204806669250
5416895951588
6401048374115
6063824210700
6328648325456
6165612414173
5724453515172
5636722345615
5836313386505
6004178798137
6032986067504
5773308236616
19049407180440
22583096663842
22138713588048
20853818544253
19789404291842
19486801234976
22441962257587
20527266083986
22292425037981
21284804265579
21433467258406
23072632486223
18976828695414
20509868730040
23076754406829
22306216289925
22788249456036
22802364270890
22354710051538
21876238666780
20529299271617
22916031269115
20732514066712
20451230503232
20928066974728
20925397935329
22149855344739
20227602709699
21894214948217
20790790209983
21270033422997
22589117458575
20275907303662
20831749889420
19728878236735
20599200859486
18919849442685
20826197123866
22548810711612
20287184082322
19687499369573
22007957188780
22126965073775
23386091574575
21239592248579
20506466853330
20311723088807
22756452590954
18369930616931
20599649068677
20828569787351
19254263202305
22150400033398
20114624335513
21092538125079
19116028701150
20393329145451
21257324396059
21266527914701
21824046744448
21709573141122
20521546286614
51974012048758
46176864662521
18554991563976
24765234081549
37179242692596
25042762575462
28982949431495
19886833588271
41450524059790
18779736874702
43846033722025
20379280579211
20765195580957
20493571458177
43707584295907
24927514602423
32476234090998
44783173015900
52934272419676
41835885064460
29752740614284
44352553751964
31095528128861
29129084093045
52512886155983
37053125210794
30198176077219
33609553820224
33609553820224
<not counted>
<not counted>
<not counted>
878675176
910125333
947235728
921127180
902414124
851222521
776924226
935877186
46998912469831
51838294175124
55992394991550
58525706431129
45203802442436
39497251621515
41618787925500
44754734809441
47425125583854
34175713720690
55475855729238
53884094902674
41685966215675
21984935831859
36216623340206
42643592253465
54372718291649
53266986859485
44674008707505
57250981933895
29014010760137
38609348534476
18650635938974
19343624234056
54601468852578
32125696986299
30057824014103
44039822125486
18748554576649
48084906601465
52545190070046
53824550970329
34064300064007
44593927209113
41430236470046
22898680904937
53800218220413
48307092596947
18169193596345
20465134063993
17031534183924
52636374500320
21977997189355
23608444872154
23325481056401
21765287629659
22939219680826
22683454275967
20801312250856
20696368543051
23279767103391
21835968171037
20836806969614
21051303868173
20386034942660
20146747522467
20746161960089
20626033394965
20811277574770
23779989983958
20659579138991
21116035260237
20590364039555
21070233791644
20909103486407
22888169738481
20811941974350
20980068175909
23878457027216
21050686978211
19895540791800
23999082837372
20709912775457
20554972229980
20246113883054
23955143926497
20455088927854
23525411282661
23950900303493
20549069232059
19963091541314
23972719111242
21179036459229
21786136370966
21780748837773
21742487814009
