792110123441
958118553643
935280720310
917995455752
951995130183
943670988368
905769411906
921249353952
921097267115
928254760109
922811568357
879855662769
961940043788
889883608513
940044232669
902384326810
924514692721
823952758717
909764315638
954763052028
927610504368
954074651129
904550693533
921712308994
926714958001
926795686067
901536523704
940487870515
820464759173
914915167355
917675924953
950190018390
917907709331
888064033766
927683694899
914431062346
919822978118
919691167789
917337162027
941293519603
782731682718
937893404557
916640206959
923148457572
921656385597
907261464791
916010842133
921199812963
921967094153
919953033752
910921111010
970938838845
801564129814
938059177240
899715526770
808845981666
938973037391
921869798168
899895568835
975840045968
889720839781
925748203353
921634075595
977604842513
936311886859
962375564527
958572581179
967796883840
951728950428
952988643368
833801869566
875962502969
857481026275
947020504003
845693274741
884989435927
948868669755
937852475296
945141991729
936822626644
947234735330
982837221094
958069202950
845988994171
845054386798
990256526035
943370552700
950679717183
836094477307
877317735459
