7153809961
6983856234
7133014874
7090478965
7201226335
7195102477
7162981483
7101158645
7351719341
7102201768
7115916163
7173022130
7191887800
7150063763
7156572980
7106279392
7130046347
7169434510
7142172231
7115699566
7140910308
7189477442
7024510275
7043636920
7127141122
7226987700
7188399226
7154488381
7140090626
7191389623
7299610567
7296022665
7245286388
7414738312
7399633810
7469238975
7330337681
7263660346
7341190628
7412210761
7511172089
7275990239
7344674609
7206161537
7259707489
7391370651
7357475113
7381699727
7336283872
7333670166
7319937040
7171375450
7748743300
7281745246
7386288811
7351231377
7278161246
7244784403
7272512047
7507700086
