1.7923806849674155
1.677759365314094
1.676319746747963
1.6689287310020677
1.6812749948427888
1.6770499161023107
1.7889852117418872
1.6657578470461083
1.6612268232978136
1.7922586244394734
1.7849158843944761
1.804625572340178
1.6773204606852066
1.7185148982634073
1.686153735299351
1.7737642413306256
1.6535898321212685
1.6323979944039704
1.678240677438048
1.7163214740624881
1.8091642872368825
1.691609753033824
1.7138209573664853
1.661564850854639
1.6637349964972479
1.7915935447858515
1.7056606925286928
1.695591115848886
1.6658161339248443
1.6623508478662425
1.7915274510186832
1.66154294772532
1.7388049864442774
1.6576542499914106
1.6791451278070524
1.7152998205514174
1.7569171073305796
1.667277141959184
1.613524261288943
1.663579807877011
1.7681130165731123
1.7938315906197342
1.664334283178921
1.7738354537623953
1.6422615354148704
1.6786876200122258
1.7479405163695778
1.6580006506726597
1.6456359379719627
1.6330072779456768
1.6314764716207724
1.7147675128110347
1.6985824633013755
1.6782258413698496
1.6659979291183635
1.7202413092708726
1.6958316394069555
1.7443640792891675
1.654197050001149
1.8166063598472904
