1.5829800232535391
1.5854129649083153
1.6499156770286345
1.5891115480572413
1.5900538888456377
1.5797775469577526
1.6158507493017307
1.5769560437386354
1.575910743715616
1.5734256223814955
1.6420779630642188
1.5724680323672489
1.573742212532038
1.585381119027684
1.5801202416493383
1.5826750940707017
1.5815083682188142
1.5663280594258007
1.5645937441961935
1.586230785577945
1.5628099540765945
1.5734860752435262
1.5843196994844426
1.6191067522018618
1.5796588029764247
1.5845635931437883
1.5725309751154006
1.6124091962336589
1.5793686542615908
1.6373420919352095
