0.8154008848786453
1.2600684270575655
1.2479733709036558
0.963605985588857
0.9059445229816467
1.2971312412689693
1.1019325252232122
1.0212062047844646
0.908711294219297
0.8852784606321886
1.001818701014169
1.1624161414477705
1.2334310344238113
1.0593971660666888
1.0962158614881343
1.1184773415695393
1.2229710216033973
1.0174851148486634
0.9883493060793357
1.1809517600904773
1.1963919895022237
0.9987129247870278
1.0158045756183465
1.233494815351892
1.2053832792746468
1.2060858906509835
1.0173259392812535
1.1879319859883448
1.1702544763513962
0.9318408541112695
1.1341615979394981
1.4228641182919173
1.0277634186429567
1.2629544684702785
1.2268685345775148
1.153412275865896
1.1923032349154887
0.8327894293663126
1.170626523896373
1.2546610704376506
1.1614687036031406
