5239491
128080275
6234306
13496836
13862069
18177132
20468885
19890726
17988683
18213678
18051821
18773883
17374090
20923109
16962111
19363275
18999129
16735013
18502049
16690840
18223231
18307325
17113107
19414813
16021283
20284734
18985577
18301472
19259267
17882339
19156841
17229557
18621390
17578313
18702401
19025959
18651826
18303158
19964718
18850680
14693890
18700578
20276867
16656656
17407853
17688507
18438608
17792579
20572510
20059659
17210822
19642281
17857855
18646531
20006021
17478132
14918161
19001179
16577863
20808051
17490105
14949417
18028165
19093723
18851155
6123763
18105205
18809126
13993038
43056418
38834821
41210631
42077479
57397005
52467499
55474251
52906815
53599713
52961304
53211544
54867036
52183338
53289732
56298662
60469528
56369039
55901602
52969138
57843579
54464889
54327102
53475867
54451687
55287353
57677208
54195361
52237442
51678308
54063067
57319423
54758660
54086775
55261560
