0.436548205016578
0.572621655901566
0.5115630121276912
0.4666245514936179
0.40871629250305347
0.45599369066687734
0.47201284153346484
0.4254727907796986
0.4194691972716008
0.4845149839474692
0.903221354604131
0.9919131434992394
0.9380785861628598
1.084897762865635
1.0700429176984625
1.105236169970646
1.0562371097307983
1.030516533576054
1.127956102947891
1.1424763694106914
1.1434090279918108
1.1727360579995587
1.1217492677062222
1.0810115810564431
1.133765550504413
1.0607790650051567
1.1019426879286658
1.1170798648508622
1.0970839102314487
0.9763466854547894
1.100913661710724
0.9577222690312532
1.0307881746015406
1.0480967086039328
1.0006924284785743
1.069639270640282
1.0476897335837974
0.9088440592847616
1.0935570883537848
1.1258761789036094
