72695024856
74385359861
70212455936
70811276388
77045232738
71313888072
69746109065
70410691649
70937970898
74013883430
69354931132
78843957509
68357418719
69527133500
74493848461
69534229960
72224289936
74542055277
69356143488
70612149813
69735360562
70778902686
75841984211
71266611186
68333462767
77293199798
70979395302
74323147161
72837666833
71089265159
67606613549
71122996464
70416085631
69678260875
72622368262
71278589820
76674307029
69815404524
69737066966
76055386864
69542727679
80685089081
71063275307
70185976616
73193964563
74810420996
73653984006
68569679412
70198637874
77339784608
72691928704
69769808351
69868262419
70680554791
70629225070
70046347225
69489089729
70652362880
68575795124
69066530243
69234292796
71824462119
68480374284
79026721290
80765386699
70846807744
70881847834
67194074122
72439298561
78713137233
67938465440
76289314745
74681830036
67367742803
68451474850
73002669229
72623247048
70275161796
74635957747
70995176600
72896532152
72222221181
76529087067
71801071321
69129672909
71343020971
72279386869
76550650009
71014123201
72921787454
