145026503793
146862716875
144011016855
144175686550
145124907125
147927852009
144354108627
145912657861
146829720542
144121553093
146918088761
144927163706
143700728769
146993906367
143108061898
142496019742
145154054514
144225913260
145811925712
146324428809
146596527079
144269817286
146495358303
146751448940
144006508377
147673069659
144646561068
148027277623
144211370582
143349602963
151546602491
150464838371
149586388481
148804823732
149092920687
151028614684
150658984414
149113442567
149519492793
151515259537
152496368298
151487115849
148930421477
150258365805
151734025323
148318520443
151320762977
148612119021
151170831364
150602655082
149752381075
150096726451
152334547880
152268728734
150441996302
152106218773
151208404613
151223845951
150056318881
150233511859
