0.24686611361666003
0.3064458429528248
0.28982348537265173
0.28962432687296424
0.25430280135100414
0.2615985465683747
0.2323661579546997
0.237813809987767
0.32041998772831415
0.27831634529128735
0.851382840998508
0.8261166473362619
0.8340888585715652
0.8650637119511566
0.8796341461373163
0.8167665509194088
0.8841888090036492
0.8121089194508565
0.8226244708879769
0.7384094089096641
0.8880038124340307
0.8300871663690149
0.9817462409430665
0.8442472741539038
0.8505851681111272
0.8911732354627836
0.8415803040018599
1.0154849754110267
0.8641481453402249
0.8020800162488582
0.7077981065277968
0.777391154583262
0.723131820956253
0.8104468145039747
0.8428508259131041
0.8789053755668155
0.870086809851318
0.7492851511774473
0.8313764183854102
0.8440976132714649
