0.4502987688950847
0.5137878510298947
0.479169234324627
0.42611855247655805
0.40041341678218545
0.47039596962208896
0.44113655829309917
0.46456576188967336
0.42314785384296116
0.3632442345624442
0.4398716644319491
0.43403504133112947
0.44816189356577063
0.36313148268818585
0.4507410228081634
0.4398178118655214
0.46653693658983303
0.34337129648926906
0.4169184547107126
0.4586965507756262
0.4008751110097069
0.4364986946747046
0.38461049738387537
0.4304911239343883
0.4484306341214344
0.34993642509259976
0.4586175829265444
0.4374447713871302
0.4387230665045344
0.4267237508581984
0.35255973080700725
0.45560263340774715
0.46699141214745993
0.4108565045614891
0.41889811641788016
0.4426818629487255
0.4576505308988841
0.4533632963184851
0.442943872047289
0.44241458672097284
