390685805131
394794858894
385383264432
386182328015
403857385638
386562770661
384891423010
385313192275
387753726558
391143089527
383693905284
401856311974
383632386129
383123516375
392201648050
383680518492
388042094572
392526700762
384334310421
384896440152
383170579207
391362532293
394840305697
385439840775
381716431754
400240374760
387948067166
391906587763
389563045139
386712669236
381465974904
387781238546
387110059630
387077209696
391793822373
388460984642
398937503119
382556337930
383266805972
395468053697
383700531526
402485167203
384385840138
386176353953
391053459028
392526197327
390344721077
382538220667
383890129855
400648107208
389860825613
386733667933
383514319315
383924677091
384695936614
384167227828
381651008768
385770057339
383943407447
383305792609
