7054799855
7071206235
7598606615
7060696290
7113287947
7184642546
6919549278
7180330259
7154876940
7039696223
7107899564
7215566393
7094926821
7124575636
7101927936
7145959389
7490362040
7777533337
7111974654
7820884094
7226388235
7155316222
7049190396
7812923141
7285997243
7271028403
7145406493
7238116266
7214623634
7051518475
7019879622
7146173808
7122895064
7937746493
7199579520
7086300321
7145338273
7137985069
7165754426
7116247219
7088963452
7124570344
7157964589
7052261690
7173450861
7878094045
7150987806
7051164810
7118906296
7186313078
7231396500
7855718730
7003716876
7045505438
7171925566
7873203106
7098115935
7023582516
6942754420
7044669289
7303150195
7670039077
7333546302
8147144836
8103201940
7300160083
7389320308
7492622157
7405735136
7275926105
7406943372
7301912475
7305924923
7295695463
7226824759
7344966095
7259989105
7410741006
7261085247
7870289061
7365256873
7287923726
7441608723
7372634249
8111310965
7161175356
7298354768
7257569339
7282708504
7320192416
