11862444823
11951077132
11720452918
11800198440
11839408100
11782828945
11972727397
11738047862
11731579833
11747808658
11784388987
11882005130
11729173551
11791227350
11665468291
11553215846
11747340146
11707213343
11851742346
11699483273
11871488048
11827121582
11786194933
11821797957
11883689883
11984071401
11786268467
11862278021
11751280598
11727179652
12409276140
12410492960
12267866097
12247859937
12418308649
12298702780
12357019057
12305108150
12426726423
12376791707
12391768253
12455266738
12383881234
12376036115
12459364306
12247993687
12364437877
12325135275
12396018541
12383062523
12440319310
12426540587
12314693895
12424214486
12293733982
12450887751
12399669415
12350596559
12382145205
12354207295
