50.16237601301437
52.87581340036775
38.104410649606834
32.32139109212956
45.37253590684074
49.98794924843356
32.11033335008544
45.62085583700212
51.83290946380522
30.30311678722285
41.61865100048483
44.66064969219056
37.14812372141983
40.95035788666146
36.76832551250849
44.66193733127474
43.667559511171625
50.615877071728576
36.486042573489506
46.497775214248094
50.64111049212456
40.52533593490607
48.19628941924153
46.62847226217364
40.10134235658525
48.35443940785411
39.32795787970396
43.0693797890161
37.658347050811244
42.701935621798526
41.95203285806996
43.436943024945926
