1626991180842
1598270381245
1622495028292
1642895216655
1665235419793
1624973629765
1648066065293
1636992329129
1664639145250
1699198374321
1631926597408
1631513857535
1626627105275
1688769671678
1615691460466
1636926431043
1618860676923
1702325314311
1652997014748
1618579334292
1670445800267
1634739457654
1670606273246
1640915962190
1622455682926
1693686890471
1620957012511
1628119039750
1635244488751
1643118717249
1699791842497
1628663709052
1607136967468
1646579397766
1651355943642
1625219215478
1622024457386
1627602379743
1631201700753
1629582313026
