553057299564
544272941985
553509046031
547018234347
540953809247
555782475538
540844944781
560509161578
554763332398
548673541872
537120096296
553462128346
536355629983
543952198994
551963538200
549584159723
550890045025
548266755970
541647460427
538314242498
544286053407
547354351985
544930398627
537746078595
553534104554
559673447760
552651007962
543769056199
537753315460
541122232761
537254733246
538674007690
544484149950
551544561104
557168108776
547895074709
545404277270
541596135435
542107719695
538348939523
547711414306
542717010499
542606603482
541970357457
539547700046
548348689579
540048474272
554829540366
536735667788
549688684745
542900345497
550990754472
553705762842
552053735730
554102022793
547107255409
543163423447
559282109056
542290409123
543160139264
544651513529
546032872221
547990076829
547768195848
543245705909
545791763403
550008916390
541407247814
545420757423
546024516791
553132261320
550434974600
551011969088
544222531979
544309087322
548650959808
542125229079
542274753613
543061267071
550853549615
545292440787
545597646514
550928821862
543207103026
549981918558
552096883084
547565992063
549862672748
544889738264
546353332599
