1.7878003022829059
1.784554920043856
1.7568734603872636
1.73789555914847
1.786096049161268
1.765463177355394
1.7336266064359906
1.8088884383243975
1.714598561883017
1.75628436021009
1.7744315704629845
1.7151017744381123
1.7720202301926298
1.7566380569579005
1.7726529104220172
1.7444477550794912
1.7928522282310506
1.7899137600140014
1.787554306687245
1.8019005207679222
1.754251889414599
1.7824633840650452
1.7691840669345364
1.734513043216294
1.7482802299029585
1.766336148871319
1.7594795244793502
1.8093055154905724
1.8033546058713275
1.6931269589966043
