605289200
519039525
547165389
546288309
534194783
584366562
587490536
523647614
552367456
555204333
537079110
544857568
529828064
584423565
509091938
552782382
616908488
557183356
549432953
590306787
582242812
585408481
536682796
550349634
542872885
572447021
537904180
581593778
571063357
595015068
609627591
595559198
538886002
568214248
614530252
638174979
619556505
604299820
566234998
568803061
621053063
569748535
562347643
594581159
551368617
558969938
575551147
542882613
588296656
601971881
610877544
611508625
590874264
582278650
611142046
631743661
629007779
528056324
571524664
563296003
689713988
464606915
2381947630
107630378043
116932614727
117607861008
1157360018952
1163561754383
1154779893370
1132930813196
1158878101441
1134446319864
1195390972749
1130438304180
1113220063087
1175665984018
1191144001088
1147827852268
1122066269539
1136630268859
1192769023216
1217816559669
1158211572049
1089915997267
1115726912723
1173272177017
1171032765254
1165320763768
1112421134198
1166045487131
1133740943730
1144508148809
1162235682835
1145526252016
1135659187375
1123222868436
6628052971900
6595202497918
6239591372710
6319073022387
6495955993832
6465690079611
6404719133068
6285294305902
6562754718406
6617558440894
6416347533450
6491471854391
6420927785503
6639591825007
6387553890499
6843377406664
6628763334649
6903574993356
6540989835722
6182885096994
6570668468484
6594301443552
6849240406679
6387323097707
6804979303768
6312267371447
6193260709573
6398042832432
6769678422442
6438944731983
