376136926791
376928545196
377218918100
375081706340
377169314880
378027722015
377334028422
375257952484
376659552382
376073971977
376572800958
375517684187
376224721718
373983587960
375937971253
374722306878
375485786171
375929912920
376564680174
376592405228
377948148268
375145751148
375353914939
375990444221
376647750675
377913010191
376592760314
376267931158
377794039878
376877789846
384269561189
377127300116
380245052193
380127078809
385775739977
381067170701
386687201369
387978793033
381358795971
386596704044
379047267850
381359126976
380585039921
382972895273
378814195954
384349566460
385684910557
387327841284
381765979778
384378110550
379302069073
386790857788
384583873556
385753511536
386370198330
380043005413
384824242502
381305370151
382580699014
375994118400
