498709355847
496640908471
510244160147
504853172110
487550557619
487836890851
496032967407
502504058141
486607515412
495129629082
498289812033
495281782725
506098523068
510932527515
500157701131
507582802533
501463230217
512568400476
490917049601
504176064942
493569563605
490845870411
509570387612
485678310536
483909774834
505221911318
492909681861
503855926540
506781818172
505198351170
336703252816
326286807290
343228847271
326470852281
325209861683
325643025580
338851939804
336594810791
329670573462
324922334294
331492675028
337494486249
337660701485
337607748120
330117780931
341831321225
348030971182
351220179867
352900765147
334480414727
325883905184
338328505167
327732805849
334769857325
347326877113
350475619476
326017239062
346830015039
343071815234
337591563708
