1.985137808237135
1.8965450474612164
1.9768483487459063
1.939826750309546
1.9592085009437508
1.9448395537386964
1.8978871675296736
1.9264570207065506
1.932548580210827
1.9669385990344228
1.9542753987873478
1.9233199997076695
1.9018885449302376
1.9419806211296673
1.9476468015529307
1.9855882192303893
1.8887162720081496
1.9066790482846308
1.9504200343886842
1.9377818704936627
1.9786756607706562
1.9154213739538395
1.90116368164837
1.9398892209818397
1.9266666895810403
1.8930173510018966
1.956815114587452
1.9790144483378285
1.8880066559969295
1.876678694379049
