75.08359154435063
71.83747816655497
76.10037025616325
72.28339466136826
70.63779952794151
70.1671594627826
71.94162716683897
72.1212379113225
65.85495275559305
72.31629633273809
66.90430313040392
68.38950501987956
66.63544387939511
68.3230598421925
63.4583078940834
63.8225705845972
64.75072529060822
71.78862010427841
68.10071003669952
64.59092494226448
65.31851467079231
68.28992439864223
68.51609738280419
69.42180129740159
66.61099674842193
67.56774046273347
65.49294434661871
67.50880532446058
69.0232259437302
68.75900775954136
67.99666283353831
66.3280283018929
68.39138114627703
63.69763303326131
66.08039478944188
64.45290279626337
68.42383468560502
69.21736435544294
70.31404041939254
69.42463669131085
