98253183872
103374960600
100635735014
103679134327
104576994047
103565328686
103873678400
96848804465
101566081711
103185464450
101440115710
103085689270
97703111989
99529549027
98747123538
100632986055
101862266338
104138113039
100993812119
99892102301
101495389462
98667646678
103531942164
98199160217
100153009192
98103768149
96645639283
100297917818
97279593706
98589528069
23861558731
24205150220
22890331671
23850969506
23190676462
22994056526
22889505166
23763568149
22981272858
23559974035
22555323748
23456573558
22928839395
23448563627
24338082871
23900521541
24032519984
22976009625
22705253862
23693285797
24165659279
23416206141
23290756882
23760898023
24245678383
22711551197
24272001615
24258834477
22594684485
23027224171
