0.3757024273014663
0.517016072048326
0.554413703744638
0.4002296531887097
0.2866288946830124
0.48577996958942715
0.5804127460442409
0.4123547895129863
0.6288419579817253
0.5007076088884929
1.2088927229801827
1.0450815153356254
0.9050109811399688
1.112184992464061
1.0138846700905717
0.8463443195532349
0.9192250863106235
0.9280099031378719
1.8257328850698609
1.7378229609055773
1.7186045807680694
0.920576294810887
0.9264507189200898
0.9052661583364761
0.8737637967224716
0.9630603573625409
1.273623514233644
0.9652192913366932
1.0867954765725703
1.0665620028180385
1.1974662851487274
1.3096307415763482
1.7701199727071248
0.7237535776954703
0.9257623453282793
1.32395604295167
0.9882855878953181
0.8724069394407095
0.9559799496678805
1.7669675248927148
