7.680393773671159
7.666414434061908
7.847342097665259
7.75913617082303
7.7593611756283485
7.978921019737756
7.596276520441818
7.692982068208264
7.777781737129444
7.650201972484163
7.932079555579887
7.933488805317658
7.875055105397147
7.92984978179046
7.94847853437079
7.743790016890641
7.635613943331792
7.945536856523384
7.781064997968044
7.756183731085405
7.647718983543681
7.753684649380746
7.733329140691421
7.762402548228911
7.674827388063503
7.736456211554021
7.937145771306656
7.907443897255353
7.68894228541332
7.7888608150009615
49.354520710044866
47.71413364917148
48.003521415582384
48.297182825735874
48.24920552456435
47.853699424361125
47.68365587955653
48.23542123317358
48.02240223220285
48.20136262097991
48.89117352211711
47.893583229546415
47.94994703748303
48.813757564702
50.07029604734181
47.976561569189776
47.7364356262794
48.766383223697154
46.5577017913735
47.74472039993992
47.55724363889623
48.47204780692325
48.78009858954002
49.13768746498362
47.06352748978255
46.97001769498958
47.779044124273966
49.096802833416625
48.179882342335524
49.20739490795217
