1.5704941971771955
1.5464283014151379
1.615139067395234
1.6056684386961289
1.5432743477372297
1.5991730514659297
1.6005095681533557
1.6201299139151422
1.588040332616507
1.5650936477283557
1.6362456749328402
1.4745201442574634
1.660140677144342
1.6411415249846306
1.5450758388494046
1.6122089690859935
1.5741117247499856
1.5423450356013182
1.6376476904263249
1.6060631576907631
1.610100895659294
1.6057371177990911
1.5346253689275065
1.5901671780664428
1.6573819957898226
1.5319418591732812
1.6004301011113171
1.5664918339342495
1.5493324897231886
1.5892031750126645
1.6599792654702488
1.593003320063267
1.632566560180824
1.6218895403077898
1.5846725816599065
1.6232177922175395
1.5185944107191052
1.6100356628508703
1.6044191872100135
1.5044486290577288
1.6133201809091495
1.4443564322400033
1.5946679816042384
1.6235698667192568
1.5607557943069525
1.5538696006832453
1.536418044824045
1.6627507504438908
1.6023748153333006
1.5027858829591014
1.5609106942536848
1.6368559968727956
1.6126124408864697
1.5988084464553365
1.5914184799366085
1.627511722114643
1.639630105162404
1.5972119982974307
1.6500622179501132
1.6933914051930201
1.7038483349224791
1.7009179991851628
1.737294221065563
1.5729453490022174
1.554828374288646
1.684770608596809
1.6905310493686359
1.761935439203223
1.702603249203762
1.5932442360768078
1.733199006444912
1.6721384262841434
1.6247909851902065
1.8120401177307053
1.7309755817481849
1.6795256337187976
1.6682131744939162
1.7659169673667499
1.6290338875551857
1.706181605582484
1.6580479637628949
1.672988617965502
1.6055983536354603
1.6986202845740686
1.7381569902431375
1.6762899001517249
1.6687956113768954
1.6048851052937636
1.674748368903684
1.6670575248403592
