1.0015354994486094
1.9348525224299955
1.0138251759085097
1.0871087208807129
1.0431411417463559
1.0786127506837377
1.0919820469831532
1.140630073091911
1.0819538501506376
1.092733762858076
1.1131356632990366
1.1527423060758577
1.1155263187426776
1.042312448411102
1.034277925943697
1.0730503238448428
1.0882344346412949
1.189597275904442
1.1503612221424715
1.1466393659057041
1.0534311344295983
1.051511830354231
1.148863750512863
1.1119509073783218
1.0530956802485383
1.1104540846879414
1.1166596705912963
1.064426360489483
1.1358387429164427
1.0998422563537509
1.0727885537272146
1.1140006387565957
1.1721104923766197
1.073033204363709
1.0980382853998047
1.0623165124355278
1.107438615760698
1.0909247374097868
1.0571629520025563
1.0212852770959053
1.0669788863836447
1.0818425904551903
1.0656881117358035
1.150113142819984
1.029931154339938
1.0624312841081087
1.0358309032180293
1.0612876206631974
1.1151464923661092
1.0665458965379881
1.182458898195348
1.0956899958569473
1.0416727747594372
1.0328925948473067
1.1134595718052989
1.1616167177165249
1.092356856616873
1.0657153311554834
1.1562765051395358
1.0503482732814362
1.0655664873861632
1.132353427864711
1.1163534233228671
1.0541780901967763
1.1317109824480467
0.8871054517450989
1.1366105866062173
1.0942465061790112
1.0331345021414877
1.4071795128443394
1.3549339871036468
1.4467613469568232
1.3584413304924934
1.4451740235159023
1.338607630626726
1.4727097440357861
1.3786541452211014
1.372994840759714
1.4183201374720722
1.385894399331568
1.397680460284972
1.3920532754563186
1.3825973614099445
1.3986015439248243
1.387013802995939
1.3927956377617543
1.4730509577855186
1.3575855061692614
1.4108031238693315
1.3874363241480552
1.4052772372557956
1.363223218944202
1.3987917158836836
1.4037724792301294
1.3608970197123795
1.4093147974959748
1.4274572574752629
1.3509084580436028
1.4213782535067987
1.3704962135858973
1.436575030597481
1.409515229667029
1.3596470519205865
