4.450955634003921
4.337056422971976
4.601933867198237
4.05408907461702
4.141227776475889
4.3812473796155755
4.201163268344408
4.375597013876834
4.535947655614579
4.3672680500281515
4.222423657780971
4.86418019490337
4.162271934225422
4.058221927789321
4.159762174278929
4.203178157062865
4.101733738882418
4.483961234000385
4.443816111171524
4.471360176860698
4.127244051343817
4.389118097623871
4.201856219373043
4.241500701618715
3.8905815944792277
4.92029044517207
4.68134544833553
4.181864462555501
4.06513617234627
4.199713320334002
4.742947481266336
3.9246676155394074
4.862345112140912
4.539704046181175
4.194462650442928
4.941686579555733
4.878284556733609
4.609826118419729
4.415894340834622
4.343375959077019
4.184736726026609
4.044011998393515
4.097986626353002
4.382162823654409
4.381373661637483
4.412745375082724
4.346059135785463
4.717367410195902
4.985847966165757
4.330694894256533
4.803501181019041
4.605383387761995
5.119469116090675
4.17616736041467
4.398901238941781
4.39193515584667
4.376385093279368
4.07250468190902
4.656626082661678
4.074879682396386
1.3209516653291504
4.013632532573808
3.036904024818052
2.1607957319364184
2.2477089559948986
2.1951905055732435
1.3104519659612603
1.3653096660476673
1.3495431542248277
1.3774357382937146
1.4392751768631107
1.362572275753716
1.373728883910062
1.3651689054093425
1.3538088726925477
1.3579461867429907
1.366728071010839
1.3800254055120265
1.3451870121512266
1.3624703756462206
1.3792587815214499
1.3706400787333781
1.4186684991832117
1.3638743871664456
1.2957158171508645
1.3534593624803857
1.340726994174228
1.3394989864424995
1.372223929254242
1.360328365230409
1.3544850774537844
1.3321205953228228
1.3407516605864465
1.3539063385662646
1.3845472249313755
1.3443482728437586
