22119890499
22540682951
22273550034
22300310251
22316667137
22635408505
22203380442
21987495870
22364656369
22104488251
22509559161
22539198823
22227984206
22185945106
22431772292
22400893003
22262296934
22263862475
21928449030
22125680469
22366612564
22263367772
22247953953
22543124505
22075226753
22569944347
22447464130
22090544221
22479085000
22240441810
21706240155
22236010269
22230924123
22115934916
22154324736
21886517836
21796161024
22251294114
22416053945
22299454862
22136544781
22191573025
21837441070
22129886822
22748390967
22259428288
22518307389
22095333467
22242233977
21637685664
22227707530
22328479162
21950662732
22282805802
22269754514
22196679082
22028251711
22101147794
22226986055
22515381687
23501353422
23443270574
23681764729
23215740812
23464959785
23780977466
23528718174
23726924778
23678402070
23896299408
23456257282
23470774455
23174653300
23730121289
23589233694
23632970878
23180596100
23331558647
23621966271
23195284459
23541839708
23379798363
23703447082
23272586866
23601224031
23265241167
23288391637
23643565195
23629423734
23427660957
