1079671428589
983776337166
1159853065564
1418513894845
1745638779741
1037034113303
1343924189556
1131536040230
1261990078243
1208884088730
640034317511
538488928147
623002623339
560768020548
539142644753
660279466650
551627807850
549072429286
440341868362
571254408647
542176813339
603476075635
606226840663
631699157448
649426180421
642708384386
652073099714
553804725470
702638483618
512119030151
606301947860
478835299233
474801275805
704029587255
611174393042
574573068351
543353282737
646012810443
608225347536
427712003174
