3447923998861
3325184902633
3336553195163
3296112604268
3482681239352
3435804243225
3488770952848
3401246516175
3375568003983
3314245430442
3421173386321
3425466722042
3407592573216
3483899362749
3399979927200
3388104060127
3337390170635
3464761470926
3287298533224
3541202382828
3321683925723
3382655841759
3466022242744
3523054041984
3345482302113
3378619870468
3535674689096
3432853498335
3440426399510
3392964402528
351639039778
354732072378
361103993435
355385803814
354475695716
351251253383
366773553054
356437868778
356270966518
355647169438
358914331767
356455131612
350890214818
351085747148
355642127084
354146763769
366038743267
356279810676
354923219763
353246700835
364857356332
363365685063
361311575129
358352662988
371527795580
352240517740
354086578153
349702407506
354063672611
355164234520
