3774429992
3782697806
3803723519
3756988310
3772624015
3719227360
3777668325
3752535663
3758288946
3788154243
3792714592
3790558982
3754715313
3748169806
3782685428
3774297473
3818986898
3763399587
3816403934
3803927283
3772497769
3756600268
3770260805
3814675506
3767385547
3745470300
3813023433
3797799331
3764577450
3789996815
3899405092
3949086927
3962696808
4009670323
3978039513
3896726284
3940959492
3956259600
3949766676
3934861194
3956583870
4015291593
3892908373
3968951142
3876967082
3948354883
3985351480
3951547347
3913248909
3939800118
3949035620
3986939898
3925863222
3920587054
3911034326
3900458295
3947974317
3912857529
3977514789
3999383478
