2375881691481
2359583096660
2372800183551
2341107106441
2399191130360
2398123525439
2364910175134
2365777901879
2410178689161
2350610580440
2371649674285
2371456984250
2400180275529
2362095800213
2382733242173
2383146635327
2351714653480
2377827745503
2394629451972
2394567056763
2385059979924
2379629628349
2372198094363
2364074645028
2355123039296
2408297623372
2375302095591
2366536484584
2363988906419
2401660375785
2417963259147
2377864063539
2409118924747
2423647433326
2417273510491
2435056033012
2407764721890
2411981891995
2431824738913
2361854156103
2404362236144
2410003686997
2435142434303
2383359641804
2370774520525
2432762238534
2406316165799
2419184465797
2393851932260
2424242086502
2445553360722
2394032559004
2405150424880
2416734104367
2435661157549
2391102683046
2393709764648
2406959401129
2378864907421
2395911428447
