699371569493
699816536993
659814168604
696014307391
718117078904
694303581342
645023135052
586345546375
748538198559
607537237162
675673486008
731151178942
738006609874
740532009207
667836134993
685669429919
693947317193
683616279898
743563787778
698306983357
694789913261
733993868101
692291696424
721361967628
704675291554
694874137676
721647723159
694967879364
758141977932
720487535202
713190547796
750850066854
709927013361
727949828923
686791405206
724484304021
713299138532
713143677243
683828356958
689122025471
