67.27642506934275
67.54275110606017
69.19895521574672
64.16581082118111
66.81246937258176
72.995656818201
67.14943762197314
67.94469899896926
69.42167715522774
73.0553563894521
66.96637882233003
69.03945931832521
67.22008022103266
61.79453000971454
67.33800150712486
67.30541651080695
68.83109068090015
66.21424659920777
61.27528737792891
66.4518253428319
63.35650210022429
67.2352855084953
63.70589382879951
62.476649569853194
67.17811430481542
68.95293518061698
66.68199513767118
61.15338646978229
68.82821458090727
61.67217793480806
68.07758949018663
68.43876531272474
68.83040813023355
63.89005272813986
69.03786033981766
66.2542448452956
63.61786037834417
65.32529221742305
62.59960246708567
64.49130752415337
