0.4644989534834577
0.44062188646495826
0.3940728485963431
0.45527601411567054
0.44443432337902694
0.3832474366029385
0.43105193578903306
0.36833113534540846
0.42485853248987865
0.4850002217616565
0.7600863469922321
0.7273522387424893
0.7455423399744177
0.7518580420336282
0.7614420264104564
0.7852099002323057
0.7623536716979717
0.7561420017534739
0.7394477901177422
0.7326243465337943
0.7296284951032238
0.7480108142892844
0.7108204067684036
0.7162882667477809
0.7713144312407073
0.778481481288171
0.7400657506494526
0.7499600394077205
0.7633214942835421
0.7476612490457202
0.7106563882978625
0.805694865010561
0.7624755597542907
0.7572356220939133
0.7560395325868241
0.7386025508823428
0.7402516344518248
0.7315250539397689
0.7738542539567315
0.7606790936460004
