0.4059163728609051
0.4023139682862127
0.40372355167450447
0.4010534297249549
0.41638166839720214
0.40411530522647987
0.4122202143178834
0.4131106458810035
0.40398549825455404
0.4116373015188259
0.4060043009674439
0.4047248928508521
0.4025006884533442
0.41051631208872835
0.41413225745180043
0.40121260332974124
0.4078009889630643
0.4043299037064058
0.41162843500754454
0.41908643064132617
0.40826742111714215
0.4133900140238607
0.41239608852084925
0.40932783499035336
0.4147910796801021
0.3964544987104236
0.4097668829758579
0.4069565388891649
0.41141267441036616
0.4152277747052746
