3386879590
3508026343
3444115228
3485362037
3386469469
3416303181
3488939232
3463258411
3438976388
3430684278
3471529581
3476218263
3416462952
3451394161
3453062589
3407239495
3463643611
3475248240
3402419438
3437498444
3381293554
3439148396
3329015308
3462228914
3403466841
3410696800
3461026346
3369954331
3499484707
3459392082
3410006394
3474652848
3465539035
3393581616
3399444800
3367526732
3387180695
3412418148
3485750692
3480446057
3465005512
3461739048
3372911882
3469053244
3434733382
3433820405
3445614095
3413999302
3387896351
3418681037
3506343386
3478819800
3476506030
3465613003
3411909959
3407083616
3401066915
3460466524
3472834535
3408044329
3670703043
3693861104
3689173260
3694237888
3675279573
3707201424
3728281770
3684346278
3635988729
3630266977
3676208080
3708805137
3705863489
3610898131
3687466526
3680295453
3682068060
3617236417
3770829089
3704121384
3696621853
3726128317
3639066885
3596506787
3652664390
3648394088
3628890541
3696750468
3703091961
3625339642
