0.31720912612450214
0.1776537405921322
0.19699187559949718
0.17817668327902647
0.1970101564693133
0.12847797647085474
0.2057155364659111
0.16798209166201142
0.15615119119622695
0.22073221549710276
0.0413695393458648
0.051209377315989055
0.04879087539607785
0.04964719733917787
0.04477359726535892
0.045893320922936555
0.05478299301955595
0.052667810789946735
0.048163280655803456
0.040419556457016725
0.05440352677064556
0.051217575634959614
0.04849400863324995
0.04870270928268848
0.04485492318746386
0.03908369869430369
0.04588672542935727
0.048366936860084864
0.04695314199399317
0.04882419476820534
0.05146643116968521
0.05429133955433966
0.051650101217982435
0.048195166427799266
0.045420720463812826
0.051003414290163744
0.0504354825199377
0.05339222523131245
0.04698528382937068
0.050381366599234985
