5907732409383
5933417949964
5889278395057
5823692173623
5933977395388
5742652558899
5934622518020
5854495661047
5883534129169
5903936226518
5669985653201
5780148961999
5850355523006
6072426233540
5767275542584
5827038544691
5864054813005
5650885089852
5860254319058
5821403160587
5954093950864
5764098084658
5908764824916
5752763416608
5772429332254
5859537486933
5779506141771
5916591906278
5957820225347
5684966961296
1246772844015
1317545792645
1326050116699
1251918064683
1255892529385
1339357513547
1311335789421
1262436517078
1306206844618
1328976042231
1251859590708
1252157214618
1329579468629
1245500812078
1259574398936
1264664493147
1249176644225
1245974182706
1327460079619
1324698653031
1342229494411
1263942885326
1246649543864
1245144291927
1327787214157
1342830880769
1334637507565
1249596468055
1257375288324
1251171993462
