57.340994126800126
59.62359689543732
56.44089638431081
59.111873331045786
50.99753760387926
56.97058106843998
55.5284013809584
57.792793253676656
55.595276171664345
53.54666364098224
53.88418674926726
54.11547976950127
56.62949067288717
55.831025220587904
53.88657358221981
56.26623505767402
55.870812104186264
52.461625728859595
55.447834336868326
55.93076272178603
54.14699714118581
57.098089261690745
53.420909539909445
55.62311737291809
54.675879418086694
51.787510943756324
55.17839243348105
53.328493682938436
54.907026153845514
54.67065298847778
52.837726289143085
55.87238375912119
55.46891245930866
54.154937971280006
54.503839315503555
54.887236773427674
55.63136006956767
55.445377310904306
52.59606824849311
55.04361354763453
