0.08260285276936603
0.08598477407718619
0.09589395085326291
0.08436537375359833
0.09401257553778847
0.0979872032312346
0.09056334001576231
0.07332477905627151
0.08813010982987649
0.08728195718464368
0.044495492556825604
0.04399385859652085
0.04659684080160743
0.044408766545855474
0.0366758719717978
0.0394712871947746
0.04550732145057375
0.03808955408715279
0.044060434157472565
0.05053523484289378
0.04641473655541252
0.040694931464349944
0.04653774064226136
0.043931366436841084
0.05012937861431474
0.031076780973443404
0.04502928845609515
0.053942889130301395
0.03852790497295734
0.042037470745532345
0.044411361892925015
0.04289908539059372
0.047117163167953245
0.04549198093809616
0.044353803636659764
0.025754603753170683
0.042895790550805245
0.04459361975318043
0.04731878342549773
0.05053460114786277
