0.0928229558168443
0.08290804353867365
0.09365505548619947
0.12201659767341853
0.14607880813800264
0.08677387487717012
0.10854174145696094
0.09663259730470565
0.10404355376174877
0.0972337743410611
0.059748769238101546
0.04814040252326922
0.053099811745059046
0.05095036830190575
0.04774911060186225
0.05810992114308857
0.04975158359222991
0.048845599330097696
0.03622640470660824
0.046109636598414515
0.043741732723181784
0.05381576240650149
0.05453557670403968
0.055360334819392294
0.05690561464755564
0.05629565082470145
0.05561869748807904
0.0494962012103996
0.06718176080912591
0.04389411096564367
0.05441318017496857
0.04529704993915875
0.03843155131267908
0.06315013512975236
0.05675923219348424
0.05322714867494144
0.048726720158422034
0.05762855624137614
0.05344566196904087
0.034501768026422734
