88644529781
89408487409
88257555868
87583377845
88622196072
84450011616
89233524935
87665100012
88545360898
88814115816
84825422348
86475753976
87764468191
86770250690
84675578979
87169154242
88072054846
84120666189
87787254197
87828389891
89753161286
86476616721
89012069521
86134118895
86758681809
87779133253
86587743882
89449392255
89840836107
85300607673
10295347664
11097802280
11006554351
10412557389
10542079244
11215126098
10956901665
10489716865
10927475699
11009633949
10441023353
10618227439
11046096059
10325432842
10357774406
10640133805
10593623503
10404699536
11394319775
11137658408
11372000148
10467717853
10405419275
10127081940
11248838014
11462504630
11240937820
10368875420
10426404480
10351197188
