5273152941359
5496423822277
5379851753714
5517181508182
5580865008198
5516327355997
5516648549430
5244512376468
5437130374562
5567468768764
5427656924092
5513007547767
5225210623652
5324290684156
5293751356752
5391724347880
5470251299224
5542097122595
5377575122120
5326478129190
5451196626288
5330042037708
5526798841525
5259835314030
5368925978557
5271123295407
5301990375578
5386738229940
5243508053146
5277701246989
1529033244808
1544813031392
1476991901309
1523529688619
1503418420664
1502463007567
1469731208315
1524470143052
1492938597067
1524927032102
1476196233162
1532164358617
1480596867183
1525502383286
1546942433037
1526089367587
1544910726767
1478806678532
1477414856871
1537469609392
1549521983359
1530049067108
1493939972046
1524847517171
1564220334682
1473563218132
1560133024571
1545545313822
1481360168840
1476751344211
