9264780553
9434130842
9367789987
9494176927
9406999853
9406647988
9551690701
9287978984
9339398281
9396477715
9372311975
9481653127
9306234324
9367239846
9384155821
9383309014
9553190990
9372624560
9495114890
9408235345
9354289632
9335129112
9411969904
9230133222
9316482987
9282795306
9365662765
9408859483
9232528799
9289604312
8024631159
8101620498
7909393472
8128495990
8064500768
8228398291
7890387316
8074172022
8100947560
8249578045
7828409918
8236297467
7733013800
7898524695
8112770274
7914991881
7956265847
8181281551
7720411678
8198022926
8252909054
8156838197
7832756368
7779662145
8282571158
7794823919
8291880201
8066979078
7869367885
7745783540
