1313703850861
1320658892813
1349419686794
1315040879867
1346914727536
1326744991240
1330968589342
1333786383990
1324407945336
1333575930687
1310928769869
1335252829822
1335512915651
1331833675003
1358089367674
1331464924240
1326445464738
1347212417757
1313342567943
1305548323833
1322664105261
1314784055661
1335400696166
1336577486631
1336927257471
1342876504008
1336558710379
1334722080146
1317669030870
1327269388032
1369697544134
1385740644181
1374183840952
1373379807252
1413911874702
1404556662694
1370895662999
1407498859275
1401527859859
1393055731386
1403679292713
1380562935257
1371304559724
1397144773198
1394459742551
1372515036647
1408543258718
1403455580324
1401580907269
1375714983532
1393974445717
1396938611306
1412705873374
1392147161073
1385169891669
1385775097862
1376911468094
1388601533271
1380215664104
1403851575644
