4106890892330
4122866292767
4070804963424
4197646615140
4115899748038
4137058228506
4053795804459
4131021978135
4126787011830
4136445027556
4108412543530
4087802261425
4124997199146
4119900532601
4118227081104
4178811579185
4077377423166
4144572542162
4080809326420
4107064471001
4145811741701
4129680522439
4100682748782
4136004326688
4153211016658
4141995814870
4114519012222
4126267379336
4131461126129
4141448507264
4101679815729
4186158022162
4130445147683
4124968731387
4097098610209
4201651786259
4181785002623
4203749088388
4158503560263
4112268620874
4127389404227
4141572660325
4181046534612
4143910736433
4132865471808
4178021186662
4097304355267
4112443099129
4189027074767
4130178477750
4227186782051
4166619081695
4117704697422
4169279295352
4196618813217
4142899590258
4177674081392
4202042802635
4181063178324
4177723799931
