39.118700151572305
39.165000741800576
42.52785268461533
43.41567867832065
43.122685661825855
42.02775320775208
44.00481222508213
43.55655318074822
38.6366161123732
42.18697000518859
37.940015132676365
38.25198872200329
37.98405317816721
37.695529014243704
38.504796219519605
37.549891706030024
36.69516460700075
37.98919846100527
37.09618582642868
33.15132077935946
33.090545959044455
36.57415287036883
37.226836149267264
37.45453073564805
38.369833199068374
39.38886057826113
38.80517401792799
37.0488757861326
38.369540766185196
38.865472788496376
39.764839739917065
39.97168158926989
34.870703375229695
37.819068208908405
38.23504476965839
37.51935753412658
38.555010399948486
38.264583545042306
38.6276998509713
34.94952516591008
