43.84819690644902
46.69794525660683
41.009582681929224
40.05584775137262
41.999230976317904
43.11477361411284
40.59362792059812
43.82300900790138
44.45924069503261
41.52953782357378
37.01495390664686
37.52234687894453
38.03202258608244
38.236507847949966
37.828157552222535
38.73145992949386
37.65985817717225
37.06144421147242
37.86616739392786
37.9572245845978
35.9463499718295
37.66041802469557
36.932687739334916
37.48289157765238
37.05103179024679
36.76078757059544
39.08765017882402
34.93758039151611
37.032385912926074
38.095787222916904
37.33444375755606
37.531687124440325
38.08336645105357
37.553684887409155
37.57399235576588
38.09246890490369
36.39805625338496
37.46470222669436
37.27126235170361
36.6207869773641
