14686261473
14730832595
14904741697
14761009378
14864582476
14660521604
14750630895
14709339092
14821661639
14964419589
14659991616
14963761020
14800732816
14783565363
15005176528
14639536502
14669200354
14683834995
14684154433
14753919059
14714096878
14842226773
14866410664
14708890357
14772858212
14811348249
14978141968
14651793302
14712815401
14653747273
14014188146
14019370808
14193885252
14183177293
14326325288
14323234422
14166463811
14280688578
14239962656
14194149037
14332188224
14257056113
14056957258
14373424058
14201968332
14102726069
14194030564
14177421134
14314260814
13927051759
14351683253
14257667224
14194148373
14311271422
14269500958
14192769923
14132742039
14161868053
14150228102
14197632455
