0.5538159217795542
0.5996036349306821
0.8079421204329698
0.46883031332164427
0.5565592409529314
0.5323551453114191
0.5593431542431215
0.46824644832813167
0.7982471436896513
0.40462191939268893
0.9504718047385331
1.0487156447826793
2.434002580335842
1.3272645095161888
1.1529323896055215
0.860418353913094
1.1298986873501204
1.5834167371203651
1.0012167796207216
1.3978499250346428
1.117562843879602
1.3853181641817987
0.9058260677095963
1.250124003034609
1.02778781300522
1.1402785191828149
0.9700187003006775
0.907141033222156
1.0323027397239186
1.1465179062499722
1.238540103803753
1.3632330228319123
1.064952331057079
1.0885534544527973
0.9803113408687348
2.4467839115109906
1.035976674809453
0.8406911551459435
1.9846940340659
1.116435024687236
