678200353482
679005370466
668631395838
667676208342
667918544927
663856084192
679167844457
668560459219
668129866159
680810929418
682695021126
667909634820
665660229821
670769358206
664833862217
679019534587
669885851385
669480197162
666815778411
669890766517
669569312181
678696940819
667464240893
668291999704
668921053341
671904032774
668480606109
669066070131
680000470280
669991517273
670077218725
670800657312
679440688679
689072425923
670438023958
667023195065
669936830441
678793696568
667640715170
668651979788
669899079897
690911800095
678673871106
669299616576
665243718850
671129625310
679270580507
669407770622
678727783371
666830669765
680760334509
680231349542
676985740033
671143615558
667446276374
666410838833
673568338054
668365729181
669498452682
683015418935
