930430275895
1066289437400
992840943077
879049929061
830805519096
973775546140
917534653224
962546664137
879866420900
754625755674
912549765506
896004478504
929623104105
754193111667
932846450334
912004514456
968599684344
712706762584
865150077795
951914668315
831507781663
905897789453
797732604536
894573220659
928615559587
726209937799
951553567343
906567193591
907723518357
885045324253
732321260344
946937831480
964562570460
852561663965
869273385540
918216675001
950516316366
940449061829
919776080389
915302344515
