8569598877509
9016134813886
9658754283763
8328198600443
8197751193808
9082149656023
9726075368133
8551663730539
9712403654066
9629739218415
8128699321925
8048337707800
8485987502465
8437029849220
8072585471306
8147111280958
7765879781964
7836358912823
9476661044093
9867657745164
10043109886690
8040706838210
7971271247844
8302944902164
8214618378919
8642710623112
8924706972216
8054754964963
8096815650355
8464366716300
8762605107167
8810707342920
9662674163017
7893344528625
8131341662220
8282690085186
7991594398855
8239855758612
8524617331447
9375068550552
