0.5517699995004108
0.4461034398224228
0.44736023620318804
0.5128358087985406
0.47070434028357555
0.4987064344912704
0.5120943865138373
0.7918605696615495
0.501494788920688
0.5831416570304007
1.1405775850365023
1.0656929338208225
0.9131484281585405
1.0479411446955953
1.429780048488184
1.244099995853826
1.3810076512006129
1.7609335175936585
1.3826002019625667
0.870459567683811
1.1886379839747356
1.257332367460844
1.160253049734216
1.084444966146327
0.9240963091288797
2.374704609577623
1.1612381135002672
1.0370567766057537
1.3181088581972564
1.170490210775054
1.1416580580680669
1.1557833187575057
1.1139398671589325
1.1344408145671694
1.0901744051980318
3.483573975088617
1.2778196572078937
1.1291455465927749
1.02217882139409
0.9455658801093971
