0.39734634191543544
0.38235890699409425
0.3825800685801136
0.3994038016851826
0.38855416010073474
0.36562290265210595
0.3395315069619173
0.36978862450258954
0.3757856747997755
0.3635961593419125
0.39369632706670904
0.36837390839076234
0.3745613580036258
0.3851886793011877
0.4022887015095487
0.383772283531501
0.3778437295443513
0.4036256586187642
0.3994254218835116
0.37507635810974604
0.3590016044012521
0.3843123843532952
0.4031759824505259
0.37503712590832977
0.4167945294333106
0.4027790297264906
0.39260652408121155
0.3804801804622688
0.386364363437854
0.40852792875311145
0.5476980666122576
0.7493546179688426
0.36917651154332215
0.4086558978323622
0.4894040181580171
0.3906338513580818
0.3857553052400896
0.168063336080959
0.1749649191933866
0.1214412412434652
0.12054625158285365
0.12432401264405298
0.12410850565799267
0.12176954288648215
0.12079890382056256
0.1274087276367214
0.1274064713912852
0.12446900809030494
0.12428324364722278
0.12538280468358975
0.12261681032524976
0.11989743009179281
0.12431857225830847
0.12121698004809829
0.12139163399686871
0.12806473003201727
0.12077505440517934
0.12025555650589895
0.12288905531519177
0.12190896954925129
0.12562227909421342
0.12009276654126814
0.12239381894330806
0.12188247162286706
0.12251781808818688
0.12105483173302863
0.12479505423351281
0.12148813408114877
0.1212129165325954
0.12402314749074263
0.12169788907832835
0.12270930126329313
0.1229363112626942
0.12477112032745366
0.12176380475397744
0.12088168117242133
0.12358962975533214
0.12201337160016573
0.12278885525467467
0.12528370113501874
0.12453919500579906
0.12184512277435988
0.11910661697353071
0.12470712334371331
0.12536615266993553
0.12588777859318007
0.1208984675531425
0.12606124319682954
0.12814683019760584
0.12435767616968214
0.12641346760028147
0.1264948105207932
0.12441238019595001
0.12451044298275409
0.12331398598113784
0.12223531756229584
0.12685149884329724
0.12187202006663211
0.12265057879171805
0.05970738684431761
0.06478543032147699
0.06630923133917152
0.05760873529072835
0.0646785595207079
0.06149275521285464
0.056680761920435224
0.07363268078578791
0.05891884823657438
0.06860202718121497
0.07373423577556011
0.06743372883323615
0.07012444694705214
0.06460339430752944
0.07219029306787944
0.07399035995286184
0.061008126598193164
0.05979018534491882
0.059721618728417754
0.07285776505256447
0.05839497636843315
0.07463676421683162
0.06716605305261465
0.06150965819211992
0.06064089450915637
0.06634201632635271
0.071764399330656
0.05918223753043621
0.058964246935840146
0.06261704730008685
0.059825163062294844
0.05921093335689323
0.05711076593807916
0.06004704894523818
0.06350338558039448
0.05751341886174803
0.06655436910260967
0.06104487764460187
0.0573723814693805
0.07104502023028914
0.06565776409520777
0.06219379250044142
0.06845242522639938
0.06500278943953382
0.06530475290045608
0.06455034572137223
0.06667002068390786
0.0654022687476594
0.0589085310858548
0.06209328186354573
0.057317699344560435
0.06511701432054144
0.05696963867401941
0.06688549426223038
0.06141908627372327
0.06788817089733197
0.058407797722748865
0.07103345675610788
0.06348833158626895
0.06629781985972713
0.17185342049374766
0.17438043276616677
0.15301337780637178
0.17496921314772687
0.16905044467171426
0.14655864115654824
0.17074780859896568
0.16433138578028425
0.14296637166806758
0.16146347532627606
0.1440365059959124
0.16150535965724533
0.16107353965307922
0.1772607986394664
0.14460248699729064
0.1618658737806719
0.1432396616240163
0.16188908067763494
0.14950293160871655
0.13268917830038826
0.1561618271452489
0.15819926968592812
0.14997968974954617
0.1513886262038577
0.14717238414986028
0.16021435734707248
0.1500865328992549
0.18703629828375068
0.18458441187599192
0.17551609599598578
0.097719135669612
1.2745781349390883
1.3622114852173157
1.334706066748762
