1.6286563215861003
1.6186127238972885
1.6334041946029978
1.6634348033212125
1.6206761958332587
1.596282689791463
1.6522015602359557
1.6271749228650014
1.615376466865604
1.6516482093861196
1.5924129525029875
1.6336559665260189
1.6415474787131905
1.5964790527716992
1.6440647429611241
1.6294480085857668
1.6071157728322385
1.6380456289717378
1.6118177861816563
1.623614555913356
1.6262767212181235
1.6304353351588121
1.5760737812760568
1.6203804508752948
1.6285907383159468
1.6135978851813462
1.6064538726970574
1.567872954409714
1.641384981258509
1.6640623208532384
