5805862564
5852623422
5892932835
5885476756
5861325424
5827442770
5822639876
5855445652
5907307217
5870511633
5856871502
5870404926
5871999905
5910042520
5789765546
5846828293
5938916134
5845074673
5966718148
5901830624
5925076317
5777229659
5800111281
5922122592
5926378232
5894102872
5859855127
5959712649
5814820188
5888526701
6066067433
6131299732
6153920164
6021331028
6065840242
6088406519
6100816139
6065655689
6120349868
6085754250
6108214615
6166219387
6000809425
6052764888
6058031412
6121331391
6094931532
6112070048
6018828090
6103044107
6018737674
6071583830
5991507304
6035801697
6068523244
6069063265
6042651468
6057108733
6179916518
6099527005
