2212708069851
2158387992038
2157305511252
2215761722378
2148662898637
2215458238447
2189254956770
2216724614562
2193077972557
2168104734379
2156839106542
2167765183938
2151311004316
2154810321221
2153339202934
2218088410131
2187176162480
2177961181396
2159640714225
2166167955482
2195607947744
2153255208304
2153322108414
2200249509406
2181223294885
2147990508593
2149126554686
2201080985236
2165851744619
2207763612088
2160113154501
2165551394858
2203091046323
2155551024917
2227333026486
2198027663815
2145898310754
2191734783836
2184597157531
2164169638622
2161570714677
2197159262652
2150278706277
2162882742872
2201077541631
2174429490366
2162569366361
2198199979064
2215474510523
2187866078754
2214257899151
2184676083894
2194357745900
2200231181452
2216111216634
2163910689572
2211848621365
2192264297796
2156945160829
2165509191763
