58.89646439248498
58.99201223603641
58.20141338254541
59.34377653799242
57.899909027391196
58.81162513514988
57.61418706640402
58.2740066310841
58.58082863981831
59.5078069016523
58.046141627076345
58.29268730192575
58.717379007504114
58.89758352213664
58.281848553137706
58.47758170834928
57.889375136444
60.208519692278806
57.44514156044688
57.72131054665748
58.26956380116509
58.98661259209912
58.24458632280235
58.48421371855398
57.990669316803235
57.90215674205591
58.02138559863038
59.53855215021648
58.61494498154892
59.12357234136047
53.85800490874211
54.81943077681885
54.99360096860846
54.710875734157206
54.97566777988118
54.76472300466562
55.70252128354124
54.77399790557138
55.33031426191827
53.90120515961077
54.594635407526496
54.4431510428834
54.71802127891261
55.21824016222453
54.85484811602739
54.77336375640655
54.233284593077016
54.725967391507645
54.73830324026474
54.98571847654235
55.270229080148134
54.748521849912436
54.57347472551095
54.460015469358304
55.259551447217525
54.69002832654196
55.68206640579927
55.0284045934663
55.23185254778426
55.66708552537227
