33.182948589271774
11.591717568731923
4.7620735590413625
4.940534357528971
4.854557338775007
5.554671989779586
5.557631334831072
6.256340775645558
3.961276478748726
3.76352430180271
4.974486235418247
4.052320640406036
4.154503710988422
5.667873869183625
5.842767931737889
4.234758519734216
5.843759438490785
4.288376999997635
5.174517696417109
5.400555392409967
4.842810073808108
6.028776731987353
4.745769126658538
5.083351223587483
6.041370979535319
6.825326652517597
4.663385776415164
4.500095422564949
4.458338063367238
5.67580855493749
5.476304039437365
3.823317276668783
10.419260984117113
32.459187946889806
3.4356943884880677
3.2754861644719564
3.3705404703765223
3.6777803127179243
3.781890172615433
3.6188912521589613
3.4739416553047233
3.148382746991364
3.4232681242415843
61.652832829445316
3.3110697009297843
60.519604437451925
60.3294386042985
3.0405544568966896
4.449522377939339
4.176083610572485
4.265815181998476
9.639978227440585
8.315224432129027
5.523330980438682
6.9123771290833
6.963908584039068
7.394080229469948
9.384107424396221
6.946878802304298
7.781317822137448
8.4147443801357
9.277123228811082
7.706306494977731
10.16908095082519
8.22673450131394
8.73215592968676
9.22429342978131
7.885053753558307
10.65473945316669
8.788124792874907
7.868917326831612
6.808305411350545
7.708082150300137
8.593647525804332
8.360599540641518
8.24108365253276
7.975196764477248
6.019392164326645
8.681228904011633
6.742411155367869
8.92074125361362
10.11796627690406
8.431400384013198
7.143838440900735
10.377180422106047
8.524300426706933
9.056987037642223
6.482348617296461
9.48929604956104
8.753266114317665
8.223651523542427
9.239197226226677
6.885463583436215
7.465290772459478
6.574711544411437
8.295314867372912
9.748746252871967
6.51073354093478
7.106160164796085
8.436084266865816
7.86911547214086
7.320583560391766
9.39969472652422
8.442313847214198
6.220991960367547
7.068299983880603
9.16814354200666
7.946730076690112
7.060666879353823
8.227292539304853
9.820308588313653
72.11116373199489
71.0887004159376
72.71318031910326
72.75727006304112
72.64879174947374
72.84094044638019
72.7006753262325
72.2924537192853
71.90412436858705
71.74761188021765
73.67082590269015
72.0002038328406
72.30622291843657
72.6545278406144
72.24008293177285
73.79908554604377
72.98122287917717
72.67987228953375
72.61858263725426
73.1827146423876
72.49364386973697
71.89434997700333
72.27645862958718
73.12726188681347
72.55582689725163
72.20800228342787
71.89569081093538
72.49148804453702
73.02847479448774
69.74060337666826
72.37224012440974
72.36432995097687
71.66997479110611
71.99278644510925
71.98389411833614
72.29701346500529
72.64533405767402
73.37237510309367
72.30611242500773
71.64321396588568
72.5334171070675
72.76137168865526
72.80206841869177
72.421934500463
72.52302254531125
72.38354679360222
73.12039651910662
72.55731338189328
71.26852809936071
72.35646271847668
72.37027292297931
72.34971482367791
73.02689751840063
71.84662247548277
72.17381697667093
71.82863850905352
72.44504718205317
73.31725173004726
72.22108995807676
72.37350568131288
71.98499714634524
72.15719339491281
72.01218933660446
72.29776660381711
71.97417373445096
72.11338007155237
72.59939838498263
72.01994061038843
72.47117719181016
72.22968813431197
73.1002630512065
72.42333427806089
72.94313240975949
72.19321647599645
71.92738506901425
72.67667437507119
72.80034602528927
72.20033685160855
72.76086128358298
72.47221339521528
72.79368205969612
72.75974578560715
72.93035714538719
73.04471565925435
71.85500286851946
72.81293271538964
72.38556719573725
72.42814417815153
72.84969071569473
72.66615372560919
41.9902295730847
9.898411549372929
12.50294786348605
10.348196938236656
