15903864017837
16803145961147
15145930515908
16988291545785
14969025345620
17113147305631
15940941884266
15004837063083
17397513560165
15588705108055
15082051558390
15541129107517
14748795833539
14475041935498
15392990133518
14700227407313
14843741724113
15826918799354
14283536604933
14718280802209
14944103291935
14507384970956
15527938078487
15273962706862
14804910979776
15336829474486
15452919603600
14907231272789
16036087537140
15039472848717
15885042175974
15457184675021
17267269735678
17267650305617
15194710404998
15363104762950
14923528232437
15295211751819
15544226646697
16689751336589
