65.13246239181979
65.26398224489115
65.11274662183507
64.7435915005367
65.79101539139187
65.14784285887654
65.9805492093207
64.9153441853567
65.94944835322288
65.11137426236898
66.1271742047274
66.18469548101743
65.67341144121971
65.70139176963539
65.82654551808979
65.70803651957775
65.10383804247907
64.9105064019425
66.46668086427667
65.75747672182621
65.80347909406034
66.74028790662204
65.0596432011036
65.88325755726005
64.85433465061638
65.78922462329282
66.3358085914445
65.99473522401686
65.89811282948972
65.64898014923645
60.663357594349335
60.59871004388755
61.75094384027043
60.45392450510278
60.96079327796312
61.290494088249936
61.198304054778404
60.87925848747957
60.66804137709864
60.4504827055527
60.64342949873317
61.216023488405725
62.834685601099984
59.89063404120417
59.93867422482555
61.87178562226884
60.2844358483346
61.499672939613795
61.373796429957686
61.05666402846376
61.353794808372065
60.18241434050379
60.642578329208355
61.21136510709064
61.28762480569346
60.43547138948217
60.7743391410428
60.54137410852557
60.6606009113428
60.384749805386264
