43.639278764096815
42.294074593232644
43.11182210160954
38.73534741899807
44.19485968003215
40.87142946739666
42.809313554818864
44.795926444474475
45.5034944268111
36.57806368506313
36.96701517481579
35.43248324041973
37.179249857323
36.02096318102574
37.311429759106254
36.85072200079384
36.97915298596502
37.05149263086427
35.74057877784892
37.774970051192504
37.11917808561519
35.72725008709761
35.65420261069819
36.33810759961072
37.38640007698354
37.57550619049266
37.72374124562798
35.55259839115437
35.840259656727035
36.63971643397253
37.05761001292
35.793743232042246
36.74495072204793
37.72311303328754
35.338919679779224
36.415958984524785
36.23243029621064
36.42082506614726
36.97845378622671
37.13860764998043
