9.42949651898279
9.126127630175851
9.308611881949085
9.157268710457913
8.995286141780108
9.082815752480293
9.195487103304508
9.590184448127664
9.19539094515301
9.106396685894842
9.239255997887309
9.197836473854135
9.525013210477628
9.411516416555742
9.503219420248508
9.324287573928933
9.378537640523865
9.000186662197276
9.401679856199507
9.418397579270705
9.216467547525651
9.461185531732623
9.09088510006984
9.399401381440837
9.302249689911642
9.462220953532887
9.690724625014118
9.380912074439332
9.490714801814141
9.422506115962408
