6802068830916
6303440457349
6406377742034
6643373906169
6359486110492
6415642594086
6345725217490
6501682826757
6417424391887
6344801328543
6476059624088
6482039432502
6504174061379
6559298666105
6445973444474
6650426702798
6575353591338
6526982288330
6309728590167
6409447209602
6589428338876
6270202140210
6595552380486
6357552890780
6186003687052
6791646155013
6412412948368
6539791826780
6616165612172
6441590079850
3248101948470
3105858033332
3294869873440
3104739457383
3117206849807
3128428939362
3235861498425
3246274151825
3235587907636
3106557070934
3141193368012
3210816829544
3325645364851
3335219332984
3152849793014
3299743390298
3366324077815
3286282873824
3391419209134
3287768922134
3120802199499
3193396430635
3106141121300
3211570163944
3378990122357
3390860433699
3113365304637
3348597830719
3293363927600
3356810641529
