160803684
6802555578
176970055
410574282
390912878
538242011
560965822
547102578
542521181
527423103
528456674
566402210
532360676
553149684
498511309
564534828
531281370
531677660
552214960
502800419
512457054
515891680
502928547
549236542
491710322
537053030
544234182
532395514
558490473
511956955
537390351
518043643
553814091
526691358
576418483
522176723
591987060
549009105
573484748
537790751
457752397
548245576
584710103
528817139
539593883
531364547
548038685
541128915
599935027
584866305
575205671
599075600
533409749
524494686
596222006
552401818
481940924
550311401
521516553
585101686
530594874
511850074
565633693
563775557
576205801
174369020
558112681
558133991
451293538
1570956150
1557469022
1583268388
1548981941
2534742936
2344893759
2578605253
2422637826
2482366231
2561093602
2433717729
2438909330
2420747066
2515387216
2612094446
2511430982
2545409767
2557505816
2402888651
2498759443
2461580113
2472245817
2462377399
2496357947
2419390050
2609152486
2517504003
2422770293
2433948452
2507718386
2495243736
2497782699
2523798055
2496645088
75088960393
74265998308
74505940259
74177866657
74372234007
72363266368
72365286052
73163072093
73033613106
74964408498
73687318769
74657642926
74049569697
73864985055
74820326597
74024084325
73726551722
74157553909
72595974399
73584159564
74003592176
73397558558
71993167402
74957482050
74951432351
74695866600
73788329488
73475342443
74451690799
73994315291
73512516310
72973659130
73003498585
71010937168
73533731704
71702921298
73549180606
73382580380
72839697103
74027130372
73875997858
68491447767
73796966991
73581389819
73929396751
70361185566
71582596918
71631125227
72624442075
74049651192
74142675980
73952102960
73252781511
72098719761
74238466226
72808948549
73798258092
73413663120
73875929550
73646721535
71756847474
72832727028
70964846782
69421724119
73578211854
70586665672
73881985165
72169559453
73218588358
72735818878
72865676889
73176003843
69833886648
73139267649
72675175701
72596356491
72931973880
72295470146
73399899134
73080029863
73029320463
71840751564
70726501887
73543397712
70556287632
70985396353
73464857614
71249000302
72549409176
73064551513
72430788212
70729225447
71583877333
73695944527
71796400675
72685222051
73772184824
71161697623
73308477664
72724659968
71842226190
71996435784
73015777448
72953584714
72112945464
72872680404
73057439428
73330932289
74138332847
73120997170
71891748247
73501276648
73397889242
74154802287
71985104072
72957352096
73468142680
74178215742
72626404381
73854472120
72195202115
70757146960
72423719931
73114722177
73909668056
74716938867
73389392258
73900756702
74004273602
72781875121
73217981437
73673684221
73202976276
72330860056
73541559786
73040101587
73815371168
72252990534
72628817213
73085302574
74064758792
71620292429
74801826078
73143354143
71679124121
72468669069
73652664196
74080917532
73416707386
73673124182
72935973766
73542023663
72071908300
72619254456
69978239097
71169111369
72672246957
73903432350
73288776971
73172397662
71016121522
72800875249
73460757344
72889791392
72435896333
73397973498
71774091633
72205984832
71396897555
71555411856
72907898352
72650100980
71824975161
71874637150
73276271429
71600016795
71538217011
73037269163
72243013073
73166932143
72918972895
72454385217
73963926824
73339707916
73391151447
72692452510
71936607461
73266234736
71256473822
73510873392
72969998515
72708182071
71129713831
71341243616
73213641580
70721098266
72608490020
72043288090
72532861661
72107690334
71233682452
72816309616
72877161832
73940690484
69756726983
73585952934
71543179039
72078553936
72966464415
73578069041
73998345515
72520987640
69606608306
69522179331
72471763698
69619913165
72926316030
72136420272
72952886432
72859604732
71360087448
72157927949
73299884812
73437407997
72615072486
73000820456
72488443419
74087853057
72795520296
72809608090
73042974648
72294704602
74021064675
73833774757
73421214972
73478846776
72022270670
72692618426
72112787774
73391367742
