1014346964253
839054516060
712763599907
931311202922
940623366740
894681443514
882758824798
1029466158995
950938555987
855048764696
763875271509
659787622400
649490494698
671066862432
633961010387
602523649585
617577645803
734036444036
616034819080
631137204958
709360563604
594301911725
649164276576
634781149954
673653536408
588954045921
552536053503
743941506944
628834306681
623037602933
625336612308
658417167178
604046171286
705013691149
618632908162
675209011187
827968895616
756364630912
620627740862
696637714279
