11162670660
11261959906
10959472438
11401929470
10888733588
11151355985
10967082747
11658011207
11315271867
10971299406
11120676664
11278471025
10787327268
10948836436
11088346983
11383645034
11313573980
11294512265
11430562897
11523487258
11184418144
10855196247
10946884760
11106989474
11251526986
10960020481
11104473469
11375374882
11288133941
11158532231
11051175057
10889491083
11243879217
10864770027
11246352748
11213876410
10684400708
11107135460
11091055790
11067798566
11129456988
11119433027
10936225140
10974610927
11180587126
11054250960
11171403584
11183162401
11438350501
10964120878
11402129656
11200043621
11171230695
11081783840
11380983689
11034353908
11330941380
11376625448
10915885464
10938642749
