1.2939052672882838
1.26708130930222
1.2774939590970544
1.2988776999900462
1.3152999043063789
1.3418515772060922
1.4370237964366728
1.3428780013820478
1.2836339720159726
1.3154147652922152
1.272638612644609
1.2736697813942865
1.3404454225060807
1.2833785513096643
1.2879220695588136
1.3131859251699585
1.2938637538411193
1.3392090796534593
1.3575206569766454
1.3092367266825777
1.306773026915309
1.3161793527314698
1.2922703540131482
1.2646350298032232
1.3009670012648749
1.3053444048900182
1.3191449909863509
1.3144512925247644
1.29843629288895
1.359802224130121
1.3815258950511164
1.374323430143716
1.8402166872002874
1.8571298727896497
1.9465466564907357
1.9700697790380188
1.3291494551053784
1.3278557726214244
1.0284268864672506
0.9887191308658851
0.9311072690611553
0.9692996245289569
0.8981135272069618
1.0308452660990992
0.9333944677863949
1.0221235569451066
0.7170626928598528
0.9693247339237241
0.9413259650559671
0.9543715817658693
0.9684537203219417
0.9906250830754773
0.9525046154254155
0.9448848849790236
0.941376794309922
0.9382079277691178
0.9280410870338078
0.9920044543071965
0.9635742929854427
1.0669593468986756
0.955697640408111
0.9710112780575535
0.9013944568558946
1.025339706848322
0.9917980972912879
0.950798737797093
0.9347524066129915
0.9663978686505817
0.9968767970583766
1.033884818930681
1.0351586697985578
0.9701314951876814
0.9637861377846191
0.9213065778296374
0.9803641453848858
0.9722135883150478
0.9364664331644861
0.9192552003617481
0.9768052403048878
0.8989840717692849
0.9435494676072116
0.9579370164854214
0.9499906178712582
0.9693937120072457
0.7087532206228996
0.9311850092557808
0.9231075374091888
1.0004275414637989
0.9407205893048904
0.9241721585209669
0.9679267226718364
0.9684697372694908
0.9731848885708254
0.958196537422958
0.9650463616831978
0.9995070675514276
0.9378361082893881
0.9935566756837216
1.538233150270216
1.6931680975856864
1.5993095977685616
1.4577359000306325
1.8551463303960982
1.462291920055644
1.6234857958476432
1.5207008668467565
1.5900084781635813
1.401619458939631
1.4394159032762373
1.7381749176329497
1.5184775747292418
1.5596203673166666
1.6852432952755223
1.5186609815160506
1.6582686165212486
1.2575543508566522
1.4606129354363941
1.4569004455496628
1.6518168770836856
1.4476832610631094
1.5512824456218954
1.9001756462936872
1.546503737701221
1.5285823367114746
1.3625433047140243
1.4215579307751631
1.6998345385912983
1.2699210690870946
1.2055906503713314
1.4141364982437488
1.2033888445145353
1.602045455004208
1.9097228920554037
1.3596791468997933
1.5499538567118565
1.338648914017236
1.8446332055169985
1.1683980285241673
1.525958121613928
1.635772730831113
1.3765956221881426
1.3426077564888068
1.3717697742466066
1.6755279749760748
1.7410226379976226
1.398072949221168
1.425587313985835
1.2643908196823217
1.4153920254709846
1.4408239813318116
1.509505274297542
1.4242275545806153
1.691418520859025
1.758963619301566
1.5769325657361701
1.567539739140836
1.31574853096333
1.4736883840398978
0.7095492599081328
0.7298757114138605
0.7489322781210456
0.7410355749383002
0.6892620680851659
0.70160662520892
0.8156662355263817
0.7736690960287036
0.7187366838875101
1.008801544266546
0.8734952638072622
0.6472774102337848
0.7750661538208247
0.7404498286088066
0.7889485802543915
0.7637385417876441
0.7624720390402825
0.6863415363011363
0.7470900156698737
0.7385860939845859
0.834987050076273
0.6992150436435781
0.7133999698609106
0.8077513991679846
0.7690350524731042
0.7054751434150097
0.753587969120444
0.7617501546538964
0.7185519068575145
0.7460763947314456
0.7460763947314456
1.7447426981343699
1.7300065113167655
1.728753325963599
3.7267764558217924
3.8621360397454625
3.7426054202365986
3.7720424514548654
3.496247175673321
3.9732190389388333
3.7038880202230633
3.729715894280424
