6552786675909
7788635110480
7784275949697
7351473771571
7842974598884
7455594080328
7916270517520
7627865453244
7833143180220
7594334642023
7577416846952
6963256817908
7535566279872
6806279904457
7551536270563
7270746369494
7250295608337
6630038538873
7099928500258
7971676165324
6955386356078
7589553360230
7023586155907
7421152745845
7385667785953
7202764637995
7568004596846
7129835644797
6653169219309
6884456891745
7663836387352
7801302982105
7527201105573
7208727311123
7583926630439
7459322926365
7700312067193
7971059441394
7929485477219
8194354772768
6666785577592
8059030954615
7567153970630
7812599707352
7733028392900
7753956970050
7673527669795
7826853998270
7783662026538
7415549824119
7564556685098
8173905233908
6544007955381
7807196368794
7493476657232
6676237955654
7885840913834
7918122072087
7440994094683
8485228859638
