64.82640462092564
65.12576169977116
64.87696025963226
65.10481324766451
64.98384785874856
64.8698162434418
64.87734700942407
65.21435722804358
64.78546782132616
65.44000945879472
64.75628049024299
65.03979748440042
64.87796448229808
65.6241861832491
65.06827775331318
65.09006700694646
65.50383587578563
65.43785621245127
65.2390139764232
65.04179452430536
65.09400906923628
64.99508907586551
65.24657895090206
65.65002486070493
64.9238591166312
65.02005524292593
65.13313461759657
64.98214895614903
64.67261389062057
65.02802790498578
59.915162477819486
60.11151355231033
59.989822268394754
59.87352079515019
59.877284809807726
59.46960236091768
59.62295394010503
59.68398759293396
59.43211528332245
59.540755297303825
59.93702118454755
59.7356874520828
59.89549044391731
59.36936709695807
59.370044843855986
59.48229366250995
59.83316743902608
59.943960894359094
59.15768618773771
59.67335177335321
59.22584062208386
59.923146667732055
59.97901354735817
59.99360559066287
59.66103736336421
59.61031658374397
60.129447887994935
59.61453430789228
59.80378431587086
60.0672618314515
