1062375521460
1069329501826
1059658797643
1069125092709
1048512252987
1073834442638
1055263601191
1056488409486
1051699983880
1068701086929
1086944003876
1057442069178
1055251937026
1048402376095
1054580370824
1046344617443
1024431467141
1049260125885
1063161412888
1053915577901
1066602340251
1049826813421
1059231814596
1064506011181
1068230478200
1058569867726
1077234483775
1070996930740
1101263334297
1056971827254
9795156
<not counted>
9433702
9336836
9594840
6401063
9584310
1051387
<not counted>
<not counted>
<not counted>
<not counted>
9569201
<not counted>
<not counted>
<not counted>
9533628
<not counted>
9347936
<not counted>
<not counted>
<not counted>
9472259
6170086
9399103
6372848
8261492
9258969
8921001
9456414
9206203
7794996
<not counted>
<not counted>
9342314
9591426
1206147
<not counted>
423436451868
428263138592
429387512039
436649630590
426633172302
427668490788
441967890603
430576647245
421835308793
420232177296
425944946926
424191624743
432366865859
429124946645
432308810569
424369365275
422255425860
415533649728
423305571246
426003573827
427671926568
429182544748
426476832089
413203282392
426763595464
421273063486
420902446981
419768952525
439278637226
422955185947
