4797468091
4728921499
4817559018
4750718376
4830938496
4863516771
4870643640
4902418369
4738370366
4749815241
4799988867
4764425130
4759042703
4758717134
4867166772
4673000505
4840437895
4849972625
4750474067
4825571625
4850469403
4796883328
4828924496
4826818698
4780895756
4874527677
4814140075
4711443634
4940893702
4731953238
2602760308
2625376443
2681765744
2606844657
2623993227
2575850397
2701148371
2626652054
2618239443
2630667506
2637949570
2643823301
2630686904
2617457400
2596135475
2605807562
2712258205
2643846814
2626062766
2577788866
2666610094
2679370180
2654765638
2654677357
2721566866
2585601734
2616824609
2608339635
2628374277
2654124156
