0.6007025245992177
0.602787358594071
0.6111767556892356
0.6018646296879041
0.6096123663851306
0.6054673186093471
0.6087303171233259
0.6078487530656292
0.6048528101885673
0.6101338042210991
0.6006438202462555
0.6080267192635759
0.6097969205797362
0.603123341708293
0.6146125699424472
0.607191072547066
0.6052328211133873
0.6127140415939628
0.5993729916976587
0.5957402656534927
0.6027939743225433
0.6016756443557263
0.6086526895247258
0.6066812020700383
0.6059851604518453
0.6094015628475535
0.606275384694244
0.6063894281292125
0.6016298334112035
0.6060793751622379
0.625979393707722
0.6322043751128751
0.6292966087631822
0.6244235339036225
0.6372955215435511
0.6371082073732303
0.6263787532879892
0.6409217685566949
0.6360922602063275
0.6355206726515823
0.6336979645116649
0.6264399352155131
0.6275385984087587
0.6343436647900859
0.6330833351586255
0.6281319111835383
0.637585105348278
0.6371722450133119
0.6339416520309537
0.6292728684675549
0.6347565725444142
0.6388528810524091
0.6384844233525001
0.6308784548820793
0.631172030144266
0.6320115785065581
0.6303675397954283
0.6330062072432011
0.6304692792288625
0.6406264042703915
