5360421
4979008
42643402
47532142
43855599
47305026
46883967
39780123
44384078
40267663
47593030
42002497
40189697
41971949
48868694
43624784
41842674
40898434
39066121
41966382
41558134
38315276
37507593
43259336
44597205
42333580
39385669
40334228
41343140
43952971
44993788
46053009
5883956
5469584
35901726
37430903
37570354
34551007
37147538
36500704
37036489
39912288
40473573
185435270
39292087
181203785
186433122
18455231
39222938
36022983
43465241
48526542
49058719
49416768
51130456
47521815
45626440
49062165
48596712
49152368
49587409
49864405
50678371
49189748
51008460
44044879
51821713
50250921
45805383
51372561
48620907
50857143
49713176
44507742
49926706
49613473
44280069
49812345
48180081
48775554
50659263
49562072
52415536
48934129
52242876
48191873
50073454
48888814
47667598
45726635
48916990
49483163
47036070
50107501
46680047
47687553
50334438
47429142
42987410
51798266
51174270
50096048
47484402
49213047
43678520
46132587
50274883
50854852
47521191
48599437
45925883
