5.415838921516747
2.1291748078081913
3.2901771905792936
3.968469454784322
2.5251642230936384
3.3663119905419703
3.89355938302828
19.203406671398156
5.615123935681588
3.5406162464985993
4.185738945235007
3.1525146407251103
8.739991360799314
1.5896017963764872
2.608578917990857
3.8027484543319203
3.999115519474366
2.7508350228263883
3.2821570827278275
2.0847938823506014
3.599103326843571
2.647759085319589
3.2539095615158455
2.4585868584238257
2.228772935147942
5.911435025359077
3.244311729822938
3.0090348325816016
4.16311021779234
3.225932710221847
8.671548425824888
19.704301770850353
14.565996560040736
19.44080873330964
27.384253478285846
17.302786895280505
10.845301066077734
16.940812880810267
17.576728842021385
20.034567625266718
21.115920779504403
13.387607882659806
17.45816541835129
15.126442197266519
14.105430329240873
28.97841094855802
20.23821506624032
21.7604281857716
25.114702176594676
22.01134847245575
21.90024354321315
31.99980985771493
18.236582791765514
20.033351482803326
27.079287107264317
25.092798285855604
26.804362829793742
28.22804692969434
21.785687396163326
16.419512316841658
3.4052916835515963
34.026531337118236
42.23883934089208
41.52624261191712
41.598603356203704
42.68040262834653
42.696821185907815
42.706551346379385
42.93169631509297
42.75590650454929
42.70677276287133
42.69575205739622
42.91970703820549
42.93789101499752
43.08339880671339
42.938983945973256
42.98308566877842
42.8264797020208
43.13764359816094
42.92998531785525
43.012730600114665
42.55258779778035
42.28226564964769
42.57099810997174
42.849936328213474
42.90311017594235
42.54788428402099
42.92992487782935
42.579914072126435
43.10947625260799
42.663669525339216
42.69399594740169
42.79946508911436
43.09585065380611
42.631537411122125
41.109140214546805
41.87501152690425
41.19558482757023
41.16581234484027
40.99650115782295
41.80669846547004
41.17667336265459
41.31792765591124
40.98127977562542
41.10692999469671
40.92885340446903
41.15305940740642
41.291491298854474
41.330579674221326
41.23714303818497
41.05135879097311
41.15248244355007
40.60371281530741
41.83270981740685
41.208986845703606
41.16580727657138
40.83257000883781
41.14084336019369
40.5472180335883
40.6239933682809
41.67633377176146
41.76820637093102
40.98675123712836
40.88362512010807
40.834457172426696
41.01985544972695
40.04779244220351
40.74234420833543
40.92684424289648
40.839976240907795
40.424586776947116
41.20810396645116
40.51342711310693
41.10310867045464
40.04545430364606
39.85319022553456
41.28949885477336
41.445729699526105
40.434126115588505
40.31974541841739
40.442795705348274
40.353364726562155
40.16888028807662
41.20068406625752
40.6628968165675
40.60155584839107
40.618560310034056
40.952667947923516
40.22330317432786
40.877089544782024
40.74108088656544
40.992018955542
40.53377951730913
40.388569514920796
41.167677059470776
