2521540044574
2566040146156
2548934008443
2565502210271
2569557653410
2587244462506
2601052008116
2482449704189
2543054964330
2550526940493
2539379319955
2572766355953
2507874262793
2527950823741
2559017261597
2538066266667
2597007340547
2578441314561
2559815286212
2543779440397
2545362643430
2513871108869
2563872610618
2500400207907
2540636930750
2487445003521
2508726842350
2554235112078
2486736570388
2511498223245
1507769355424
1511084535426
1441709625752
1501240036190
1493233359789
1514186826070
1451844961413
1515577885628
1496374389795
1496195200618
1434051009283
1511099420570
1451960209822
1464457431709
1532271468501
1506490469180
1477169404824
1483461380282
1427391994991
1505550907508
1539130485294
1493314901701
1448221259842
1442993525767
1541227389440
1435145952265
1541080960609
1525116346680
1437582017739
1437636013723
