41.51137828683372
38.544266387509495
40.51757933740943
45.44837163399234
39.17536230046775
40.734343494893125
39.73990799438936
40.01176192980733
41.86593662544191
40.266543593808954
35.751090817815474
37.56390452243765
34.19431598614884
37.51157520817222
37.13003160132804
36.53701803143556
38.942850503331236
37.49289086668192
37.80474782527595
35.78985022222584
37.07011964718224
37.42227927817416
37.16413305412043
37.038136702668616
35.71275248946061
36.406489312550114
37.11798144032176
37.29567898672847
36.07871865393098
35.70113581941354
36.25761145797274
38.03078020148899
37.400714719973664
38.45666655247964
38.08547788251004
33.943800696774254
37.33939401997762
36.2882654864158
35.80568572120278
38.135968402577284
