8613561723570
8159564922312
8267795269386
8493628575076
8171379772040
8226388121181
8194737357915
8308235351041
8232021454730
8139666220127
8313041846383
8267869165957
8374305595427
8424421530382
8251434083642
8516058942756
8446083113430
8385195932642
8122858420277
8195597186597
8422268754181
8078454205543
8419960897606
8138324280602
7975184015017
8562362649841
8187849767719
8381389575601
8412692461229
8298590510038
4165782711518
3993639462999
4222833339842
3993507004813
4008307934608
4017877354874
4157981567431
4169751802639
4142194295400
3981319311727
4053240959307
4125812157642
4248520904723
4270844380241
4051349208096
4232103957345
4326032805232
4256839929618
4356966958259
4204486753858
4000571480186
4107522454395
3995682613251
4122295848097
4337235617719
4348879559239
4006431503515
4302202533124
4244345325532
4290837835059
