9480911927
9898943869
11058433086
9771587496
9781675179
9583499002
9776734120
10894052066
10791758388
9803423780
9630783944
10017479779
10677166923
9855383555
9848655231
9860497453
9603340778
9472499176
9671655336
10009014744
10843039532
9945888489
10859679852
10743964580
9654773883
9626463362
9722255148
11001546393
9793366724
9650157363
9777777468
9912277991
9760273324
9525278702
9877334942
9810597675
10728647142
9805366305
9742613432
9903823777
9504999621
9878512188
10735677862
10734374463
9745673062
9843003577
9641414764
9875960833
9793622931
10822910730
9692607028
10091866836
10452580270
9820052989
9718900394
9435161474
9774529995
10791307804
9912231918
9695989871
10082361397
10191692296
11224736115
11291923998
10331856926
11565457591
11401875954
10354307953
10082361422
10600002627
10314841455
10239141042
10834573559
10534499041
10105967361
10279876101
11114034946
9897072981
10337241504
10330915613
10516997125
11395204473
10381489426
10281461886
9865454502
10452444643
10299971693
10497121274
11202276176
10239156311
