13439238563895
14440424272044
12779250945481
14774381458728
12843794140273
14381735785841
13620355770889
12792913359994
14538625364856
13084416772549
12567452206516
13915766943620
12379100664625
12678876181029
13239569165412
13180911690228
12446458971063
13510254139819
13015068158702
12403754119709
12409798508190
12513994342434
13224519308664
13084430179221
12817646343565
13054100361996
12931266029231
12810345648664
13728828170414
12576022853720
13973502580375
12877792538430
15517047979414
15429146507039
13143614275215
13012467971043
12422089529248
13087893514791
13256381757662
15250637234430
