806965438120
808277049112
799697520831
825088535857
808002135596
814663707671
797595434824
809834386298
811423501616
815661042406
806122780084
807005721566
810307193672
809154439714
810877955821
820553842267
802098447401
817087795560
804396937971
806622849987
816813467479
810606121508
805925020446
813342600177
812273900973
816733350179
810348446336
813415211327
814138845627
810240849444
803061467917
819352827735
813508574779
810419283266
800849986784
820761669329
821761091284
822758814798
815896251285
804369458477
808948812466
807328987170
821175597825
813613880415
808188651812
818148861021
803633490838
805014371712
823010459773
810765157613
830953716979
818871339658
806911595919
817490167435
825825634136
812598602240
819372922905
826533130316
819656840600
819852862226
