7866341152
7959816408
7788766085
7726182908
7847263301
7722734488
7904565872
7685621586
7729853661
7753846475
7780280796
7809214348
7711742114
7757932591
7708153300
7565495036
7742541437
7650402420
7790636223
7686637035
7794881903
7832465709
7763118727
7798785618
7868526691
7906288623
7715375992
7813445265
7779836120
7708022365
7484516197
7495750467
7454734523
7371573793
7464243748
7418762558
7504340821
7375444964
7497987545
7469568320
7523202304
7527262906
7458649950
7473687845
7493530553
7391251403
7417972527
7436599775
7469942456
7469231150
7523787883
7485133906
7479042525
7458939745
7483973434
7515660364
7511876613
7444716830
7443588734
7504802760
