0.6431707069580985
0.6298284348621491
0.622738067770926
0.6412773803396912
0.6275091751357068
0.6488085568436943
0.5935688805814143
0.627521608612842
0.6109880813138133
0.630553032832168
0.6262345657846133
0.66279709545304
0.648615677681097
0.6700456076124062
0.6392130254415269
0.6433345597696221
0.6541493500013099
0.6601582859050769
0.659562156471693
0.6204407175187826
0.6816796810359429
0.6469103961021773
0.6674484215439405
0.6355746456425941
0.6441199684740699
0.656412192860033
0.6195361422730923
0.6777858859210197
0.65655594405168
0.6847668624890004
