0.8158316774506199
0.8105156725719554
0.8162173308344461
0.8177632656417413
0.8233695967813357
0.8190939925159328
0.8224462590010001
0.820092450523073
0.8168078539031965
0.8197150818906975
0.8100813551685193
0.8148521762775423
0.8130848495051904
0.8209511225223532
0.8194870865856023
0.8230694954186795
0.8117156927263587
0.8132204961517114
0.8231706866901577
0.8140542003617735
0.8212102143621693
0.8125944889108545
0.8088073671062272
0.8176820261327946
0.8142445157990601
0.8187050953525644
0.8195858776380087
0.8131911101597142
0.817220410021339
0.8177576347270635
0.8174928020522229
0.8181105192634783
0.8250483276715034
0.8159028913409722
0.818679540428244
0.8154326636911038
0.8111842570504818
0.8190020062778623
0.8161699969123696
0.8178869972200727
0.8129291246230494
0.8193386681082905
0.8215895997884035
0.8190665193969908
0.8183610169934292
0.8155196083226587
0.8215839990121234
0.8182771305775557
0.8130987148445378
0.8232513003428313
0.8210432969632557
0.816394196367587
0.814056469302988
0.8164858533918291
0.8190023757759372
0.8106643916981651
0.8220133302297191
0.8208845439844175
0.8050998027098654
0.8194701054195166
0.8117064095052429
0.8111434047954111
0.8118845609324893
0.8148448502837109
0.8229655342159575
0.8145858353656421
0.8137453255290925
0.8231883735716139
0.8211143252804095
0.8130792919021121
0.8162065040625338
0.8170086213123423
0.8171614853552656
0.8230440170137884
0.8115022584951576
0.8239819601886514
0.821373908189969
0.8181074888924856
0.8225868524693548
0.8149214695031823
0.8249367804142065
0.8093889543745855
0.8160531993110903
0.8238068683843698
0.81816200007686
0.8150949384015889
0.8111985952470626
0.8144257250365399
0.8229524171712166
0.8197903909042557
