4224692077001
4185969915084
4197433040247
4258596696373
4228361405706
4294954707610
4221365349587
4236122693801
4182407284053
4212662539040
4216911973625
4233005800482
4246555556796
4223754570218
4218326757877
4292476314383
4275684634080
4209517100836
4210978893981
4264776288679
4246882297191
4236190306748
4165811813946
4232760312560
4194488885049
4249110262118
4254236055078
4188165243156
4245312289732
4237854389225
4166789182454
4205045526296
4207783822179
4188091109549
4225443875544
4187868118949
4231401111023
4257228384434
4247261759073
4216219764605
4259019469367
4225785354773
4192123526878
4249248813897
4258886598110
4254480993676
4190065540648
4257382487560
4273907301981
4194194987973
4216119539412
4268161525229
4160004877172
4223223492101
4298139036522
4198054240420
4191566213003
4208540407413
4176225851204
4247562319743
