1 17911675.6030081 18506810.033999544 17316541.172016654 18666066.42327484 17530000.094785664
2 20345767.165904257 26839111.19288648 13852423.138922036 26608889.361508455 14792188.84723991
4 45132535.03568362 69652590.72902331 20612479.342343923 62320747.944884166 21514844.15043532
8 105011708.33542971 155033920.36805707 54989496.30280237 136838433.8733993 38020784.1794658
16 186266608.49757534 262139283.9579441 110393933.03720659 248148486.72193813 85127639.74566737
32 121434191.67716214 146558102.66026193 96310280.69406235 152188522.32707086 100013028.46992841
48 577908611.0792247 815409467.5217482 340407754.6367012 781802112.259261 296557571.80386245
64 364026032.7149541 635585092.7404776 92466972.6894306 680312883.3944144 66109194.996919945
70 370216312.1097424 693528735.9765282 46903888.24295664 719477327.1863073 120691813.46937765
86 659410435.0594938 957438718.7039472 361382151.4150404 988894428.8895897 350747414.0470564
96 607389288.3354038 949206879.1066003 265571697.56420738 999606693.5490553 224324759.8172022
