1 15017580.724265773 15517084.9204975 14518076.528034046 15490744.666248038 14432208.587955343
2 18273402.212967154 23152211.260224175 13394593.165710133 24458720.89878462 14478321.120628268
4 37308592.35241742 43747331.59865044 30869853.106184393 44223394.8529715 30420449.39612549
8 83222556.4047632 109219302.60565795 57225810.20386846 103178344.2604575 49149322.2588133
16 111516813.28068814 154725195.42602962 68308431.13534665 144769052.90654808 53921803.75608624
32 275431944.4528305 445497528.67110455 105366360.2345564 398922121.1364438 112407434.52117337
48 434937762.29990846 688404240.5108677 181471284.08894923 600801582.7966448 91664235.92371523
64 611779375.1105101 739098606.0075314 484460144.2134889 685863043.5693899 430817160.4038637
70 633322369.6338629 763101441.1178223 503543298.14990336 726262839.3936919 511838838.4240635
86 760281214.4622141 818910492.1800002 701651936.744428 818579211.9111716 691756640.9467396
96 671303077.9002603 818676801.2001685 523929354.60035217 773847863.7480394 469768312.170109
