1 17587240.427638166 17828872.36253396 17345608.49274237 17800099.736830696 17271788.721946903
2 22629729.670447987 24654720.32624094 20604739.014655035 24601682.883309867 20765499.504489124
4 58823909.04370073 71554848.1969152 46092969.89048627 68483452.64802483 47783601.30700159
8 69993983.35048649 77828043.56305467 62159923.13791831 78251341.67225422 60606402.88790093
16 195240610.23215276 212612906.11721078 177868314.34709474 217680442.72233865 179462802.83558193
32 242529866.34219044 344498345.5409324 140561387.14344847 347932160.2202184 124771489.1144887
48 366797553.92252684 635551054.041384 98044053.80366975 631721160.1275903 62869056.62027364
64 598392805.9945915 819926850.0852659 376858761.90391713 758267059.6538198 291960473.127073
70 616476264.4622657 783588824.3614132 449363704.56311816 770970082.817145 409042921.0108932
86 619380992.3167713 768333443.7143382 470428540.91920435 797325967.9455338 496920740.8591121
96 454801564.5955647 839738246.196029 69864882.99510056 827430998.3671046 60670270.9047287
