1 13313571.349616405 13590940.234658873 13036202.464573937 13530100.952895682 12986687.661477147
2 20582302.197641447 26030457.71931025 15134146.675972644 24264526.666419324 16221154.803092564
4 46458907.16828052 53963620.35519111 38954193.98136993 53119009.3855345 40320368.55196102
8 84110717.1679651 109000680.56497824 59220753.770951964 104177965.41732566 63003450.57966458
16 178811049.431342 212701615.89029974 144920482.97238427 211317781.55998504 137303886.22026673
32 149749348.31067485 255456787.13626784 44041909.48508184 301363169.28670436 99677769.25322038
48 111712609.59539208 221832069.13351426 1593150.057269901 267317827.0686265 50925768.97792453
64 219673284.38234052 490828103.6875335 -51481534.92285249 595574820.6587137 70694102.15030979
70 182781210.33299837 283137136.8610599 82425283.80493683 253265783.73656932 49964551.65939639
86 318057209.5560564 557687969.1980803 78426449.91403243 596692014.0801011 77523061.31499095
96 346325683.0007878 656312699.0379014 36338666.96367413 688304896.4939944 78186487.85800497
