1 13778743.084662253 15457391.195918767 12100094.97340574 16172542.990955492 13035111.464110808
2 19572111.62829745 23286111.884254135 15858111.372340761 22769779.156374183 15844892.76337219
4 59318858.02516142 70547417.5363638 48090298.51395905 67310635.63094933 46567443.94872806
8 85681734.77220628 114682309.59976436 56681159.94464819 107625795.68396926 59635664.13581917
16 169533512.6481098 245529529.39380574 93537495.90241385 201491113.5406424 60566873.939351544
32 333276974.7502046 530544482.0235592 136009467.47685003 408518822.72659945 49179175.26159958
48 463084907.6290367 758518900.6772044 167650914.58086902 592987666.2500217 42233947.599972695
64 224804289.5365684 481268527.5440747 -31659948.470937908 557015338.0106324 49375914.83394402
70 92923417.99380207 176548112.48991096 9298723.497693196 212837930.9013271 57707935.09142647
86 366603021.92602825 627144139.5541928 106061904.29786372 593889518.9423583 100113980.67506105
96 301198332.8415954 494751918.0134464 107644747.66974443 487216987.82347065 136425025.49991044
