1 13268231.197364384 13690568.096006809 12845894.29872196 13435305.665208083 12660784.211910874
2 23503040.627742887 30491523.05602304 16514558.199462736 30756690.206076108 16628363.823089048
4 63987632.223131105 70843230.96718487 57132033.47907735 66864253.15947771 54119963.50216808
8 108824696.68912646 163984259.15993533 53665134.21831759 132062364.98948263 29762622.08541822
16 225846572.07342204 287541246.9428236 164151897.2040205 263001165.98877278 152213816.48459747
32 350476435.6096177 434108070.00322163 266844801.21601382 457115201.44142944 285653668.4880349
48 402926208.9440009 671868307.2810986 133984110.60690325 595482008.7517544 32833844.006424237
64 751669665.9560267 796487906.3421706 706851425.5698828 790223585.5761287 709203157.4418981
70 675143273.7543305 798062626.3830898 552223921.1255713 788912423.042974 543413244.4857645
86 776823280.2587119 859041471.1808407 694605089.3365831 861227657.2043191 704412002.020091
96 815082589.1059678 902830531.3026439 727334646.9092916 940234508.0831884 770511083.994381
