1 13434812.527988464 13882724.302003194 12986900.753973734 13710922.814788377 12972449.740372123
2 21633971.349043757 24101319.2890952 19166623.408992313 24191330.911337238 19296340.27506118
4 56253406.3925337 66816156.47181455 45690656.313252844 67204606.805724 48639993.01400604
8 106627573.680669 129825513.98433824 83429633.37699975 134240514.72507805 81614452.64827314
16 198113386.3744861 214875936.46110028 181350836.2878719 206863812.65821928 174614786.73645103
32 254359325.123384 409979055.41440856 98739594.8323594 362741221.0033747 74040205.23899269
48 469911392.4790376 698187253.8865317 241635531.07154346 596829572.7370204 157520727.97794163
64 212483536.33265328 415495816.75885046 9471255.906456113 444990063.0027881 50459649.597974196
70 520598870.78328574 567554835.6130632 473642905.95350826 557852673.5169232 471956327.5933851
86 463028040.91957855 629456097.035655 296599984.803502 555324868.3710326 228611200.4204959
96 457652172.69364166 705978387.6236904 209325957.76359302 731597420.981042 179813747.17244816
