1 14198965.459511673 15931740.943646295 12466189.975377051 16679768.664700083 13343203.649703866
2 20420379.509497512 22995350.955479562 17845408.063515462 22640060.828986064 17888391.074604325
4 52430565.56024645 57210817.600336775 47650313.52015613 57659429.89779593 46844150.28815138
8 93677996.32651676 112888420.40940496 74467572.24362856 105460050.11060895 69454197.60768202
16 145307431.45112094 205418441.40268838 85196421.4995535 200323664.7847247 107055604.69590718
32 142726388.3335927 181782489.36735162 103670287.2998338 176419481.9249125 91398537.94251198
48 157093565.09534502 268959390.8650737 45227739.325616345 257623136.17406064 40997868.403366126
64 317224700.91826165 581069276.7348099 53380125.10171336 543740548.6651909 74523947.55463159
70 312836461.7065374 520144614.8756921 105528308.53738272 450205241.7273116 45911068.89650286
86 432713849.66127956 731404599.6822685 134023099.64029062 675701456.8024213 82016661.75230327
96 501668955.08961505 623004418.2722515 380333491.9069786 600639543.7347943 375577863.9445408
