1 5652579.572463614 6626307.642510384 4678851.502416844 9751226.169421926 1397490.9663341972
2 4120923.415922412 4653389.104281962 3588457.727562862 6943658.341212339 1683825.3363526734
4 3182549.8854538645 4141563.6275499538 2223536.143357775 9601265.439970126 841516.46360084
8 4228273.11490838 5559184.8394764 2897361.390340361 14701217.575842371 1315917.4290824728
16 10549205.703747546 14047510.496887913 7050900.91060718 22503275.52792814 942489.8442278013
32 25893711.0300876 32124694.13122303 19662727.928952172 41405834.94275959 1542968.5934233353
48 22902132.441893216 32372131.28310771 13432133.600678723 88914073.32072662 2158967.4515378578
64 22939939.934826862 32446472.206477717 13433407.663176006 64947590.16172478 3633068.144500146
70 28977018.445733108 39301017.315061696 18653019.57640452 70531426.06743078 3028694.149887502
86 26057014.534843277 37535186.73162733 14578842.338059228 82378806.08597848 2201564.6030201777
96 24036326.984100606 35571949.369772784 12500704.598428428 93300666.4696074 3237709.3248374974
