1 46.16
2 55.96
2 55.739998
2 55.129997
2 55.61
2 55.07
2 56.309998
2 54.13
2 55.309998
2 54.62
2 55.729996
4 60.390003
4 59.59
4 59.920002
4 59.98
4 60.69
4 59.48
4 59.01
4 61.04
4 58.45
4 61.23
8 58.890003
8 57.5
8 59.09
8 58.45
8 59.98
8 60.329998
8 59.84
8 59.41
8 59.780003
8 58.499996
16 50.120003
16 50.92
16 50.29
16 52.94
16 52.609997
16 48.879997
16 48.94
16 52.3
16 51.440002
16 47.760002
32 34.79
32 38.010002
32 41.96
32 38.440002
32 38.41
32 39.649998
32 36.89
32 36.8
32 35.58
32 37.9
48 23.58
48 22.03
48 16.0
48 18.66
48 17.5
48 20.890001
48 23.86
48 20.67
48 19.619999
48 19.41
