1 0.05
2 0.05
2 0.05
2 0.060000002
2 0.05
2 0.07
2 0.05
2 0.05
2 0.05
2 0.05
2 0.08
4 0.060000002
4 0.08
4 0.07
4 0.08
4 0.060000002
4 0.07
4 0.07
4 0.07
4 0.060000002
4 0.060000002
8 0.1
8 0.089999996
8 0.1
8 0.1
8 0.08
8 0.089999996
8 0.1
8 0.089999996
8 0.11
8 0.089999996
16 0.13
16 0.14
16 0.15
16 0.16
16 0.16
16 0.14
16 0.120000005
16 0.14
16 0.11
16 0.19
32 0.27
32 0.25
32 0.29
32 0.35999998
32 0.22
32 0.26
32 0.21
32 0.22
32 0.25
32 0.26
48 0.44
48 0.39
48 0.44
48 0.44
48 0.57
48 0.3
48 0.34
48 0.27
48 0.37
48 0.39
1 0.05
1 0.05
1 0.04
1 0.05
1 0.04
1 0.05
1 0.04
1 0.05
1 0.04
1 0.05
2 0.05
2 0.060000002
2 0.060000002
2 0.060000002
2 0.05
2 0.05
2 0.05
2 0.060000002
2 0.05
2 0.060000002
4 0.07
4 0.060000002
4 0.060000002
4 0.07
4 0.060000002
4 0.060000002
4 0.060000002
4 0.08
4 0.060000002
4 0.060000002
8 0.120000005
8 0.1
8 0.089999996
8 0.1
8 0.089999996
8 0.11
8 0.08
8 0.089999996
8 0.089999996
8 0.1
16 0.13
16 0.120000005
16 0.23
16 0.120000005
16 0.120000005
16 0.15
16 0.13
16 0.11
16 0.13
16 0.13
32 0.21
32 0.35999998
32 0.2
32 0.37
32 0.32
32 0.31
32 0.26
32 0.29
32 0.23
32 0.24000001
48 0.44
48 0.34
48 0.38
48 0.4
48 0.46
48 0.38
48 0.31
48 0.3
48 0.38
48 0.3
