1 11.569399
2 26.38743
4 43.794228
8 59.057007
16 69.88112
32 80.70402
48 83.65048
1 11.5694
2 26.389599
4 43.8267
8 59.2119
16 70.510605
32 78.198395
48 81.713196
1 11.5694
2 26.390999
4 43.800602
8 59.474598
16 69.9526
32 77.9522
48 81.6117
1 11.5694
2 26.3939
4 43.8242
8 58.7302
16 70.139
32 78.099
48 81.6313
1 11.5694
2 26.387798
4 43.8559
8 59.3565
16 70.0405
32 77.9516
48 81.7433
1 11.5694
2 26.390999
4 43.8213
8 59.0607
16 70.1605
32 78.3453
48 81.5682
1 11.5694
2 26.3919
4 43.791
8 59.2252
1 11.5767
1 11.5767
2 26.3405
2 26.341099
4 43.7816
4 43.7855
8 59.088802
8 59.1378
1 11.5767
1 11.5766
2 26.342201
2 26.341
4 43.7794
4 43.7951
1 11.573501
1 11.5738
2 26.3595
2 26.353699
4 43.6703
4 43.693302
8 58.9221
8 59.207302
16 70.1783
16 69.8899
32 78.2121
32 78.2638
48 81.8743
48 81.8706
1 11.5736
1 11.573501
2 26.3619
2 26.354
4 43.722298
4 43.6795
8 58.9355
8 58.8112
16 70.0607
16 70.236404
32 77.9731
32 77.968
48 81.7425
48 81.7384
1 11.6033
1 11.605101
1 11.6033
1 11.603701
1 11.6033
1 11.6036
1 11.603701
1 11.6049
1 11.605
1 11.603701
2 26.3673
2 26.3644
2 26.359001
2 26.359999
2 26.3598
2 26.3621
2 26.3619
2 26.3592
2 26.3614
2 26.3626
4 43.7616
4 43.7991
4 43.7417
4 43.7447
4 43.7663
4 43.7616
4 43.7968
4 43.7202
4 43.7298
4 43.753498
8 59.3645
8 59.199898
8 58.908497
8 58.9482
8 59.306995
8 58.7128
8 58.268898
8 59.3348
8 59.2602
8 59.1227
16 70.2359
16 70.2306
16 69.782104
16 70.0206
16 70.269196
16 70.4234
16 69.9167
16 69.7646
16 69.9336
16 70.2844
32 78.1484
32 78.1118
32 78.0697
32 78.4173
32 78.2304
32 78.2803
32 78.4393
32 78.2664
32 78.3838
32 78.293594
48 81.9954
48 81.891205
48 81.8707
48 81.9548
48 81.706795
48 81.8769
48 81.5164
48 81.7957
48 81.8301
48 82.016495
