1 7.64
1 7.67
1 7.63
1 7.59
1 7.57
1 7.64
1 7.6499996
1 7.7
1 7.66
1 7.6499996
2 7.6
2 9.3
2 7.0200005
2 8.38
2 8.7
2 8.65
2 7.25
2 8.63
2 8.44
2 7.9300003
4 21.5
4 20.02
4 20.98
4 21.09
4 22.01
4 21.699999
4 21.86
4 20.82
4 21.23
4 21.18
8 41.59
8 41.710003
8 42.1
8 41.41
8 40.920002
8 41.21
8 41.460003
8 39.95
8 40.23
8 41.63
16 47.08
16 42.17
16 46.18
16 44.05
16 51.53
16 49.329998
16 45.18
16 50.129997
16 44.14
16 46.489998
32 53.02
32 56.53
32 49.0
32 56.33
32 53.99
32 49.649998
32 47.06
32 50.160004
32 52.429996
32 55.019997
48 47.59
48 53.77
48 56.5
48 49.19
48 45.719997
48 46.93
48 52.06
48 48.92
48 46.079998
48 53.390003
