1 93.19
1 93.3
1 93.22
1 93.36
1 93.17
1 94.23
1 93.53
1 93.33
1 93.78
1 92.909996
2 99.19
2 98.99
2 99.0
2 99.02
2 99.08
2 99.18
2 99.18
2 99.159996
2 99.18
2 99.08
4 99.92
4 99.92
4 99.91
4 99.92
4 99.92
4 99.92
4 99.93
4 99.93
4 99.9
4 99.94
8 99.62
8 99.9
8 99.75
8 99.8
8 99.74
8 99.91
8 99.91
8 99.94
8 99.94
8 99.91
16 99.85
16 99.74
16 99.659996
16 99.57
16 99.74
16 99.78
16 99.77
16 99.22
16 99.78
16 99.7
32 99.46
32 99.58
32 99.29
32 99.61
32 99.28
32 99.07
32 99.28
32 99.19
32 99.53
32 98.59
48 99.02
48 98.09
48 98.84
48 98.52
48 97.92
48 98.88
48 99.09
48 98.799995
48 98.36
48 98.18
1 93.45
1 93.65
1 93.26
1 94.03
1 93.73
1 93.32
1 93.54
1 93.49
1 93.31
1 93.78
2 99.049995
2 99.08
2 98.229996
2 99.21
2 99.04
2 99.2
2 99.04
2 99.049995
2 99.04
2 99.04
4 99.92
4 99.86
4 99.88
4 99.91
4 99.91
4 99.93
4 99.92
4 99.85
4 99.96
4 99.91
8 99.96
8 99.64
8 99.86
8 99.94
8 99.94
8 99.85
8 99.93
8 99.91
8 99.92
8 99.91
16 99.8
16 99.82
16 99.72
16 99.77
16 99.61
16 99.55
16 99.78
16 99.53
16 99.72
16 99.659996
32 99.24
32 99.1
32 99.03
32 99.57
32 99.09
32 99.49
32 99.26
32 99.56
32 99.4
32 99.229996
48 99.13
48 99.36
48 99.01
48 98.86
48 99.18
48 98.34
48 98.88
48 98.4
48 98.67
48 98.85
