1 97.0
1 97.0
2 95.0
2 76.0
4 86.0
4 88.0
8 62.0
8 77.0
16 62.0
16 40.0
32 26.0
32 38.0
48 22.0
48 26.0
1 96.0
2 97.0
4 86.0
8 75.0
16 47.0
32 17.0
48 13.0
1 99.0
1 88.0
1 99.0
1 97.0
1 97.0
1 96.0
1 98.0
1 96.0
1 97.0
1 91.0
2 98.0
2 77.0
2 96.0
2 98.0
2 87.0
2 96.0
2 93.0
2 95.0
2 93.0
2 91.0
4 87.0
4 92.0
4 86.0
4 84.0
4 81.0
4 81.0
4 91.0
4 81.0
4 79.0
4 52.999996
8 81.0
8 72.0
8 64.0
8 69.0
8 50.0
8 66.0
8 73.0
8 71.0
8 58.999996
8 65.0
16 25.0
16 45.0
16 54.000004
16 51.0
16 55.0
16 62.0
16 35.0
16 45.0
16 55.0
16 52.999996
32 31.0
32 47.0
32 28.0
32 26.0
32 47.0
32 46.0
32 26.0
32 21.0
32 25.0
32 49.0
48 18.0
48 34.0
48 30.000002
48 30.000002
48 24.0
48 40.0
48 23.0
48 25.0
48 20.0
48 22.0
