1 0.113180004
2 0.10989001
4 0.21969001
8 0.34037998
16 0.43984002
32 0.48742
48 0.47448
1 0.1269
2 0.105
4 0.2116
8 0.3414
16 0.4588
32 0.5629
48 0.6292
1 0.1269
2 0.105
4 0.2128
8 0.34370002
16 0.4577
32 0.5483
48 0.59389997
1 0.1116
2 0.105
4 0.2188
8 0.3418
16 0.4646
32 0.563
48 0.6178
1 0.1269
2 0.104600005
4 0.2188
8 0.3426
16 0.4565
32 0.56560004
48 0.6251
1 0.1269
2 0.1055
4 0.21939999
8 0.3403
16 0.458
32 0.566
48 0.6196
1 0.1269
2 0.104899995
4 0.2199
8 0.3405
1 1.0E-4
1 1.0E-4
2 1.0E-4
2 1.0E-4
4 1.0E-4
4 1.0E-4
8 1.0E-4
8 1.0E-4
1 1.0E-4
1 1.0E-4
2 1.0E-4
2 1.0E-4
4 1.0E-4
4 1.0E-4
1 1.0E-4
1 1.0E-4
2 1.0E-4
2 1.0E-4
4 1.0E-4
4 1.0E-4
8 1.0E-4
8 1.0E-4
16 1.0E-4
16 1.0E-4
32 1.0E-4
32 1.0E-4
48 1.0E-4
48 1.0E-4
1 1.0E-4
1 1.0E-4
2 1.0E-4
2 1.0E-4
4 1.0E-4
4 1.0E-4
8 1.0E-4
8 1.0E-4
16 1.0E-4
16 1.0E-4
32 1.0E-4
32 1.0E-4
48 1.0E-4
48 1.0E-4
1 1.0E-4
1 1.0E-4
1 1.0E-4
1 1.0E-4
1 1.0E-4
1 1.0E-4
1 1.0E-4
1 1.0E-4
1 1.0E-4
1 1.0E-4
2 1.0E-4
2 1.0E-4
2 1.0E-4
2 1.0E-4
2 1.0E-4
2 1.0E-4
2 1.0E-4
2 1.0E-4
2 1.0E-4
2 1.0E-4
4 1.0E-4
4 1.0E-4
4 1.0E-4
4 1.0E-4
4 1.0E-4
4 1.0E-4
4 1.0E-4
4 1.0E-4
4 1.0E-4
4 1.0E-4
8 1.0E-4
8 1.0E-4
8 1.0E-4
8 1.0E-4
8 1.0E-4
8 1.0E-4
8 1.0E-4
8 1.0E-4
8 1.0E-4
8 1.0E-4
16 1.0E-4
16 1.0E-4
16 1.0E-4
16 1.0E-4
16 1.0E-4
16 1.0E-4
16 1.0E-4
16 1.0E-4
16 1.0E-4
16 1.0E-4
32 1.0E-4
32 1.0E-4
32 1.0E-4
32 1.0E-4
32 1.0E-4
32 1.0E-4
32 1.0E-4
32 1.0E-4
32 1.0E-4
32 1.0E-4
48 1.0E-4
48 1.0E-4
48 1.0E-4
48 1.0E-4
48 1.0E-4
48 1.0E-4
48 1.0E-4
48 1.0E-4
48 1.0E-4
48 1.0E-4
