1 5.0
1 5.0
1 8.0
1 0.0
1 17.0
1 9.0
1 1.0
1 8.0
1 4.0
1 8.0
2 2.0
1 4.0
1 5.0
1 5.0
1 3.0
1 2.0
1 1.0
1 6.0
1 1.0
1 2.0
1 0.0
2 2.0
1 2.0
1 17.0
1 10.0
1 4.0
1 0.0
1 10.0
1 2.0
1 0.0
1 1.0
1 3.0
1 0.0
1 7.0
1 3.0
1 3.0
2 0.0
2 2.0
2 1.0
2 0.0
2 0.0
2 0.0
2 1.0
2 2.0
2 0.0
2 2.0
4 0.0
4 2.0
4 0.0
4 0.0
4 0.0
4 1.0
4 0.0
4 0.0
4 1.0
4 5.0
8 0.0
8 1.0
8 2.0
8 1.0
8 0.0
8 1.0
8 2.0
8 0.0
8 0.0
8 0.0
16 1.0
16 3.0
16 1.0
16 0.0
16 0.0
16 2.0
16 2.0
16 1.0
16 1.0
16 0.0
32 4.0
32 10.0
32 5.0
32 0.0
32 3.0
32 1.0
32 2.0
32 1.0
32 1.0
32 5.0
48 3.0
48 3.0
48 0.0
48 4.0
48 3.0
48 3.0
48 4.0
48 2.0
48 3.0
48 6.0
1 0.0
1 4.0
1 6.0
1 8.0
1 5.0
2 2.0
2 0.0
2 7.0
2 1.0
2 0.0
4 1.0
4 1.0
4 1.0
4 1.0
4 1.0
8 0.0
8 2.0
8 5.0
8 0.0
8 3.0
16 3.0
16 1.0
16 3.0
16 4.0
16 2.0
32 1.0
32 2.0
32 3.0
32 1.0
32 2.0
48 2.0
48 7.0
48 5.0
48 2.0
48 2.0
