1 0.060000002
2 0.91
4 0.01
8 0.01
16 0.01
32 0.01
48 0.01
1 1.12
1 1.15
1 1.13
1 1.21
1 1.11
1 1.1800001
1 1.13
1 1.11
1 0.89
1 0.93
2 0.34
2 0.45
2 0.45
2 0.48000002
2 0.44
2 0.28
2 0.51
2 0.2
2 0.21
2 0.23
4 0.01
4 0.15
4 0.01
4 0.01
4 0.01
4 0.01
4 0.01
4 0.01
4 0.01
4 0.01
8 0.01
8 0.01
8 0.01
8 0.01
8 0.01
8 0.01
8 0.01
8 0.01
8 0.01
8 0.01
16 0.01
16 0.01
16 0.01
16 0.01
16 0.01
16 0.01
16 0.01
16 0.01
16 0.01
16 0.01
32 0.01
32 0.01
32 0.01
32 0.01
32 0.01
32 0.01
32 0.01
32 0.01
32 0.01
32 0.01
48 0.01
48 0.01
48 0.01
48 0.01
48 0.01
48 0.01
48 0.01
48 0.01
48 0.01
48 0.01
