1 80.0
1 47.0
1 70.0
1 87.0
1 78.0
1 69.0
1 86.0
1 65.0
1 83.0
1 68.0
2 89.0
2 82.0
2 84.0
2 98.0
2 95.0
2 86.0
2 88.0
2 88.0
2 99.0
2 81.0
4 86.0
4 82.0
4 97.0
4 92.0
4 89.0
4 90.0
4 85.0
4 87.0
4 85.0
4 70.0
8 96.0
8 88.0
8 84.0
8 92.0
8 91.0
8 83.0
8 88.0
8 94.0
8 90.0
8 89.0
16 87.0
16 84.0
16 93.0
16 82.0
16 85.0
16 83.0
16 81.0
16 89.0
16 89.0
16 84.0
32 79.0
32 74.0
32 76.0
32 78.0
32 80.0
32 82.0
32 78.0
32 80.0
32 83.0
32 61.0
48 72.0
48 70.0
48 78.0
48 69.0
48 80.0
48 78.0
48 79.0
48 81.0
48 77.0
48 69.0
