1 11.56805
2 26.3844
4 43.80355
8 60.2213
16 71.6215
32 79.01994
48 80.300705
1 11.567101
1 11.5667
1 11.5675
1 11.5675
1 11.567101
1 11.567101
1 11.567101
1 11.567101
1 11.567101
1 11.5667
2 26.3807
2 26.378399
2 26.3762
2 26.379099
2 26.379902
2 26.3795
2 26.376598
2 26.3795
2 26.378801
2 26.3789
4 43.848602
4 43.8524
4 43.8579
4 43.8483
4 43.851
4 43.8564
4 43.855
4 43.8539
4 43.8538
4 43.860798
8 60.238396
8 60.223198
8 60.224903
8 60.231697
8 60.219997
8 60.2168
8 60.2371
8 60.2412
8 60.211998
8 60.239296
16 72.725204
16 68.447205
16 70.6456
16 71.618095
16 70.6218
16 70.7358
16 71.0159
16 72.7248
16 71.1025
16 70.4707
32 77.6831
32 78.523705
32 77.8986
32 77.366295
32 77.7962
32 77.1456
32 77.8328
32 77.9396
32 77.6418
32 77.482895
48 80.116
48 80.2251
48 80.3845
48 80.29
48 80.1579
48 80.1233
48 80.1708
48 80.0243
48 80.1518
48 80.146
1 11.5964
1 11.5964
1 11.5964
1 11.5966
1 11.5966
1 11.5967
1 11.5967
1 11.5967
1 11.5964
1 11.5955
2 26.3682
2 26.366901
2 26.3686
2 26.3685
2 26.367199
2 26.369398
2 26.364899
2 26.368002
2 26.3659
2 26.363798
4 43.8606
4 43.8681
4 43.8662
4 43.8703
4 43.8676
4 43.869297
4 43.8642
4 43.866398
4 43.8694
4 43.8679
8 60.3656
8 60.41
8 60.376297
8 60.387302
8 59.5916
8 60.4073
8 60.386
8 60.3535
8 59.5463
8 60.3956
16 71.034996
16 70.8362
16 71.7041
16 71.6098
16 69.295105
16 71.2977
16 71.000496
16 70.9338
16 71.25
16 71.0725
32 78.7997
32 79.13
32 78.9357
32 77.6279
32 78.8849
32 79.6624
32 78.939
32 78.7729
32 78.9171
32 77.438805
48 81.9252
48 81.964096
48 82.0875
48 82.1561
48 81.9668
48 81.8565
48 81.8565
48 81.9543
48 81.9094
48 82.1913
1 11.5949
1 11.5948
1 11.595
1 11.5931
1 11.594601
2 26.367899
2 26.363998
2 26.3648
2 26.370298
2 26.366299
4 43.8673
4 43.8681
4 43.869297
4 43.872402
4 43.8687
8 60.3871
8 60.3824
8 59.662598
8 59.5511
8 59.8449
16 71.499
16 70.8049
16 71.7016
16 71.0198
16 69.197296
32 79.1605
32 78.9083
32 78.6016
32 79.2725
32 78.756
48 82.0456
48 81.8345
48 82.1234
48 82.098595
48 82.2055
