1 1.0
2 12.0
2 2.0
2 5.0
2 13.0
2 11.0
2 12.0
2 5.0
2 3.0
2 5.0
2 2.0
4 7.0
4 2.0
4 3.0
4 12.0
4 2.0
4 9.0
4 2.0
4 3.0
4 2.0
4 5.0
8 4.0
8 3.0
8 3.0
8 5.0
8 3.0
8 14.0
8 3.0
8 9.0
8 3.0
8 4.0
16 8.0
16 3.0
16 3.0
16 4.0
16 15.000001
16 4.0
16 1.0
16 3.0
16 4.0
16 3.0
32 18.0
32 11.0
32 6.0
32 23.0
32 6.0
32 4.0
32 16.0
32 15.000001
32 13.0
32 23.0
48 14.0
48 7.0
48 9.0
48 17.0
48 36.0
48 3.0
48 9.0
48 1.0
48 23.0
48 18.0
1 3.0
1 3.0
1 2.0
1 2.0
1 2.0
1 2.0
1 2.0
1 2.0
1 2.0
1 2.0
2 16.0
2 1.0
2 4.0
2 2.0
2 10.0
2 11.0
2 3.0
2 1.0
2 2.0
2 18.0
4 2.0
4 1.0
4 5.0
4 5.0
4 1.0
4 1.0
4 1.0
4 4.0
4 4.0
4 2.0
8 4.0
8 4.0
8 3.0
8 2.0
8 2.0
8 1.0
8 10.0
8 9.0
8 3.0
8 2.0
16 4.0
16 2.0
16 11.0
16 1.0
16 2.0
16 3.0
16 2.0
16 1.0
16 16.0
16 5.0
32 16.0
32 22.0
32 10.0
32 18.0
32 20.0
32 14.0
32 18.0
32 15.000001
32 14.0
32 20.0
48 31.0
48 17.0
48 11.0
48 14.0
48 13.0
48 23.0
48 31.0
48 17.0
48 6.0
48 31.0
1 1.0
1 2.0
1 1.0
1 1.0
1 1.0
2 1.0
2 1.0
2 2.0
2 1.0
2 2.0
4 1.0
4 1.0
4 1.0
4 1.0
4 1.0
8 1.0
8 1.0
8 1.0
8 1.0
8 1.0
16 1.0
16 1.0
16 2.0
16 1.0
16 2.0
32 1.0
32 1.0
32 1.0
32 1.0
32 1.0
48 1.0
48 1.0
48 1.0
48 1.0
48 1.0
1 1.0
1 1.0
1 1.0
1 1.0
1 1.0
2 1.0
2 1.0
2 6.0
2 2.0
2 1.0
4 1.0
4 1.0
4 1.0
4 1.0
4 1.0
8 1.0
8 1.0
8 1.0
8 1.0
8 1.0
16 1.0
16 1.0
16 1.0
16 1.0
16 1.0
32 1.0
32 1.0
32 1.0
32 1.0
32 1.0
48 1.0
48 1.0
48 1.0
48 1.0
48 1.0
1 1.0
1 2.0
1 1.0
1 1.0
1 1.0
2 2.0
2 1.0
2 2.0
2 1.0
2 5.0
4 1.0
4 1.0
4 1.0
4 1.0
4 1.0
8 1.0
8 1.0
8 1.0
8 1.0
8 1.0
16 1.0
16 1.0
16 1.0
16 1.0
16 1.0
32 1.0
32 1.0
32 1.0
32 1.0
32 1.0
48 1.0
48 1.0
48 1.0
48 1.0
48 1.0
1 1.0
1 1.0
1 1.0
1 1.0
1 1.0
1 1.0
1 1.0
1 1.0
1 2.0
1 1.0
2 1.0
2 7.0
2 4.0
2 1.0
2 1.0
2 1.0
2 1.0
2 1.0
2 1.0
2 1.0
4 1.0
4 1.0
4 1.0
4 1.0
4 1.0
4 1.0
4 1.0
4 1.0
4 1.0
4 1.0
8 1.0
8 1.0
8 1.0
8 1.0
8 1.0
8 1.0
8 1.0
8 1.0
8 1.0
8 1.0
16 1.0
16 1.0
16 1.0
16 1.0
16 1.0
16 1.0
16 1.0
16 1.0
16 1.0
16 1.0
32 1.0
32 1.0
32 1.0
32 1.0
32 1.0
32 1.0
32 1.0
32 1.0
32 1.0
32 1.0
48 1.0
48 1.0
48 1.0
48 1.0
48 1.0
48 1.0
48 1.0
48 1.0
48 1.0
48 1.0
1 1.0
1 1.0
1 1.0
1 2.0
1 1.0
1 1.0
1 1.0
1 2.0
1 2.0
1 2.0
2 3.0
2 1.0
2 1.0
2 1.0
2 1.0
2 1.0
2 1.0
2 1.0
2 1.0
2 1.0
4 1.0
4 1.0
4 1.0
4 1.0
4 1.0
4 1.0
4 1.0
4 1.0
4 1.0
4 1.0
8 1.0
8 1.0
8 1.0
8 1.0
8 1.0
8 1.0
8 1.0
8 1.0
8 1.0
8 1.0
16 1.0
16 1.0
16 1.0
16 1.0
16 1.0
16 2.0
16 1.0
16 1.0
16 1.0
16 1.0
32 1.0
32 1.0
32 1.0
32 1.0
32 1.0
32 1.0
32 1.0
32 1.0
32 1.0
32 1.0
48 1.0
48 1.0
48 1.0
48 1.0
48 1.0
48 1.0
48 1.0
48 1.0
48 1.0
48 1.0
1 100.0
1 100.0
1 100.0
1 100.0
1 100.0
1 100.0
1 100.0
1 100.0
1 100.0
1 100.0
2 6.0
2 6.0
2 2.0
2 8.0
2 12.0
2 3.0
2 4.0
2 10.0
2 1.0
2 9.0
4 3.0
4 1.0
4 2.0
4 3.0
4 18.0
4 11.0
4 1.0
4 6.0
4 1.0
4 2.0
8 9.0
8 5.0
8 1.0
8 1.0
8 6.0
8 7.0
8 2.0
8 1.0
8 5.0
8 1.0
16 1.0
16 2.0
16 2.0
16 3.0
16 1.0
16 1.0
16 1.0
16 1.0
16 1.0
16 1.0
32 1.0
32 1.0
32 1.0
32 1.0
32 1.0
32 2.0
32 1.0
32 1.0
32 1.0
32 1.0
48 1.0
48 8.0
48 3.0
48 1.0
48 1.0
1 100.0
1 100.0
1 100.0
1 100.0
1 100.0
1 100.0
1 100.0
1 100.0
1 100.0
1 100.0
2 8.0
2 7.0
2 4.0
2 3.0
2 6.0
2 3.0
2 6.0
2 3.0
2 8.0
2 14.0
4 1.0
4 1.0
4 1.0
4 9.0
4 1.0
4 1.0
4 1.0
4 1.0
4 11.0
4 12.0
8 1.0
8 3.0
8 2.0
8 2.0
8 2.0
8 6.0
8 3.0
8 2.0
8 1.0
8 2.0
16 2.0
16 2.0
16 2.0
16 2.0
16 1.0
16 24.0
16 2.0
16 1.0
16 5.0
16 3.0
32 1.0
32 1.0
32 1.0
32 1.0
32 1.0
32 1.0
32 4.0
32 1.0
32 3.0
32 2.0
48 1.0
48 8.0
48 2.0
48 3.0
48 3.0
48 10.0
48 5.0
48 1.0
48 1.0
48 1.0
1 100.0
1 100.0
1 100.0
1 100.0
1 100.0
1 100.0
1 100.0
1 100.0
1 100.0
1 100.0
2 15.000001
2 2.0
2 7.0
2 6.0
2 4.0
2 7.0
2 17.0
2 16.0
2 10.0
2 7.0
4 2.0
4 1.0
4 3.0
4 1.0
4 1.0
4 1.0
4 2.0
4 1.0
4 1.0
4 3.0
8 1.0
8 2.0
8 4.0
8 1.0
8 2.0
8 3.0
8 1.0
8 1.0
8 3.0
8 1.0
16 1.0
16 4.0
16 5.0
16 3.0
16 2.0
16 1.0
16 3.0
16 1.0
16 1.0
16 1.0
32 1.0
32 5.0
32 16.0
32 2.0
32 1.0
32 5.0
32 1.0
32 1.0
32 3.0
32 4.0
48 1.0
48 1.0
48 2.0
48 1.0
48 1.0
48 3.0
48 1.0
48 2.0
48 1.0
48 1.0
1 1.0
1 1.0
1 1.0
1 1.0
1 3.0
1 1.0
1 1.0
1 1.0
1 1.0
1 1.0
1 1.0
1 2.0
1 1.0
1 1.0
1 1.0
1 1.0
1 1.0
1 2.0
1 1.0
1 3.0
2 1.0
2 1.0
2 1.0
2 1.0
2 1.0
2 1.0
2 1.0
2 1.0
2 2.0
2 1.0
2 1.0
2 1.0
2 1.0
2 1.0
2 1.0
2 1.0
2 7.0
2 1.0
2 1.0
2 1.0
4 1.0
4 1.0
4 1.0
4 1.0
4 1.0
4 3.0
4 1.0
4 1.0
4 1.0
4 1.0
4 1.0
4 1.0
4 1.0
4 1.0
4 1.0
4 1.0
4 1.0
4 1.0
4 1.0
4 1.0
8 1.0
8 1.0
8 1.0
8 1.0
8 1.0
8 1.0
8 1.0
8 1.0
8 1.0
8 1.0
8 1.0
8 1.0
8 1.0
8 1.0
8 1.0
8 1.0
8 1.0
8 1.0
8 1.0
8 1.0
16 2.0
16 1.0
16 1.0
16 1.0
16 1.0
16 1.0
16 1.0
16 1.0
16 1.0
16 1.0
16 1.0
16 1.0
16 1.0
16 2.0
16 1.0
16 2.0
16 1.0
16 1.0
16 1.0
16 1.0
32 1.0
32 1.0
32 1.0
32 1.0
32 1.0
32 1.0
32 1.0
32 1.0
32 1.0
32 1.0
32 1.0
32 1.0
32 1.0
32 1.0
32 1.0
32 1.0
32 1.0
32 1.0
32 1.0
32 1.0
48 1.0
48 1.0
48 1.0
48 1.0
48 1.0
48 1.0
48 1.0
48 1.0
48 1.0
48 1.0
48 1.0
48 1.0
48 1.0
48 1.0
48 1.0
48 1.0
48 1.0
48 1.0
48 1.0
48 1.0
