1 33.0
1 14.0
1 28.0
1 19.0
1 14.0
1 25.0
1 18.0
1 10.0
1 27.000002
1 22.0
2 28.0
1 11.0
1 17.0
1 22.0
1 20.0
1 21.0
1 24.0
1 19.0
1 23.0
1 20.0
1 28.0
2 22.0
1 14.0
1 7.0
1 15.000001
1 12.0
1 28.0
1 12.0
1 18.0
1 18.0
1 30.000002
1 18.0
1 14.0
1 15.000001
1 17.0
1 12.0
2 27.000002
2 23.0
2 36.0
2 35.0
2 35.0
2 34.0
2 27.000002
2 24.0
2 32.0
2 23.0
4 35.0
4 38.0
4 33.0
4 28.0
4 37.0
4 38.0
4 33.0
4 30.000002
4 36.0
4 25.0
8 33.0
8 34.0
8 24.0
8 29.0
8 31.0
8 34.0
8 31.0
8 30.000002
8 29.0
8 32.0
16 31.0
16 33.0
16 33.0
16 30.000002
16 32.0
16 30.000002
16 29.0
16 29.0
16 33.0
16 27.000002
32 28.0
32 27.000002
32 26.0
32 30.000002
32 33.0
32 31.0
32 28.0
32 31.0
32 30.000002
32 30.000002
48 30.000002
48 23.0
48 28.0
48 28.0
48 30.000002
48 30.000002
48 29.0
48 31.0
48 24.0
48 22.0
1 34.0
1 20.0
1 17.0
1 21.0
1 12.0
2 26.0
2 28.0
2 36.0
2 38.0
2 33.0
4 30.000002
4 30.000002
4 35.0
4 31.0
4 32.0
8 32.0
8 33.0
8 34.0
8 33.0
8 33.0
16 30.000002
16 32.0
16 31.0
16 31.0
16 36.0
32 33.0
32 31.0
32 31.0
32 28.0
32 22.0
48 28.0
48 21.0
48 28.0
48 34.0
48 36.0
