1 52.03
1 52.26
1 51.91
1 52.109997
1 52.219997
1 52.23
1 52.02
1 51.76
1 52.06
1 51.32
2 67.88
2 68.2
2 67.74
2 68.53
2 67.53
2 67.88
2 66.799995
2 66.88
2 66.97
2 62.300003
4 47.37
4 49.93
4 51.2
4 47.54
4 49.72
4 53.02
4 50.46
4 51.73
4 53.27
4 51.55
8 26.42
8 28.580002
8 27.630001
8 29.97
8 24.47
8 25.85
8 25.97
8 26.78
8 26.87
8 26.390001
16 18.970001
16 17.45
16 20.28
16 19.55
16 20.48
16 18.5
16 19.8
16 21.449999
16 20.54
16 18.61
32 12.720001
32 11.93
32 12.15
32 13.860001
32 11.31
32 11.64
32 14.41
32 13.570001
32 14.09
32 15.12
48 5.86
48 5.38
48 5.98
48 5.44
48 5.0299997
48 4.96
48 5.26
48 6.6699996
48 4.4300003
48 4.71
