1 0.82839996
1 0.82400006
1 0.82400006
1 0.8258
1 0.826
1 0.8258
1 0.8285
1 0.8207
1 0.8209
1 0.83
2 1.9255999
2 1.9231999
2 1.9240999
2 1.9204
2 1.9097
2 1.9074
2 1.9312
2 1.9077
2 1.9166
2 1.9161
4 3.5514998
4 3.5702999
4 3.5521002
4 3.5574
4 3.5684998
4 3.5802
4 3.5874002
4 3.5814
4 3.5813
4 3.5657997
8 5.4082
8 5.4037
8 5.3580003
8 5.3723
8 5.4117002
8 5.4106
8 5.3756
8 5.4037
8 5.3708
8 5.3788
16 6.0617
16 6.2963
16 6.2479
16 6.3258
16 6.2418
16 6.1299996
16 6.0938
16 6.2716
16 6.0584
16 6.2945
32 6.2645
32 6.1808
32 6.2375
32 6.2208
32 6.3174
32 6.2636003
32 6.1973
32 6.2787
32 6.1530004
32 6.2234
48 5.7679
48 5.6426997
48 5.7433
48 5.6419
48 5.625
48 5.68
48 5.7167
48 5.7778
48 5.5203
48 5.6671
