1 0.04
2 0.05
2 0.060000002
2 0.05
2 0.060000002
2 0.05
2 0.05
2 0.05
2 0.05
2 0.05
2 0.05
4 0.07
4 0.060000002
4 0.060000002
4 0.07
4 0.07
4 0.07
4 0.07
4 0.07
4 0.07
4 0.08
8 0.1
8 0.08
8 0.08
8 0.089999996
8 0.089999996
8 0.11
8 0.089999996
8 0.08
8 0.089999996
8 0.08
16 0.13
16 0.15
16 0.15
16 0.15
16 0.15
16 0.13
16 0.14
16 0.16
16 0.16
16 0.16
32 0.2
32 0.24000001
32 0.2
32 0.22
32 0.25
32 0.21
32 0.23
32 0.26
32 0.23
32 0.24000001
48 0.3
48 0.35000002
48 0.3
48 0.31
48 0.35000002
48 0.26
48 0.32999998
48 0.25
48 0.3
48 0.3
