1 0.0269
2 0.0286
4 0.02885
8 0.0292
16 0.029649999
32 0.02985
48 0.02985
1 0.0266
1 0.0266
1 0.0266
1 0.0266
1 0.0266
1 0.0266
1 0.0267
1 0.0266
1 0.0266
1 0.0266
2 0.0286
2 0.028499998
2 0.0287
2 0.028499998
2 0.0286
2 0.0286
2 0.028499998
2 0.0286
2 0.0286
2 0.028499998
4 0.0289
4 0.0289
4 0.0289
4 0.0289
4 0.028800001
4 0.029
4 0.0289
4 0.0289
4 0.0289
4 0.0289
8 0.0291
8 0.029299999
8 0.029
8 0.0291
8 0.0292
8 0.0292
8 0.029299999
8 0.029299999
8 0.0291
8 0.0291
16 0.0294
16 0.0297
16 0.029299999
16 0.0295
16 0.029900001
16 0.0298
16 0.0295
16 0.030000001
16 0.0297
16 0.029900001
32 0.030000001
32 0.029
32 0.0295
32 0.0301
32 0.030000001
32 0.0297
32 0.0294
32 0.0301
32 0.030000001
32 0.0302
48 0.028800001
48 0.029
48 0.0291
48 0.0291
48 0.0289
48 0.0289
48 0.0291
48 0.0289
48 0.0289
48 0.029299999
1 0.6795
1 0.6706
1 0.67980003
1 0.67719996
1 0.6768
1 0.6705
1 0.67730004
1 0.6782
1 0.6716
1 0.6775
2 0.4991
2 0.501
2 0.5102
2 0.5058
2 0.5065
2 0.5073
2 0.5017
2 0.5094
2 0.5041
2 0.5059
4 0.3528
4 0.35349998
4 0.34739998
4 0.3554
4 0.3475
4 0.3542
4 0.3589
4 0.354
4 0.3571
4 0.3626
8 0.2326
8 0.22680001
8 0.22809999
8 0.2247
8 0.221
8 0.2232
8 0.22569999
8 0.20969999
8 0.2325
8 0.2172
16 0.1294
16 0.1225
16 0.12779999
16 0.1224
16 0.1267
16 0.1253
16 0.1258
16 0.1261
16 0.1286
16 0.1309
32 0.104899995
32 0.101799995
32 0.1071
32 0.110400006
32 0.0981
32 0.1076
32 0.102299996
32 0.10339999
32 0.10779999
32 0.110700004
48 0.1044
48 0.1008
48 0.0995
48 0.102900006
48 0.1056
48 0.1009
48 0.100499995
48 0.0979
48 0.0973
48 0.0991
