1 24.0
2 12.0
2 16.0
2 25.0
2 16.0
2 18.0
2 12.0
2 13.0
2 22.0
2 16.0
2 15.000001
4 10.0
4 5.0
4 6.0
4 8.0
4 1.0
4 8.0
4 2.0
4 8.0
4 3.0
4 3.0
8 0.0
8 0.0
8 0.0
8 2.0
8 3.0
8 2.0
8 1.0
8 1.0
8 2.0
8 3.0
16 0.0
16 0.0
16 0.0
16 0.0
16 0.0
16 0.0
16 0.0
16 0.0
16 0.0
16 0.0
32 0.0
32 0.0
32 0.0
32 0.0
32 0.0
32 0.0
32 0.0
32 0.0
32 0.0
32 0.0
48 0.0
48 0.0
48 0.0
48 0.0
48 0.0
48 0.0
48 0.0
48 0.0
48 0.0
48 0.0
1 29.0
1 28.0
1 28.0
1 26.0
1 28.0
1 27.000002
1 24.0
1 26.0
1 26.0
1 29.0
2 13.0
2 10.0
2 13.0
2 13.0
2 14.0
2 20.0
2 14.0
2 18.0
2 14.0
2 15.000001
4 4.0
4 3.0
4 5.0
4 5.0
4 7.0
4 4.0
4 4.0
4 2.0
4 2.0
4 6.0
8 1.0
8 0.0
8 2.0
8 3.0
8 1.0
8 0.0
8 0.0
8 1.0
8 1.0
8 1.0
16 0.0
16 0.0
16 0.0
16 0.0
16 0.0
16 0.0
16 0.0
16 0.0
16 0.0
16 0.0
32 0.0
32 0.0
32 0.0
32 0.0
32 0.0
32 0.0
32 0.0
32 0.0
32 0.0
32 0.0
48 0.0
48 0.0
48 0.0
48 0.0
48 0.0
48 0.0
48 0.0
48 0.0
48 0.0
48 0.0
