1 2.0
1 2.0
2 7.0
2 6.0
4 7.0
4 7.0
8 29.0
8 17.0
16 32.0
16 34.0
32 41.0
32 47.0
48 56.0
48 41.0
1 2.0
2 5.0
4 12.0
8 19.0
16 29.0
32 47.0
48 45.0
1 2.0
1 4.0
1 4.0
1 1.0
1 1.0
1 5.0
1 2.0
1 1.0
1 3.0
1 4.0
2 2.0
2 11.0
2 3.0
2 5.0
2 9.0
2 3.0
2 4.0
2 4.0
2 8.0
2 6.0
4 10.0
4 7.0
4 9.0
4 8.0
4 8.0
4 11.0
4 9.0
4 7.0
4 11.0
4 12.0
8 21.0
8 19.0
8 14.0
8 23.0
8 23.0
8 15.000001
8 18.0
8 19.0
8 25.0
8 17.0
16 27.000002
16 32.0
16 30.000002
16 34.0
16 25.0
16 29.0
16 29.0
16 33.0
16 34.0
16 36.0
32 44.0
32 45.0
32 52.999996
32 51.0
32 52.0
32 38.0
32 52.0
32 50.0
32 44.0
32 43.0
48 48.0
48 46.0
48 49.0
48 40.0
48 44.0
48 40.0
48 51.0
48 51.0
48 52.0
48 45.0
