1 0.02
1 0.02
1 0.030000001
1 0.02
1 0.02
1 0.02
1 0.02
1 0.02
1 0.02
1 0.02
2 0.05
2 0.01
2 0.02
2 0.02
2 0.04
2 0.02
2 0.02
2 0.01
2 0.02
2 0.02
4 0.02
4 0.04
4 0.060000002
4 0.030000001
4 0.04
4 0.02
4 0.02
4 0.030000001
4 0.05
4 0.01
8 0.2
8 0.060000002
8 0.14
8 0.1
8 0.120000005
8 0.060000002
8 0.07
8 0.07
8 0.1
8 0.1
16 0.120000005
16 0.23
16 0.19
16 0.21
16 0.17999999
16 0.2
16 0.089999996
16 0.27
16 0.1
16 0.19
32 0.38
32 0.43
32 0.54
32 0.38
32 0.53
32 0.62
32 0.37
32 0.48000002
32 0.39
32 0.56
48 0.78999996
48 0.77
48 0.63
48 0.58
48 0.65999997
48 0.84
48 0.48000002
48 0.66999996
48 0.64
48 0.73
1 0.02
1 0.02
1 0.02
1 0.02
1 0.02
1 0.02
1 0.02
1 0.02
1 0.02
1 0.02
2 0.01
2 0.030000001
2 0.02
2 0.01
2 0.030000001
2 0.02
2 0.030000001
2 0.02
2 0.05
2 0.02
4 0.04
4 0.11
4 0.01
4 0.05
4 0.01
4 0.01
4 0.04
4 0.04
4 0.01
4 0.02
8 0.08
8 0.13
8 0.120000005
8 0.120000005
8 0.030000001
8 0.120000005
8 0.089999996
8 0.089999996
8 0.07
8 0.11
16 0.14
16 0.11
16 0.2
16 0.17999999
16 0.17
16 0.32
16 0.19
16 0.21
16 0.13
16 0.24000001
32 0.57
32 0.54
32 0.56
32 0.37
32 0.35999998
32 0.47
32 0.47
32 0.35000002
32 0.35999998
32 0.41
48 0.58
48 0.74
48 0.52
48 0.62
48 0.57
48 0.91
48 0.61
48 0.61
48 0.68
48 0.63
