1 0.83769995
1 0.8348
1 0.8346
1 0.83529997
1 0.83349997
1 0.8352
1 0.8346
1 0.83799994
1 0.83750004
1 0.836
2 1.9258
2 1.9265
2 1.9282
2 1.9129001
2 1.9236001
2 1.9230001
2 1.9287
2 1.8975
2 1.9057
2 1.9245001
4 3.5650997
4 3.5637
4 3.583
4 3.5767
4 3.5784
4 3.6214
4 3.5709999
4 3.5650997
4 3.5909002
4 3.5814
8 5.4414
8 5.508
8 5.4809
8 5.5132003
8 5.4789
8 5.4831
8 5.4718
8 5.5619
8 5.5324
8 5.4592
16 6.1007
16 6.1732
16 6.2922997
16 6.0759
16 6.3125
16 6.0895
16 6.1268
16 6.2974
16 6.3189
16 6.2646003
32 6.2904
32 6.3065996
32 6.2721996
32 6.3286
32 6.4
32 6.2085
32 6.1582
32 6.3304
32 6.2375
32 6.2812
48 5.6014004
48 5.5765
48 5.6782
48 5.7209
48 5.6263
48 5.7198
48 5.7071
48 5.6998
48 5.6587
48 5.5773
