1 2.0
1 3.0
1 2.0
1 1.0
1 1.0
1 4.0
1 1.0
1 2.0
1 3.0
1 2.0
2 1.0
1 5.0
1 1.0
1 2.0
1 4.0
1 1.0
1 3.0
1 1.0
1 11.0
1 2.0
1 1.0
2 2.0
1 4.0
1 1.0
1 1.0
1 2.0
1 1.0
1 2.0
1 2.0
1 5.0
1 1.0
1 2.0
1 4.0
1 2.0
1 3.0
1 2.0
2 14.0
2 2.0
2 1.0
2 5.0
2 10.0
2 1.0
2 2.0
2 4.0
2 15.000001
2 5.0
4 2.0
4 5.0
4 6.0
4 5.0
4 1.0
4 3.0
4 3.0
4 9.0
4 4.0
4 10.0
8 6.0
8 6.0
8 2.0
8 8.0
8 6.0
8 2.0
8 7.0
8 6.0
8 8.0
8 3.0
16 6.0
16 3.0
16 3.0
16 7.0
16 5.0
16 7.0
16 7.0
16 7.0
16 3.0
16 13.0
32 8.0
32 5.0
32 4.0
32 1.0
32 2.0
32 5.0
32 3.0
32 8.0
32 6.0
32 3.0
48 3.0
48 2.0
48 2.0
48 1.0
48 3.0
48 1.0
48 3.0
48 1.0
48 2.0
48 2.0
1 1.0
1 3.0
1 2.0
1 3.0
1 3.0
2 9.0
2 9.0
2 11.0
2 2.0
2 5.0
4 6.0
4 3.0
4 9.0
4 12.0
4 9.0
8 3.0
8 7.0
8 5.0
8 9.0
8 4.0
16 5.0
16 4.0
16 9.0
16 7.0
16 3.0
32 3.0
32 3.0
32 5.0
32 3.0
32 5.0
48 8.0
48 4.0
48 3.0
48 2.0
48 1.0
