1 0.1761
2 0.1122
4 0.20895
8 0.28835
16 0.37805003
32 0.47255
48 0.5745
1 0.24300002
1 0.2642
1 0.21559998
1 0.24300002
1 0.24300002
1 0.24300002
1 0.24300002
1 0.24300002
1 0.24300002
1 0.24290001
2 0.10470001
2 0.1052
2 0.1045
2 0.1045
2 0.105
2 0.105
2 0.105399996
2 0.1053
2 0.1179
2 0.118300006
4 0.19219999
4 0.1929
4 0.193
4 0.1936
4 0.1939
4 0.194
4 0.1929
4 0.1939
4 0.2041
4 0.1946
8 0.2787
8 0.2873
8 0.27920002
8 0.2769
8 0.2813
8 0.28079998
8 0.27650002
8 0.2803
8 0.2875
8 0.27719998
16 0.3587
16 0.40350002
16 0.40369996
16 0.396
16 0.3627
16 0.34739998
16 0.3636
16 0.3319
16 0.3631
16 0.3837
32 0.4425
32 0.48819998
32 0.4997
32 0.5166
32 0.43910003
32 0.48540002
32 0.5054
32 0.4679
32 0.4875
32 0.49589998
48 0.6166
48 0.6054
48 0.5965
48 0.5847
48 0.6081
48 0.5851
48 0.6081
48 0.6018
48 0.603
48 0.6096
1 1.0E-4
1 1.0E-4
1 1.0E-4
1 1.0E-4
1 1.0E-4
1 1.0E-4
1 1.0E-4
1 1.0E-4
1 1.0E-4
1 1.0E-4
2 1.0E-4
2 1.0E-4
2 1.0E-4
2 1.0E-4
2 1.0E-4
2 1.0E-4
2 1.0E-4
2 1.0E-4
2 1.0E-4
2 1.0E-4
4 1.0E-4
4 1.0E-4
4 1.0E-4
4 1.0E-4
4 1.0E-4
4 1.0E-4
4 1.0E-4
4 1.0E-4
4 1.0E-4
4 1.0E-4
8 1.0E-4
8 1.0E-4
8 1.0E-4
8 1.0E-4
8 1.0E-4
8 1.0E-4
8 1.0E-4
8 1.0E-4
8 1.0E-4
8 1.0E-4
16 1.0E-4
16 1.0E-4
16 1.0E-4
16 1.0E-4
16 1.0E-4
16 1.0E-4
16 1.0E-4
16 1.0E-4
16 1.0E-4
16 1.0E-4
32 1.0E-4
32 1.0E-4
32 1.0E-4
32 1.0E-4
32 1.0E-4
32 1.0E-4
32 1.0E-4
32 1.0E-4
32 1.0E-4
32 1.0E-4
48 1.0E-4
48 1.0E-4
48 1.0E-4
48 1.0E-4
48 1.0E-4
48 1.0E-4
48 1.0E-4
48 1.0E-4
48 1.0E-4
48 1.0E-4
