1 7.39
1 7.35
1 7.4199996
1 7.4100003
1 7.44
1 7.39
1 7.3799996
1 7.64
1 7.5499997
1 7.62
2 6.56
2 5.7
2 5.77
2 5.75
2 6.53
2 5.59
2 8.22
2 7.84
2 8.299999
2 11.37
4 25.27
4 23.87
4 23.08
4 24.529999
4 24.99
4 24.55
4 24.72
4 24.39
4 23.78
4 23.49
8 41.74
8 39.629997
8 40.98
8 40.16
8 42.82
8 41.72
8 42.22
8 40.84
8 41.350002
8 41.9
16 48.92
16 50.550003
16 47.68
16 46.6
16 47.74
16 48.51
16 48.899998
16 44.63
16 45.51
16 49.86
32 53.420002
32 57.36
32 56.910004
32 55.690002
32 55.05
32 56.0
32 55.22
32 56.65
32 55.79
32 57.120003
48 51.27
48 59.179996
48 54.52
48 56.120003
48 57.510002
48 57.85
48 56.65
48 52.420002
48 56.519997
48 58.350002
