1 46.039997
2 55.18
2 55.07
2 55.79
2 55.89
2 55.83
2 55.46
2 55.29
2 55.67
2 55.61
2 56.4
4 60.36
4 59.429996
4 61.23
4 59.24
4 61.15
4 58.52
4 59.859997
4 60.27
4 60.93
4 58.079998
8 58.02
8 58.27
8 58.09
8 57.58
8 57.52
8 59.600002
8 57.86
8 57.94
8 58.28
8 58.03
16 43.97
16 44.25
16 43.79
16 43.37
16 44.7
16 44.77
16 43.66
16 45.899998
16 43.399998
16 43.94
32 29.49
32 29.460001
32 30.24
32 29.890001
32 28.240002
32 30.03
32 28.470001
32 28.92
32 29.269999
32 30.070002
48 16.93
48 15.14
48 15.800001
48 15.889999
48 14.62
48 16.16
48 17.0
48 16.11
48 15.73
48 15.98
1 45.98
1 46.07
1 46.05
1 46.12
1 46.079998
1 46.079998
1 46.05
1 46.12
1 46.059998
1 46.09
2 54.96
2 54.5
2 55.61
2 55.229996
2 55.620003
2 55.46
2 55.909996
2 56.1
2 55.58
2 54.72
4 60.039997
4 59.49
4 59.530003
4 60.100002
4 59.460003
4 57.440002
4 59.62
4 58.929996
4 58.74
4 59.69
8 56.4
8 58.99
8 60.71
8 60.37
8 60.170002
8 58.07
8 57.04
8 56.72
8 60.039997
8 55.46
16 45.95
16 44.88
16 43.84
16 44.55
16 43.29
16 44.0
16 43.53
16 42.92
16 44.940002
16 45.170002
32 29.44
32 29.42
32 29.87
32 30.47
32 33.68
32 30.17
32 30.230001
32 29.99
32 28.77
32 28.259998
48 15.000001
48 16.74
48 16.47
48 14.679999
48 14.599999
48 13.61
48 15.940001
48 16.49
48 15.84
48 16.66
