1 0.7298
2 0.5049
4 0.3269
8 0.1813
16 0.1167
32 0.099700004
48 0.0962
1 0.3826
1 0.3788
1 0.3826
1 0.3772
1 0.3743
1 0.369
1 0.373
1 0.3818
1 0.3767
1 0.37199998
2 0.5593
2 0.57100004
2 0.5449
2 0.55880004
2 0.555
2 0.55120003
2 0.5717
2 0.5571
2 0.5593
2 0.5597
4 0.385
4 0.4001
4 0.38459998
4 0.40150002
4 0.3904
4 0.3855
4 0.3922
4 0.3884
4 0.3854
4 0.39110002
8 0.3518
8 0.33789998
8 0.35329998
8 0.3424
8 0.3548
8 0.3417
8 0.3463
8 0.34620002
8 0.345
8 0.34620002
16 0.2694
16 0.2618
16 0.2769
16 0.2696
16 0.2744
16 0.27199998
16 0.271
16 0.2752
16 0.2812
16 0.2759
32 0.1889
32 0.204
32 0.1807
32 0.2237
32 0.1963
32 0.1806
32 0.2
32 0.1852
32 0.223
32 0.18439999
48 0.1601
48 0.1579
48 0.16
48 0.15
48 0.1559
48 0.1593
48 0.1579
48 0.15450001
48 0.1532
48 0.1554
