1 51.72
1 51.72
1 52.02
1 51.78
1 51.81
1 51.78
1 51.5
1 51.53
1 51.8
1 51.52
2 66.24
2 65.16
2 66.229996
2 64.97
2 65.240005
2 65.64
2 65.99
2 65.16
2 65.74
2 65.55
4 53.73
4 57.17
4 51.54
4 52.649998
4 51.42
4 52.280003
4 50.15
4 55.089996
4 57.89
4 53.829998
8 28.04
8 26.94
8 26.820002
8 28.46
8 28.71
8 28.54
8 27.579998
8 32.370003
8 30.989998
8 26.94
16 18.77
16 28.720001
16 21.03
16 24.03
16 17.560001
16 17.12
16 21.21
16 15.880001
16 19.66
16 22.560001
32 12.41
32 9.96
32 12.19
32 8.71
32 9.6
32 13.93
32 16.619999
32 13.83
32 10.51
32 11.32
48 6.3
48 5.13
48 4.7400002
48 7.0200005
48 6.84
48 6.8999996
48 5.43
48 7.08
48 6.96
48 5.39
