1 6.0
2 3.0
4 3.1
8 2.5
16 4.4
32 13.0
48 13.3
1 19.0
2 7.0
4 11.0
8 2.0
16 1.0
32 1.0
48 16.0
1 2.0
2 4.0
4 3.0
1 1.0
2 4.0
4 2.0
8 1.0
16 8.0
32 4.0
48 20.0
1 1.0
2 4.0
4 6.0
8 2.0
16 13.0
32 20.0
48 15.000001
1 21.0
2 4.0
4 12.0
8 11.0
16 6.0
32 7.0
48 15.000001
1 1.0
2 5.0
4 6.0
8 2.0
16 16.0
32 18.0
48 15.000001
1 16.0
2 1.0
4 11.0
8 2.0
16 2.0
32 10.0
48 9.0
1 1.0
2 2.0
4 2.0
8 7.0
16 2.0
32 10.0
48 13.0
1 11.0
2 2.0
4 5.0
8 1.0
16 2.0
32 9.0
48 15.000001
1 17.0
2 3.0
4 3.0
8 2.0
16 3.0
32 13.0
48 19.0
1 19.0
2 4.0
4 1.0
8 3.0
16 8.0
32 8.0
48 8.0
1 15.000001
2 2.0
4 1.0
8 1.0
16 5.0
32 18.0
48 23.0
1 12.0
2 10.0
4 14.0
8 4.0
16 16.0
32 5.0
48 16.0
1 16.0
2 5.0
4 2.0
8 4.0
16 17.0
32 4.0
48 21.0
1 1.0
2 2.0
4 1.0
8 7.0
16 11.0
32 10.0
48 6.0
1 1.0
2 3.0
4 3.0
8 4.0
16 6.0
32 14.0
48 6.0
1 1.0
1 1.0
2 1.0
2 1.0
4 1.0
4 1.0
8 1.0
8 1.0
1 2.0
1 1.0
2 1.0
2 1.0
4 1.0
4 1.0
1 3.0
1 1.0
1 2.0
1 1.0
1 4.0
2 1.0
2 3.0
2 1.0
4 1.0
4 1.0
4 1.0
8 1.0
8 1.0
8 1.0
1 1.0
1 6.0
1 1.0
2 1.0
2 1.0
2 1.0
4 1.0
4 1.0
4 1.0
1 1.0
1 2.0
1 1.0
2 1.0
2 1.0
2 1.0
4 1.0
1 2.0
1 1.0
2 1.0
2 1.0
4 1.0
4 1.0
8 1.0
8 1.0
16 1.0
16 1.0
32 1.0
32 1.0
48 1.0
48 1.0
1 2.0
1 1.0
2 1.0
2 1.0
4 1.0
4 1.0
8 1.0
8 1.0
16 2.0
16 1.0
32 1.0
32 2.0
48 1.0
48 1.0
1 1.0
1 1.0
1 1.0
1 2.0
1 1.0
1 1.0
1 1.0
1 5.0
1 1.0
1 1.0
2 1.0
2 1.0
2 1.0
2 1.0
2 4.0
2 6.0
2 1.0
2 1.0
2 1.0
2 1.0
4 1.0
4 1.0
4 1.0
4 2.0
4 1.0
4 1.0
4 1.0
4 1.0
4 1.0
4 1.0
8 1.0
8 1.0
8 1.0
8 1.0
8 1.0
8 1.0
8 1.0
8 1.0
8 1.0
8 1.0
16 1.0
16 1.0
16 1.0
16 1.0
16 1.0
16 1.0
16 1.0
16 1.0
16 1.0
16 1.0
32 1.0
32 1.0
32 1.0
32 1.0
32 1.0
32 1.0
32 1.0
32 1.0
32 1.0
32 1.0
48 1.0
48 1.0
48 1.0
48 1.0
48 1.0
48 1.0
48 1.0
48 1.0
48 1.0
48 1.0
1 100.0
1 1.0
1 1.0
2 1.0
2 1.0
2 1.0
4 1.0
4 1.0
4 1.0
8 1.0
8 1.0
8 1.0
16 1.0
16 1.0
16 2.0
32 1.0
32 1.0
32 1.0
48 1.0
48 1.0
48 1.0
1 2.0
1 2.0
1 1.0
2 1.0
2 2.0
2 1.0
4 1.0
4 1.0
4 1.0
8 1.0
8 1.0
8 1.0
16 1.0
16 1.0
16 1.0
32 1.0
32 1.0
32 1.0
48 1.0
48 1.0
48 1.0
1 1.0
1 1.0
1 1.0
2 1.0
2 1.0
2 1.0
4 1.0
4 1.0
4 1.0
8 1.0
8 1.0
8 1.0
16 1.0
16 1.0
16 1.0
32 1.0
32 1.0
32 1.0
48 1.0
48 1.0
48 1.0
1 2.0
2 1.0
4 1.0
8 1.0
16 1.0
32 1.0
48 1.0
1 1.0
2 1.0
4 1.0
8 1.0
16 1.0
32 1.0
48 1.0
1 1.0
1 1.0
2 1.0
2 1.0
4 1.0
4 1.0
8 1.0
8 1.0
16 1.0
16 1.0
32 1.0
32 1.0
48 1.0
48 1.0
1 3.0
1 1.0
2 1.0
2 1.0
4 1.0
4 1.0
8 1.0
8 1.0
16 2.0
16 1.0
32 1.0
32 1.0
48 1.0
48 1.0
