1 1.0
1 2.0
2 4.0
2 7.0
4 14.0
4 8.0
8 18.0
8 16.0
16 29.0
16 36.0
32 52.0
32 29.0
48 51.0
48 45.0
1 4.0
2 1.0
4 4.0
8 18.0
16 30.000002
32 46.0
48 36.0
1 1.0
1 1.0
1 2.0
1 2.0
1 1.0
1 4.0
1 2.0
1 2.0
1 1.0
1 1.0
2 5.0
2 5.0
2 6.0
2 5.0
2 3.0
2 4.0
2 8.0
2 2.0
2 6.0
2 5.0
4 12.0
4 10.0
4 13.0
4 15.000001
4 12.0
4 12.0
4 10.0
4 11.0
4 10.0
4 7.0
8 15.000001
8 18.0
8 18.0
8 18.0
8 19.0
8 21.0
8 20.0
8 15.000001
8 20.0
8 18.0
16 30.000002
16 28.0
16 22.0
16 28.0
16 34.0
16 27.000002
16 32.0
16 34.0
16 37.0
16 27.000002
32 42.0
32 50.0
32 45.0
32 43.0
32 44.0
32 47.0
32 43.0
32 56.0
32 52.0
32 40.0
48 49.0
48 45.0
48 48.0
48 49.0
48 41.0
48 45.0
48 41.0
48 47.0
48 44.0
48 34.0
