1 0.35999998
1 0.35000002
1 0.01
1 0.34
1 0.35999998
1 0.26
1 0.34
1 0.34
1 0.31
1 0.38
2 0.01
2 1.01
2 0.02
2 0.01
2 0.01
2 0.02
2 0.01
2 0.84
2 0.01
2 0.02
4 0.01
4 0.01
4 0.01
4 0.01
4 0.01
4 0.01
4 0.01
4 0.01
4 0.01
4 0.060000002
8 0.01
8 0.01
8 0.01
8 0.01
8 0.01
8 0.01
8 0.01
8 0.01
8 0.01
8 0.01
16 0.01
16 0.01
16 0.01
16 0.01
16 0.01
16 0.01
16 0.01
16 0.01
16 0.01
16 0.01
32 0.01
32 0.01
32 0.01
32 0.01
32 0.01
32 0.01
32 0.01
32 0.01
32 0.01
32 0.01
48 0.01
48 0.01
48 0.01
48 0.01
48 0.01
48 0.01
48 0.01
48 0.01
48 0.01
48 0.01
1 0.34
1 0.32999998
1 0.35000002
1 0.29
1 0.32999998
1 0.34
1 0.34
1 0.34
1 0.34
1 0.31
2 0.95
2 0.01
2 0.030000001
2 0.78999996
2 0.01
2 0.01
2 0.01
2 0.02
2 0.01
2 0.01
4 0.01
4 0.01
4 0.120000005
4 0.01
4 0.089999996
4 0.07
4 0.01
4 0.01
4 0.04
4 0.01
8 0.01
8 0.01
8 0.01
8 0.01
8 0.01
8 0.01
8 0.01
8 0.01
8 0.01
8 0.01
16 0.01
16 0.01
16 0.01
16 0.01
16 0.01
16 0.01
16 0.01
16 0.01
16 0.01
16 0.01
32 0.01
32 0.01
32 0.01
32 0.01
32 0.01
32 0.01
32 0.01
32 0.01
32 0.01
32 0.01
48 0.01
48 0.01
48 0.01
48 0.01
48 0.01
48 0.01
48 0.01
48 0.01
48 0.01
48 0.01
