1 0.7241
1 0.7258
1 0.72650003
1 0.72650003
1 0.72690004
1 0.7262
1 0.7246
1 0.7252
1 0.7274
1 0.7257
2 0.50380003
2 0.4977
2 0.4997
2 0.4968
2 0.4979
2 0.5047
2 0.5028
2 0.5065
2 0.50130004
2 0.50519997
4 0.3222
4 0.3238
4 0.3222
4 0.31649998
4 0.3292
4 0.3249
4 0.3198
4 0.31149998
4 0.3183
4 0.332
8 0.1733
8 0.1652
8 0.1601
8 0.1795
8 0.1781
8 0.16260001
8 0.16309999
8 0.1621
8 0.1592
8 0.159
16 0.11840001
16 0.118499994
16 0.115100004
16 0.118599996
16 0.118999995
16 0.1177
16 0.11709999
16 0.1144
16 0.12009999
16 0.116
32 0.09990001
32 0.1031
32 0.1053
32 0.0949
32 0.0945
32 0.1071
32 0.0978
32 0.1039
32 0.101600006
32 0.0978
48 0.0944
48 0.0969
48 0.0978
48 0.100499995
48 0.0951
48 0.10470001
48 0.101600006
48 0.1007
48 0.0965
48 0.0993
1 0.7258
1 0.7267
1 0.7231
1 0.72209996
1 0.7243
1 0.7248
1 0.7213
1 0.7255
1 0.726
1 0.7238
2 0.5032
2 0.496
2 0.5002
2 0.502
2 0.5073
2 0.5036
2 0.4947
2 0.5014
2 0.4923
2 0.5
4 0.327
4 0.3242
4 0.32279998
4 0.3156
4 0.3181
4 0.3091
4 0.3141
4 0.3188
4 0.3238
4 0.3188
8 0.1617
8 0.167
8 0.1752
8 0.1579
8 0.1668
8 0.1587
8 0.16589999
8 0.16430001
8 0.1673
8 0.1697
16 0.1163
16 0.116
16 0.1217
16 0.117199995
16 0.110999994
16 0.1191
16 0.115499996
16 0.1146
16 0.115499996
16 0.120299995
32 0.1012
32 0.1001
32 0.10610001
32 0.099800006
32 0.100499995
32 0.1076
32 0.10039999
32 0.1002
32 0.101500005
32 0.1002
48 0.0953
48 0.0989
48 0.104600005
48 0.10300001
48 0.098000005
48 0.10349999
48 0.0996
48 0.0976
48 0.099800006
48 0.1007
