1 94.0
1 94.0
1 95.0
1 94.0
1 94.0
1 94.0
1 94.0
1 94.0
1 94.0
1 95.0
2 99.0
2 98.0
2 95.0
2 97.0
2 98.0
2 99.0
2 99.0
2 100.0
2 99.0
2 98.0
4 97.0
4 94.0
4 94.0
4 96.0
4 95.0
4 97.0
4 95.0
4 98.0
4 96.0
4 97.0
8 93.0
8 96.0
8 98.0
8 94.0
8 94.0
8 95.0
8 95.0
8 97.0
8 95.0
8 95.0
16 80.0
16 83.0
16 84.0
16 85.0
16 82.0
16 83.0
16 81.0
16 84.0
16 83.0
16 83.0
32 87.0
32 81.0
32 81.0
32 77.0
32 79.0
32 73.0
32 81.0
32 90.0
32 84.0
32 85.0
48 76.0
48 77.0
48 76.0
48 87.0
48 82.0
48 79.0
48 80.0
48 88.0
48 78.0
48 80.0
