1 2.0
1 1.0
1 1.0
1 1.0
1 4.0
1 1.0
1 6.0
1 2.0
1 1.0
1 1.0
2 2.0
2 2.0
2 4.0
2 3.0
2 5.0
2 3.0
2 6.0
2 4.0
2 2.0
2 11.0
4 9.0
4 5.0
4 10.0
4 9.0
4 10.0
4 7.0
4 9.0
4 10.0
4 11.0
4 12.0
8 24.0
8 18.0
8 20.0
8 22.0
8 13.0
8 24.0
8 21.0
8 20.0
8 25.0
8 23.0
16 28.0
16 26.0
16 28.0
16 33.0
16 28.0
16 29.0
16 33.0
16 19.0
16 33.0
16 34.0
32 47.0
32 45.0
32 41.0
32 42.0
32 42.0
32 49.0
32 46.0
32 40.0
32 47.0
32 44.0
48 43.0
48 46.0
48 42.0
48 49.0
48 50.0
48 46.0
48 48.0
48 41.0
48 44.0
48 48.0
1 1.0
1 1.0
1 6.0
1 5.0
1 1.0
1 2.0
1 1.0
1 1.0
1 2.0
1 1.0
2 4.0
2 4.0
2 7.0
2 4.0
2 2.0
2 3.0
2 7.0
2 4.0
2 2.0
2 4.0
4 10.0
4 14.0
4 10.0
4 13.0
4 11.0
4 12.0
4 7.0
4 11.0
4 9.0
4 17.0
8 21.0
8 20.0
8 16.0
8 27.000002
8 21.0
8 28.0
8 20.0
8 24.0
8 12.0
8 28.0
16 25.0
16 33.0
16 35.0
16 29.0
16 23.0
16 37.0
16 30.000002
16 30.000002
16 30.000002
16 30.000002
32 52.0
32 46.0
32 44.0
32 38.0
32 38.0
32 40.0
32 38.0
32 44.0
32 38.0
32 51.0
48 44.0
48 48.0
48 55.0
48 40.0
48 45.0
48 44.0
48 46.0
48 48.0
48 46.0
48 45.0
