1 11.5953
1 11.594601
1 11.5948
1 11.5949
1 11.595
1 11.5949
1 11.5948
1 11.5952
1 11.5953
1 11.5953
2 26.063099
2 26.087498
2 26.066101
2 26.0634
2 26.0849
2 26.0835
2 26.0703
2 26.092602
2 26.0896
2 26.0761
4 42.7142
4 42.731
4 42.7268
4 42.717598
4 42.7257
4 42.775402
4 42.745102
4 42.6777
4 42.7164
4 42.7299
8 57.4808
8 57.3569
8 57.395702
8 57.493103
8 57.341896
8 57.486702
8 57.423
8 57.273697
8 57.3408
8 57.4214
16 66.592094
16 66.3676
16 66.846504
16 67.0409
16 66.3633
16 67.126205
16 67.623505
16 66.2201
16 66.340294
16 66.740105
32 73.4543
32 73.3702
32 73.4325
32 73.9294
32 71.8385
32 73.725
32 73.3132
32 73.288
32 73.5356
32 73.4056
48 77.549706
48 77.2308
48 76.9684
48 76.8863
48 77.3719
48 76.853004
48 77.148094
48 76.9992
48 77.305695
48 77.3004
