1 11.5936
1 11.5936
1 11.5935
1 11.5935
1 11.5936
1 11.5936
1 11.5935
1 11.5928
1 11.5929
1 11.594
2 26.073599
2 26.069302
2 26.0763
2 26.0785
2 26.089998
2 26.079699
2 26.0791
2 26.0641
2 26.0632
2 26.0704
4 42.7649
4 42.7387
4 42.721
4 42.7468
4 42.7579
4 42.7066
4 42.7145
4 42.6629
4 42.736797
4 42.7024
8 57.4005
8 57.432003
8 57.4476
8 57.4289
8 57.361103
8 57.4467
8 57.3685
8 57.3645
8 57.410004
8 57.392597
16 67.8674
16 66.3546
16 66.6286
16 66.6066
16 66.4225
16 66.284195
16 67.559
16 66.5918
16 66.586205
16 66.5215
32 73.2016
32 73.3255
32 73.4769
32 73.5333
32 73.3769
32 73.7505
32 73.1869
32 74.1689
32 73.9541
32 73.4966
48 77.0315
48 77.0782
48 76.7666
48 76.895996
48 77.141304
48 77.1007
48 76.8986
48 76.9606
48 77.0122
48 77.1689
