1 11.6024
1 11.6024
1 11.6031
1 11.6024
1 11.6028
1 11.6024
1 11.6024
1 11.6024
1 11.6024
1 11.6023
2 26.3643
2 26.3648
2 26.3637
2 26.3619
2 26.3627
2 26.3659
2 26.3626
2 26.3661
2 26.3651
2 26.3666
4 43.8732
4 43.8687
4 43.8658
4 43.8669
4 43.8719
4 43.8682
4 43.870197
4 43.8706
4 43.867798
4 43.862
8 60.3846
8 60.4421
8 60.423702
8 60.437298
8 60.390198
8 60.407196
8 60.4277
8 60.417496
8 60.4096
8 60.4185
16 71.4545
16 71.7377
16 68.9963
16 71.10091
16 71.1998
16 72.0426
16 71.4914
16 71.5492
16 71.4004
16 71.572296
32 78.7744
32 77.9939
32 78.7622
32 77.9828
32 78.7314
32 79.2295
32 78.732
32 78.8104
32 78.8236
32 78.9732
48 81.9938
48 82.1986
48 81.7051
48 81.934
48 82.1443
48 82.0033
48 81.8729
48 82.0618
48 81.9126
48 81.8972
1 11.6023
1 11.6028
1 11.6021
1 11.6021
1 11.6023
1 11.6024
1 11.6017
1 11.602699
1 11.6023
1 11.6022
2 26.3657
2 26.363098
2 26.3629
2 26.3627
2 26.367102
2 26.3648
2 26.3628
2 26.3642
2 26.363998
2 26.360601
4 43.8671
4 43.873
4 43.8626
4 43.8723
4 43.8688
4 43.8671
4 43.869
4 43.8613
4 43.8635
4 43.8636
8 60.4301
8 60.4027
8 60.3934
8 60.3821
8 60.4105
8 60.4298
8 60.3894
8 60.4213
8 60.424698
8 60.4307
16 71.2262
16 71.6625
16 73.1941
16 71.5524
16 71.402
16 71.035095
16 72.0689
16 71.6956
16 71.0921
16 72.1801
32 78.8958
32 79.1848
32 79.026505
32 79.2181
32 78.5039
32 78.758
32 79.264
32 78.8905
32 78.8449
32 77.8087
48 81.8265
48 81.891205
48 81.9091
48 81.5591
48 81.8156
48 82.0913
48 82.0054
48 82.03529
48 81.854996
48 81.873
