1 0.23900001
2 0.39000002
4 2.0779998
8 0.156
16 0.128
32 0.07699999
48 0.011999998
1 0.01
2 0.52
4 0.120000005
8 0.02
16 0.02
32 0.15
48 0.05
1 0.24000001
2 0.58
4 1.35
8 0.25
16 0.01
32 0.04
48 0.23
1 0.24000001
2 0.52
4 1.21
8 0.19
16 0.02
32 0.11
48 0.07
1 0.22
2 0.59000003
4 1.42
8 0.35999998
16 0.02
32 0.02
48 0.04
1 0.22
2 0.71
4 1.42
8 0.01
16 0.02
32 0.22
48 0.01
1 0.19
2 0.32999998
4 2.74
8 0.060000002
16 0.26
32 0.01
48 0.120000005
1 0.24000001
2 0.46
4 1.52
8 0.3
16 0.2
32 0.02
48 0.05
1 0.19
2 0.43
4 1.23
8 0.05
16 0.05
32 0.08
48 0.02
1 0.23
2 0.47
4 1.38
8 0.26
16 0.01
32 0.07
48 0.030000001
1 0.27
2 0.51
4 0.060000002
8 0.25
16 0.01
32 0.24000001
48 0.04
1 0.26
2 0.51
4 1.21
8 0.2
16 0.01
32 0.01
48 0.02
1 0.23
2 0.41
4 1.39
8 0.22
16 0.060000002
32 0.07
48 0.16
1 0.24000001
2 0.49
4 1.2900001
8 0.01
16 0.23
32 0.030000001
48 0.04
1 0.2
2 0.47
4 1.5900002
8 0.23
16 0.01
32 0.01
48 0.030000001
1 0.91
1 0.87
2 0.45
2 0.43
4 0.08
4 0.07
8 0.01
8 0.01
1 0.93
1 0.87
2 0.52
2 0.45
4 0.04
4 0.1
1 3.6699998
1 3.87
2 0.02
2 0.01
4 0.01
4 0.01
8 0.01
8 0.01
16 0.01
16 0.01
32 0.01
32 0.01
48 0.01
48 0.01
1 3.6200001
1 3.87
2 0.01
2 0.01
4 0.060000002
4 0.02
8 0.27
8 0.01
16 0.01
16 0.01
32 0.01
32 0.01
48 0.01
48 0.01
1 0.07
1 0.060000002
1 0.07
1 0.05
1 0.060000002
1 0.07
1 0.060000002
1 0.07
1 0.060000002
1 0.060000002
2 0.94
2 0.01
2 0.030000001
2 0.84
2 0.02
2 1.12
2 0.01
2 0.01
2 0.01
2 0.01
4 0.060000002
4 0.01
4 0.01
4 0.16
4 0.01
4 0.01
4 0.01
4 0.01
4 0.01
4 0.120000005
8 0.01
8 0.01
8 0.01
8 0.01
8 0.01
8 0.01
8 0.01
8 0.01
8 0.01
8 0.01
16 0.01
16 0.01
16 0.01
16 0.01
16 0.01
16 0.01
16 0.01
16 0.01
16 0.01
16 0.01
32 0.01
32 0.01
32 0.01
32 0.01
32 0.01
32 0.01
32 0.01
32 0.01
32 0.01
32 0.01
48 0.01
48 0.01
48 0.01
48 0.01
48 0.01
48 0.01
48 0.01
48 0.01
48 0.01
48 0.01
