1 98.0
1 97.0
1 95.0
1 97.0
1 83.0
1 98.0
1 93.0
1 93.0
1 98.0
1 98.0
2 89.0
2 96.0
2 89.0
2 96.0
2 93.0
2 93.0
2 74.0
2 84.0
2 95.0
2 64.0
4 89.0
4 89.0
4 58.0
4 80.0
4 73.0
4 87.0
4 89.0
4 84.0
4 78.0
4 75.0
8 67.0
8 80.0
8 74.0
8 61.0
8 78.0
8 82.0
8 79.0
8 56.0
8 62.0
8 70.0
16 38.0
16 56.0
16 69.0
16 51.0
16 44.0
16 39.0
16 48.0
16 52.0
16 38.0
16 45.0
32 45.0
32 52.0
32 44.0
32 41.0
32 34.0
32 43.0
32 41.0
32 48.0
32 44.0
32 12.0
48 45.0
48 31.0
48 63.0
48 37.0
48 44.0
48 38.0
48 43.0
48 28.0
48 44.0
48 39.0
1 99.0
1 98.0
1 72.0
1 89.0
1 99.0
1 98.0
1 99.0
1 96.0
1 95.0
1 97.0
2 89.0
2 93.0
2 92.0
2 93.0
2 93.0
2 95.0
2 92.0
2 82.0
2 97.0
2 91.0
4 82.0
4 78.0
4 91.0
4 76.0
4 77.0
4 89.0
4 84.0
4 75.0
4 94.0
4 88.0
8 76.0
8 56.0
8 73.0
8 58.0
8 71.0
8 54.000004
8 73.0
8 67.0
8 82.0
8 41.0
16 50.0
16 44.0
16 46.0
16 50.0
16 48.0
16 50.0
16 44.0
16 43.0
16 49.0
16 63.0
32 28.0
32 26.0
32 35.0
32 21.0
32 39.0
32 40.0
32 31.0
32 44.0
32 48.0
32 22.0
48 39.0
48 38.0
48 46.0
48 49.0
48 40.0
48 45.0
48 33.0
48 41.0
48 32.0
48 32.0
