1 22.7906 25.3405 21.090666666666667 25.497 20.652
2 36.79260000000001 41.908 33.382333333333335 46.992000000000004 30.526000000000003
4 52.104 59.223499999999994 47.35766666666666 62.916999999999994 40.962
8 154.08159999999995 161.79366666666667 142.51349999999996 166.97699999999998 136.941
16 197.75600000000003 217.09133333333338 168.75299999999996 224.88100000000009 142.77799999999996
32 387.3949999999999 411.7756666666666 350.82399999999984 423.9209999999998 328.30999999999995
48 232.0786 266.18949999999995 209.338 282.908 200.164
64 367.3881999999999 430.71699999999987 325.1689999999999 437.878 280.998
70 302.98920000000004 333.675 282.532 337.418 256.8490000000001
86 363.0482 391.80400000000003 319.91450000000003 408.6880000000001 301.696
96 439.52239999999995 491.203 362.0014999999999 523.538 294.42199999999997
