1 50.2688 52.869 48.535333333333334 55.446 47.159
2 168.43200000000002 195.32299999999998 150.50466666666668 218.652 132.63200000000003
4 196.71980000000002 212.814 172.57850000000005 236.889 172.142
8 215.93959999999998 233.82199999999997 204.01800000000003 243.975 187.68000000000004
16 366.5104 529.085 325.86675 529.085 311.2630000000001
32 524.5118 568.3066666666667 458.81950000000006 605.4289999999999 432.36300000000006
48 471.1572 502.05933333333337 424.804 520.26 416.0580000000001
64 677.7707999999999 780.9669999999999 651.9717499999999 780.9669999999999 639.5749999999998
70 740.5430000000001 1045.1170000000004 664.3995000000001 1045.1170000000004 641.8590000000003
86 900.1348000000002 937.1770000000001 844.5715000000001 987.3750000000002 819.3979999999998
96 945.1716 1066.6296666666667 762.9845000000003 1115.6809999999998 746.0550000000002
