1 15.27 16.935000000000002 12.772499999999999 18.832 10.546
2 28.3042 30.189999999999998 25.4755 31.467 23.173000000000002
4 44.057399999999994 45.48266666666666 41.9195 45.977000000000004 40.03099999999999
8 107.325 123.74933333333333 82.6885 132.428 58.90699999999999
16 183.6386 201.4825 171.74266666666668 208.71100000000004 164.91900000000007
32 78.571 85.771 67.77099999999999 89.28999999999999 62.10399999999999
48 229.53720000000004 275.5116666666667 160.5755 316.06300000000016 102.973
64 153.574 184.02033333333335 107.90449999999998 187.89300000000003 77.68599999999999
70 138.1654 181.78650000000002 109.08466666666665 209.01900000000003 100.1
86 384.3254 435.68266666666665 307.2895 469.56800000000004 302.27699999999993
96 244.62199999999993 264.05025 166.909 283.3359999999999 166.909
