1 473.3932000000001 477.2593333333334 467.594 482.42000000000013 467.10800000000006
2 939.5308000000001 999.4446666666668 849.6600000000001 1071.7640000000004 844.6540000000001
4 1171.5972 1240.1049999999996 1125.9253333333336 1242.1659999999997 1073.401
8 1280.8899999999999 1328.7609999999997 1248.9759999999997 1353.2279999999996 1214.3189999999997
16 1888.77 1973.0619999999997 1832.5753333333334 2006.4719999999993 1807.6310000000005
32 2205.6924 2252.753 2174.3186666666666 2265.2790000000005 2158.967
48 2564.9098000000004 2719.875333333334 2332.4615 2793.1970000000006 2254.766
64 2923.5341999999996 3006.9979999999996 2589.6790000000005 3102.0369999999994 2589.6790000000005
70 2351.2092000000002 2911.5856666666673 1510.6445000000003 3202.2189999999996 1415.6890000000005
86 2333.9778 2933.703 1434.3899999999999 3049.918 1410.5009999999997
96 2258.0445999999993 2414.2329999999993 2153.919 2501.7589999999987 2054.8559999999998
