2 10447377.305906467 11881345.442031346 9013409.169781588 18324983.49207235 4702095.621581766
4 1996145.0172067485 2081933.8723815326 1910356.1620319644 2268472.053908286 1224469.8761241524
8 1184390.771214423 1303949.391849509 1064832.150579337 1587361.063164157 623255.4245288002
16 700379.0761554252 781141.9129184405 619616.2393924098 1165778.3497503689 324838.9792531624
32 373955.7228043578 423086.6403628008 324824.80524591485 623832.6490772045 211171.0472529914
48 273129.4071749902 294325.14034845214 251933.67400152833 478691.14112901606 214455.0304788775
64 331284.0981625069 369121.3331969994 293446.8631280144 498796.7918603926 190576.79778037738
70 317158.84617487126 359584.16793257056 274733.52441717195 545346.8581862618 157018.2979551006
86 489616.4274423355 543937.8088646049 435295.04602006613 877196.7478021702 228493.7722939071
96 658675.515426148 733704.5125220304 583646.5183302655 1004294.83507778 298066.55294677615
