2 82258199.41062342 82851584.0819447 81664814.73930213 86127869.20138027 79296098.07378615
4 11874838.400692813 11961297.112742009 11788379.688643618 12148193.83072876 11467220.999212282
8 5070805.636507424 5111215.175702181 5030396.0973126665 5251792.137961789 4807229.765280725
16 3200543.5658886153 3234756.8682373273 3166330.2635399033 3293519.1503590783 2906805.5021171924
32 2280266.5067442013 2308997.721544754 2251535.2919436484 2403317.0432867683 2043490.6367157402
48 1919736.5264386467 1948459.9698736747 1891013.0830036188 2004042.2482468134 1723192.6312036416
64 2091662.2370072731 2119352.0274811103 2063972.4465334357 2210864.8309047273 1839199.13093102
70 2324601.450488945 2351696.2997656944 2297506.6012121956 2499842.8133081133 2069385.4876848578
86 2867250.544851706 2887227.6327727977 2847273.456930614 3023443.7473627487 2748686.7051662155
96 3330545.304392841 3354541.5022476832 3306549.106537999 3394620.302134355 3178848.087832047
