2 101090739.9685111 102033380.68125762 100148099.25576459 106984270.96242051 97537016.45377178
4 34327276.68245555 34822419.52156194 33832133.84334915 35842760.66328193 32219636.706871253
8 26447036.816790644 26810690.356511008 26083383.27707028 28827023.44866366 24849722.54574412
16 31472602.614553194 32012747.096387416 30932458.132718973 32997487.953868996 26795957.531644475
32 44899499.769275405 45788095.800884336 44010903.73766647 48930319.47780428 37506113.00422897
48 56014361.57308445 57505512.53619602 54523210.60997288 60465452.51902022 46699851.23419906
64 71093237.1399885 72509195.51780452 69677278.76217248 77742951.45000009 59721516.4534471
70 85261846.1359075 86624300.1634445 83899392.1083705 91929424.1858215 73975739.98377305
86 125968550.40173626 126984381.57877946 124952719.22469306 134784244.6608076 119656152.8489397
96 160390775.68265262 161513684.78380743 159267866.58149782 163445990.9689808 153447358.865002
