1 8807907.683515841
1 1.029790738395609E7
1 5714953.441833236
1 4956924.876764811
1 9950288.817361152
2 7105171.178799101
2 6429684.226288779
2 6528976.895629922
2 6548501.813119512
2 7046579.30679324
4 4758248.4119494315
4 5969876.858041088
4 5073839.900203154
4 4884523.8060637135
4 5124383.970681334
8 5085553.141748624
8 6127916.802225215
8 5121377.038215202
8 4436885.800784398
8 5930049.029900333
16 2126380.0496378154
16 2482630.4004025077
16 2659406.516145007
16 3197089.907807604
16 3444600.84634674
32 4853243.009792969
32 1101986.8285657875
32 1676553.1316545433
32 3914215.5773642114
32 2572487.620805472
48 1330753.5838617783
48 1350377.3247647309
48 1781746.1976363526
48 945520.5136104125
48 3353158.858811563
