1 9633.575680230284
1 9561.273171761783
1 9434.863101489304
1 9317.428354064643
1 9150.364074942385
1 9273.024261275319
1 9575.023916241582
1 9489.171697922311
1 9137.628240355767
1 9217.58734762623
2 295237.2226852206
2 286982.2368539903
2 288158.35296747996
2 276780.3167415458
2 290789.4382669801
2 293744.07794944686
2 287455.99572537455
2 271471.33035589126
2 277945.4394126146
2 285341.6377057889
4 957708.5872150115
4 935314.1101921424
4 979944.1745027472
4 953679.3869768213
4 990893.4590510578
4 1005968.4620653416
4 978187.9490116066
4 932938.1293552724
4 1015177.6062337398
4 1039767.1999649622
8 1786813.7634281088
8 1864132.5573062976
8 1816569.1484651226
8 1772198.0792804253
8 1772281.2285338
8 1751447.2407695253
8 1756977.2877025807
8 1776693.800478504
8 1752381.9054482135
8 1767177.9121163706
16 953491.8044745192
16 1018767.0932915802
16 1161786.6653723621
16 1055490.7104538146
16 1217986.2883231263
16 1083635.7731829055
16 988808.121130373
16 1427585.1533857484
16 1325533.019304893
16 977325.8268732836
32 653004.7176461025
32 647330.8611133606
32 576970.4244933517
32 747662.6549105796
32 597091.7136810789
32 667743.1121577753
32 543346.804950162
32 565455.360286932
32 573306.0053199227
32 634077.7038691702
48 305296.2005482899
48 352746.2504418269
48 339190.1862568304
48 332557.2166840463
48 328612.7233871182
48 320577.1921204229
48 328809.1536260841
48 318779.8665553027
48 362499.13631714345
48 330986.5415351782
