1 6263305.324646551
2 7335831.110525397
2 7161957.564632422
2 7493833.587136904
2 7382092.9514728235
2 7251312.910232214
2 7266820.592401829
2 7381841.193073856
2 7510558.549268053
2 7195415.454380735
2 7199048.910012215
4 7728436.758496996
4 7344771.442962922
4 7579331.2201297665
4 7682801.667964052
4 7861334.757438061
4 7440349.226647345
4 7624034.16011149
4 7884293.399217992
4 7583756.522055137
4 7339091.47632284
8 7914487.825005331
8 8024858.091093148
8 8059502.499964677
8 5533461.715113014
8 7966665.196426624
8 5501584.287993838
8 7948823.012215703
8 8059929.792307086
8 8044387.768554606
8 8057835.546674593
16 6951604.917863885
16 6927328.949159829
16 6759185.58938584
16 7162383.791571028
16 7197119.467984619
16 6834804.614573733
16 7051871.204695173
16 7062551.398207697
16 6681300.32335855
16 7335371.19134646
32 4740390.098367371
32 4563748.326846294
32 4644341.9610039145
32 4804007.085003309
32 4663984.770830381
32 4788188.342112761
32 4639196.0741953105
32 4680839.729255172
32 5026641.283154494
32 4984186.331246103
48 2901364.0069575054
48 3031165.963632267
48 3109747.4927339978
48 2943968.283355555
48 2803072.0362063902
48 2940323.9754645196
48 2894762.711835722
48 2830984.86515694
48 2834581.364263383
48 3080825.0738859135
1 5995765.41975025
1 5925946.370976651
1 5897796.438296731
1 6003938.298078457
1 5896168.019582885
1 6212778.41019351
1 5965338.131420549
1 6125103.944987848
1 5959881.988406398
1 6073242.833081762
2 7259789.751653935
2 7393697.725278775
2 7329276.150329692
2 7383163.79255651
2 7262264.382775613
2 7339028.678463226
2 7436681.657412885
2 7333762.150073504
2 7257640.661343535
2 7245107.557652102
4 7816218.065488069
4 7440901.70669666
4 7478513.915121648
4 8001787.612851242
4 7676391.54188119
4 7538270.475181662
4 7675072.10145106
4 7690160.775479259
4 7285824.945634505
4 7603772.793536372
8 8021721.214961358
8 8214442.777016133
8 8025676.878774063
8 4959060.487026083
8 7881384.173366578
8 8183261.857272721
8 7978137.581770388
8 7749561.839273173
8 5028160.791556375
8 7943511.292938575
16 7051630.71097957
16 6976544.354737046
16 7171277.152887506
16 6656634.515157916
16 6891535.175634823
16 7163002.999483191
16 6668994.468050822
16 7086564.510993417
16 7087296.6980065685
16 6977211.675876849
32 4613682.043901567
32 4659898.64725881
32 4474530.523385856
32 4858159.716594472
32 4334504.795899142
32 4904385.816166114
32 4642846.219066051
32 4741525.856188437
32 4607759.234933582
32 4816120.935856568
48 2855693.8422867567
48 3238897.6581889596
48 2768782.058247929
48 2676322.9310161336
48 2767579.5284680063
48 2850995.9080817327
48 2861237.319611307
48 3112460.027861706
48 2776143.219002027
48 3004844.7770124883
