1 9929.932871164712
1 9860.700430679988
1 9896.088318383614
1 10027.402839780136
1 10071.256905985634
1 10272.128055650941
1 10248.805426451654
1 9847.897544029007
1 10292.279638641761
1 9769.888249670157
2 353610.9176999993
2 331571.4136401603
2 320433.41855739715
2 326406.5860971959
2 322351.6647702506
2 321298.5263522165
2 350706.9171723415
2 310056.75676219637
2 317628.16742714215
2 312899.93547971465
4 1251813.1389505388
4 1283906.2406903063
4 1290174.8825843404
4 1260558.541882417
4 1262825.813315583
4 1279966.780592701
4 1252779.5368590057
4 1242118.9959910922
4 1327546.3715810583
4 1226738.9228171112
8 1837040.8164725269
8 2140005.4316329584
8 2007619.9862806785
8 2091731.35880135
8 2182087.621701964
8 2012903.8123304641
8 1962571.9623257925
8 2020144.8228625976
8 2101808.3690959644
8 2138415.809252981
16 1295932.8562024655
16 1513729.4533379732
16 1242555.6165667537
16 1466980.364167579
16 1237365.0969412462
16 1410927.505607037
16 1372076.6280831278
16 1453022.0642466533
16 1382765.0120167402
16 1354958.3478716053
32 644630.9782505799
32 657603.3733243316
32 702263.8225923115
32 609787.9396616557
32 680647.0071448256
32 650735.9793332756
32 638554.63286854
32 650754.8627096347
32 658880.1001325272
32 622099.3663259778
48 416387.3426956118
48 401357.8480448792
48 357575.4738339701
48 373246.7233890539
48 480232.66665778874
48 434482.91659932985
48 404061.09376180393
48 355563.9255888363
48 327429.3107969748
48 415177.9021946429
