1 13090963.538365353 13466563.892931655 12715363.18379905 13512881.11456841 12702587.534331178
2 20287627.242845416 24132828.35097905 16442426.134711783 23580116.57429331 16787546.91597857
4 49111608.58441592 55114391.49167024 43108825.6771616 53859614.767363615 40937459.3572902
8 89238357.2577348 111782663.21561526 66694051.29985435 100746334.14139403 57863193.09570275
16 152478738.5285368 156702033.5178134 148255443.53926018 155847658.1196783 147324693.92742682
32 202521870.6429977 204432233.45563254 200611507.8303629 204701364.6838051 200967253.0624556
48 239981653.54831275 255128253.77578875 224835053.32083675 260107962.1776584 228995961.4517602
64 176082061.45134673 261227201.60213053 90936921.30056293 226122814.76079392 70187705.10593136
70 188982574.77438158 306067694.85695785 71897454.6918053 296518738.8539398 69577901.6758825
86 167701600.08802637 311632915.0417999 23770285.134252846 315898285.29122305 81433445.89913452
96 206123274.46222198 345472328.6058358 66774220.318608195 365923742.2965469 96316120.1981024
