1 1463306.8228394575
2 1541283.8674521802
4 1585989.052391046
8 2248071.7309249053
16 2084307.3916067723
32 2053429.8096595819
48 1910227.3652926122
1 2221613.286449061
1 2214325.1788009997
1 2183371.6331833773
1 2127853.403708622
1 2153840.4667228027
1 2269486.3054629057
1 2217846.649754377
1 2166153.2666555205
1 2161290.9831801276
1 2220259.6239360655
2 2231125.4767762115
2 2129476.7754466236
2 2181958.0488580167
2 2121176.844699757
2 2166169.09136659
2 2288374.1028770013
2 2160314.477966038
2 2124350.5356994164
2 2148582.335884689
2 2064415.2290694744
4 2139286.8374297977
4 2148866.3559992174
4 2125317.9654451506
4 2085994.6061167421
4 2098921.2842038074
4 2085069.452172609
4 2089552.9397470828
4 2120656.0070108604
4 2131464.8927299986
4 2081149.9617349976
8 2121718.7893400434
8 2147512.4305891986
8 2120923.67548208
8 2089862.1489346463
8 2177996.377713834
8 2096202.3727689455
8 2145847.593300644
8 2082568.5645133518
8 2125204.4755814713
8 2109183.843376776
16 2110254.4411831796
16 2044402.4452408848
16 2055951.5286712078
16 2096897.0893394267
16 2060614.8706332692
16 2077826.3949455568
16 2053210.790872966
16 2097372.3490838674
16 1959162.8138955429
16 2096751.84836967
32 2033366.5680351302
32 2012327.1925100873
32 2037474.8929404486
32 1977754.9965999587
32 1997771.184055805
32 2013293.9882314024
32 1995882.0411484714
32 1967308.1376278354
32 1981651.0082239937
32 2004646.5249864478
48 1834051.1266524785
48 1818218.4036156486
48 1832658.90148055
48 1838319.7942020232
48 1853622.986064347
48 1802117.5127826491
48 1857030.8592546866
48 1840566.6321149084
48 1848205.9336944974
48 1887890.0428772145
