1 7729998.863156831 8054883.34147419 7405114.384839471 8022559.663088033 7464257.696272449
2 11084405.353650771 12441074.470220936 9727736.237080606 12934178.016090946 10213863.063382195
4 28694696.814370256 30229426.102297727 27159967.526442785 30261227.489934303 27285316.525501486
8 56105439.26966115 61092971.700627506 51117906.838694796 59379857.82056643 49437925.29570704
16 94192423.71783748 114576324.89629662 73808522.53937835 109405433.68369442 72326185.53472021
32 97181991.2364556 161443055.03736037 32920927.43555083 152936586.02973822 31329412.81824262
48 254289538.9610513 314777648.0853418 193801429.83676076 318989155.87081605 202237708.1837462
64 191046709.85319668 294612701.9350792 87480717.77131417 315896394.5831767 88243124.6049885
70 228477622.92527896 358020267.6678215 98934978.18273638 320452810.0243261 80187500.66613655
86 235029906.0261418 383276853.26361555 86782958.78866804 368529538.8822585 50376311.92269762
96 354140110.76579 396809232.6356324 311470988.8959476 383936059.1667502 305683353.8208209
