1 1642204.816150371
2 1638155.9032130125
4 1470300.8946568423
8 1996212.5595154164
16 2269603.0600854903
32 2077086.4601040327
48 1827020.0900995305
1 2196742.021035609
1 2249859.7920048325
1 2250442.234096078
1 2263381.85585116
1 2210555.8536615744
1 2231022.6420101966
1 2187551.5816781097
1 2167387.9217306757
1 2190209.246869252
1 2212884.9756768676
2 2134795.3112727813
2 2098264.2665734384
2 2135253.237216748
2 2071542.335371482
2 2131578.3544194004
2 2099069.15579877
2 2052359.4621360218
2 2167755.0016226484
2 2176542.234801455
2 2112089.363122805
4 2153337.435574573
4 2213085.341793684
4 2120942.1715274574
4 2196515.728395014
4 2143482.6213934477
4 2190769.36685478
4 2172945.7789788777
4 2126665.419461422
4 2131294.3316045087
4 2188965.506811905
8 2139708.247650242
8 2257112.480593488
8 2143636.7741796672
8 2020270.7814460404
8 2036895.2815300385
8 2151677.348942775
8 2027873.3389714453
8 2234923.9623146746
8 2070290.0318087225
8 2191692.8310017795
16 2209560.9046286466
16 2096040.3253883815
16 2241591.425890942
16 2221537.607188827
16 2115809.461264334
16 2307961.0374821424
16 2276732.086743092
16 2235232.638865571
16 2025475.2700974264
16 2196031.3841212844
32 2026176.71428306
32 2009964.113985319
32 2045170.2904472211
32 2058259.6598494183
32 2012477.2838066807
32 2116339.1355552776
32 2020715.7262263552
32 2014552.29135269
32 2106706.8991848417
32 1947003.1664940866
48 1942035.810160065
48 1863358.7096908945
48 1901399.1845303907
48 1909020.6379878786
48 1697045.8920427233
48 1778555.233095199
48 1870938.9208208455
48 1807407.402958595
48 1882581.1672663793
48 1901748.2660911605
