1 12494812.30588339 21902706.338731132 3086918.273035651 16488519.352596227 8955067.55369472
2 19042278.669031516 31881511.560436707 6203045.777626324 24750454.880587265 14679615.502005342
4 60847159.74382511 85446921.33685204 36247398.15079818 67142756.15530427 49432663.72283345
8 116183559.79669851 140033390.94647 92333728.64692703 125729015.43750997 106528259.94707143
16 209457903.9557157 338441750.89368343 80474057.01774791 249967825.6720353 150924932.07350823
32 337279472.90667087 401586221.55331624 272972724.2600255 353531450.15419143 307427023.34182703
48 392440392.7548767 518235792.4600282 266644993.04972517 436988706.3086515 337364695.90886486
64 442599048.20708555 777186583.7719593 108011512.6422118 538179661.6186093 288556445.7149022
70 413313847.60402626 827302483.5545361 -674788.3464835286 587925387.1464348 255963228.08323747
86 470148716.9162604 746809319.9210248 193488113.91149598 554677124.7340603 343951896.49020904
96 354097028.06431484 717147400.6749908 -8953344.546361089 522532997.4945598 260875265.9451036
