1 22706017.998358365 22786522.511481147 22625513.485235583 23419240.863959264 22372837.354189526
2 6047388.031839331 6403373.173478916 5691402.890199745 7785247.919364257 4796092.917717489
4 10746307.284938557 11327359.76521872 10165254.804658394 14043329.740741769 8087801.896042553
8 22774891.21130047 23967010.27647136 21582772.14612958 27750714.497859135 13863122.881653797
16 20550538.471765794 22520608.21561307 18580468.727918517 33022740.277888756 13305263.72090791
32 27194079.84148874 30291561.53498137 24096598.147996113 55921161.86851859 19503910.509196732
48 34689781.68739902 41124663.34452911 28254900.030268934 82667154.59162042 21337910.72071208
64 44197447.88369116 51043798.99482107 37351096.77256125 100264271.31550168 23628573.903595664
70 48644811.828547634 57014884.66410595 40274738.99298932 126219475.50087698 30127775.29138057
86 55520532.68928359 62413730.89972257 48627334.478844605 126825262.71639189 34751791.275183424
96 84166859.00845414 99993360.8476519 68340357.16925639 171541133.00866 44063582.07019448
