1 23011601.600438196 23380838.16723273 22642365.033643663 23161907.790867943 22480886.315321494
2 33958022.54461791 40070867.76513587 27845177.32409996 42604237.89322725 30822409.19941947
4 85195416.26475182 86948144.22388545 83442688.3056182 87284405.95233895 83492944.89459585
8 133123742.89904054 179951271.43778235 86296214.36029872 162495201.43402648 74793953.16351606
16 284590858.51588243 350428330.3701559 218753386.661609 314617154.8816204 190334024.8550919
32 356438373.6060052 651557292.8902533 61319454.32175714 618162146.9001733 148514002.37614793
48 598614446.0123221 710992973.7101983 486235918.3144459 710917855.0822088 462098003.070606
64 506248750.23233616 765165074.3713106 247332426.09336177 731086977.18618 235831014.93143052
70 283165953.62327445 494032483.8157933 72299423.43075565 412019666.75783175 89454455.84022224
86 356090725.2772685 577663570.252204 134517880.30233312 608804002.446565 114000213.08756594
96 351551355.48115337 567250048.3359009 135852662.62640584 602971834.423362 130215787.59026064
