1 2189598.874875565 2189598.874875565 2189598.874875565 2189598.874875565 2189598.874875565
16 25628866.13746394 25628866.13746394 25628866.13746394 25628866.13746394 25628866.13746394
48 55120651.790823 55120651.790823 55120651.790823 55120651.790823 55120651.790823
1 2456151.675443132
1 1187223.297682202
1 1964403.7593038697
2 1454847.8737805986
2 3679321.5603718744
2 2889855.1666836734
4 2300610.8948386284
4 1689136.1597323462
4 2868865.4887287715
8 2606037.746121779
8 1616222.918288002
8 2413817.0521570877
16 4345952.651074009
16 6610551.555105452
16 4866269.60502474
32 7825083.894860441
32 6571623.313460225
32 6778529.47757235
48 7785620.968737319
48 6107330.703822484
48 8465040.042446012
