1 5144083.416956288
2 6697038.547028621
2 6744145.866488384
2 6598762.203306789
2 6798085.35154604
2 6568804.288619782
2 6489158.141684647
2 6240811.870075113
2 6684181.155422562
2 6651662.539736799
2 6785071.826686232
4 7065104.946829998
4 7019370.12276698
4 7440664.775971702
4 7391266.915598538
4 7114141.826823183
4 7380784.349606124
4 7383593.987841963
4 7135516.852411596
4 7268741.365904705
4 6961174.338189603
8 4570569.81363394
8 4397910.845120554
8 4110160.645775334
8 4409193.188182623
8 4568329.137876018
8 3412992.829282942
8 4622104.33665519
8 4585528.394158099
8 4517842.236583827
8 4437624.705539686
16 4114241.7108278424
16 3887117.1705276556
16 4072615.8472407972
16 4243822.035931409
16 4375614.719383708
16 4036270.3769631507
16 4015097.8369145496
16 4010911.4360299283
16 4097668.364557729
16 4060053.5321761756
32 2291716.5629876475
32 2379273.5517312773
32 2516873.1735610845
32 2634797.05572006
32 2571155.9187823893
32 2507719.523223114
32 2569655.0176172596
32 2455500.3074279036
32 2578408.213983839
32 2440062.5574843404
48 1288144.5626449657
48 1160936.7780500716
48 1096672.2657156214
48 1078488.0760131415
48 1140006.0242302876
48 1113750.8696050872
48 1224866.6687399722
48 1170045.6777414773
48 1092524.0735821186
48 1082312.5212013137
1 5161901.401760341
1 5118105.054423184
1 5158470.550528761
1 4889276.41285779
1 5326474.974900431
1 5202620.203190922
1 5229133.011905769
1 5169999.400609262
1 5327165.793908297
1 5229489.027850327
2 6785621.660357566
2 6651826.018962614
2 6702047.640186837
2 6557622.410895686
2 6715295.852650308
2 6704587.996110201
2 6685552.250826163
2 6498485.299148932
2 6878591.701488161
2 6713902.640713269
4 7284598.622830775
4 7167922.574301989
4 7300282.420535919
4 7319144.578582388
4 7218763.3995050145
4 6954763.38689696
4 7395749.782339282
4 7174568.455959361
4 6570323.438867652
4 7298060.03850996
8 4308219.906348416
8 4503105.561914997
8 4753706.321606272
8 4579046.521006992
8 4513436.12899156
8 4541188.462596751
8 3266838.6172610954
8 4380806.87528021
8 4491309.5267441515
8 3325870.42580858
16 4154523.190832574
16 4153898.9156258465
16 3927004.7322063525
16 3755500.6385427047
16 4064905.582342124
16 4280056.734042189
16 4137012.0623763246
16 4024129.486841908
16 4029820.709956186
16 4126729.3116343934
32 2496758.7020445717
32 2402851.285961482
32 2326433.0873442297
32 2624294.1512382505
32 2417031.8268913836
32 1960634.0615118847
32 2468934.960062172
32 2548417.288423503
32 2425435.3912394773
32 2621010.5288407253
48 1318277.3226760684
48 1652278.5313189968
48 1088493.7793169622
48 1413465.677378158
48 1104836.8784328632
48 1076231.300565069
48 1243527.268913754
48 1194337.7689434702
48 1129032.9604869045
48 982840.8334049406
