1 19284410.688692193 19957988.43728103 18610832.940103356 19775010.10590875 18415182.0111837
2 30074191.259622686 33802632.34183542 26345750.177409958 34125326.98742341 26526591.919502422
4 68008400.35196087 79419405.06048788 56597395.643433854 73149075.57700545 51708014.67618777
8 123883574.6518937 168991868.47080767 78775280.83297974 142367843.9636837 58948841.69972854
16 255722498.9864727 268332726.96666384 243112271.00628155 266940415.99091095 240711653.49478656
32 189775664.13608575 361827267.99519986 17724060.27697164 410693837.30877346 62228514.01335239
48 323137191.4641262 535537618.9568044 110736763.97144806 585519768.0836395 175873430.73338023
64 736179869.3853594 767805337.9074919 704554400.8632269 765532233.1150635 708198774.489441
70 665958732.0324377 794088245.0898871 537829218.9749882 804447523.5516446 530790965.77120286
86 786276854.8269796 826899925.4521996 745653784.2017597 819526159.4863328 736058911.4323356
96 769488243.8882792 846675927.1059117 692300560.6706467 834839152.5753787 699064542.0413427
