1 6819366.549634094
2 5420217.1143159345
2 5938096.279132812
2 5501394.235334571
2 4130029.2670796807
2 6304364.093304215
2 5848905.512392877
2 6138632.263137837
2 6733034.012444109
2 6170330.536595236
2 5092988.759534775
4 4017760.9979204065
4 3752036.9304789403
4 4685251.345515262
4 3495438.266570287
4 3613213.8047111863
4 4213011.769762448
4 3645162.968419859
4 4469093.265867404
4 3891310.166620281
4 3363281.655784524
8 1973662.2500312342
8 2154551.426230849
8 1983232.6081837348
8 2143337.6576475003
8 1964374.3284007022
8 2055522.8527828788
8 2085569.1924404635
8 1995701.7642766878
8 2030254.2687633545
8 2139780.7877234574
16 913976.6329711651
16 931385.2868593853
16 915705.5919550366
16 919758.9057841004
16 916768.095775137
16 923336.3524453694
16 910764.1886130349
16 946699.2137656917
16 919401.9027724989
16 909446.5090972021
32 411413.7551551381
32 392825.37384803983
32 426253.7424638715
32 371882.86700989667
32 387808.38783266867
32 382524.05500052904
32 415617.64751314523
32 400668.79026217794
32 406983.66529452783
32 391317.8935229433
48 320871.56931205647
48 317775.7607220331
48 307091.72116992355
48 334987.48264324234
48 318150.6577260159
48 293826.94027107436
48 325395.00822053076
48 303310.011669215
48 321378.9915876791
48 302626.3423040397
1 6612879.325227716
1 6927521.124384641
1 6743887.472192673
1 6535606.323526487
1 7003912.42705218
1 6467046.92911921
1 7061881.064945852
1 6986572.767755818
1 6201668.54559994
1 7158043.609437513
2 6540750.986822565
2 5443916.824365936
2 6056618.592860355
2 6235581.996553203
2 4305598.820187636
2 4842166.940752226
2 5317582.389444722
2 6028124.156756386
2 5918864.793522407
2 6900792.353387915
4 4119280.3203696962
4 3681459.75167628
4 3244058.9662336167
4 3780707.884274357
4 3883191.6933495253
4 3990603.8844176144
4 4154870.547527443
4 3050233.3559112926
4 3735372.286885112
4 3987574.831522657
8 2098461.1571013266
8 2043735.034337991
8 2110399.6501363795
8 2215057.2168498114
8 2063959.8287045166
8 2025439.965352228
8 1922732.2515118916
8 2203110.177049057
8 2085263.9198841697
8 1941964.5454274782
16 837362.6231604216
16 933718.3806702403
16 927191.8931259981
16 946339.6061943654
16 951286.7977651142
16 889631.3213918223
16 914234.1587339399
16 873688.6190769004
16 966344.5884533994
16 917090.9400297524
32 366333.1205910974
32 407410.16329024883
32 388570.0059395036
32 427876.7683687873
32 374765.1496041234
32 369263.60812528536
32 416753.33197017247
32 392844.75058840285
32 416993.77606237715
32 400435.8353767618
48 325545.6032560329
48 307152.60140393826
48 340087.1602815718
48 312155.91362410714
48 305375.6374825163
48 275557.9251663031
48 274986.2808725792
48 314521.81251981814
48 321207.7696702063
48 319567.0837222064
