1 23091788.79871456 23815146.569247525 22368431.028181594 23506401.86834386 22531592.43386079
2 33449886.269744106 36021690.1073287 30878082.43215951 35744587.16125048 30294041.02584155
4 77064974.05605236 82634073.32326421 71495874.7888405 80841115.47498973 70027854.50709607
8 165852488.67317143 172693649.62976635 159011327.71657652 172699795.1719991 159837808.05949908
16 268158331.9602371 366775690.5839484 169540973.3365258 329333813.0013282 129041559.43836534
32 406228458.51910526 621039258.8318245 191417658.20638603 575048413.9043057 172393706.05901465
48 952469363.479661 990387626.1668594 914551100.7924626 988388752.039264 914623426.748469
64 1030876944.9345062 1051264337.9396194 1010489551.9293929 1047281974.7044686 1004331142.2212818
70 1011714962.6480204 1040961538.0085968 982468387.287444 1035923052.4849561 979409782.0602278
86 1169487487.2624972 1193087339.8940365 1145887634.6309578 1199176722.6441724 1146050458.5651753
96 1185105773.4099033 1207676429.9942029 1162535116.8256037 1209679617.585806 1161749765.9069083
