1 23885313.67866331 24239803.132737126 23530824.224589493 24220080.91706476 23483859.527768176
2 33429355.40691665 39066732.16866848 27791978.645164814 37894417.77981823 29510578.27674034
4 80607217.24900487 87487005.50059591 73727428.99741383 85929962.35555178 72518940.9535338
8 152631255.07572573 176274851.99585488 128987658.15559658 175467069.74903455 123296235.02016452
16 332787161.4777778 347128342.8685561 318445980.0869995 347327814.25819904 317015295.17071205
32 322380831.50533617 541926047.6322861 102835615.37838629 634571157.4086267 208337943.97071642
48 306983708.3599925 695687763.3375771 -81720346.61759204 860074092.7327927 108162937.71154588
64 478606687.84105176 1003499975.933068 -46286600.25096458 1024998860.0811244 114272529.74072035
70 624451650.6141609 1116951381.076416 131951920.1519059 985135536.3917325 85840289.253111
86 912015930.161494 1442915908.797584 381115951.52540386 1119462329.2005746 147804478.92664963
96 904105205.7954804 1704154739.9280255 104055671.66293526 1493683615.4484138 147526938.48369518
