1 11881187.352659483 12132450.899806706 11629923.805512259 12050508.79459788 11535033.923064105
2 17652703.559483573 20388063.184267376 14917343.93469977 20704162.794591527 15661238.636539115
4 45904023.57979317 46873884.79878272 44934162.36080362 46763337.56697231 45020854.541726194
8 74208715.81764813 88861639.21145985 59555792.42383641 84853233.85902874 54771136.419149585
16 109472308.28402941 122036812.3237718 96907804.24428701 119206162.21184704 93044897.37946993
32 151964334.183398 164670622.8038403 139258045.5629557 161920076.45079142 136876958.8198927
48 198187600.48982644 216703667.04949376 179671533.93015912 210588583.64712268 173831436.40089002
64 241979041.23149747 250789477.78255576 233168604.68043917 248606532.84734848 230471114.0504082
70 240678024.46625605 262152318.91027412 219203730.022238 254793850.33584407 210555742.11829647
86 290647024.9884385 307144013.1192061 274150036.8576709 311405859.6732955 274976852.3775102
96 315613559.99895144 343421826.6581227 287805293.33978015 336101970.3529084 278843385.27179813
