1 3416.243372266667
2 5959.390275200001
3 9004.220382399999
4 10346.341143466667
5 11209.181978666667
6 12016.8368352
7 13079.8386656
8 13715.594372266665
9 18002.794027199998
10 13382.986181333335
11 20313.1738304
12 21204.386976
13 22869.48530186667
14 31179.643122133326
15 25579.633848000005
16 39139.6047104
17 33682.1705296
18 37241.54053440001
19 41746.22329173334
20 45537.657568
21 62760.35309599999
22 79945.62556053334
23 91477.11559573334
24 90943.53939199999
25 104276.77333333333
26 112344.71762453334
27 118308.78168480001
28 127942.41005653334
29 142732.81862026665
30 153182.245216
31 152680.6096112
32 147170.95867733334
33 163854.8200432
34 181365.9247541333
35 191165.538032
36 200500.34184960002
37 227028.2451808
38 246477.53585173338
39 270757.4843376
40 256103.0432426667
41 268753.66162880004
42 270769.93778239994
43 279975.9207664
44 264058.15887146664
45 267024.21223199996
46 276420.0984469333
47 313105.79490293335
48 350942.7520256
49 334725.3895738667
50 351912.0774666667
51 378210.4101008
52 343872.8061738667
53 348143.7183696
54 365017.35332159995
55 384956.430408
56 397563.6530730667
57 401470.2449328
58 401600.39252266666
59 392115.4963658667
60 396844.426944
61 440032.918888
62 440282.83953920007
63 451328.8792992
64 438444.32960853336
65 447805.0932506666
66 445875.3417536
67 451519.82102880004
68 445079.42689279997
69 459865.907792
70 455861.15392533335
71 461411.03385706665
72 472310.6211456001
73 485779.87236106663
74 528046.6781589333
75 567477.98484
76 570612.4111616
77 582208.6148031999
78 592673.264768
79 583382.1534010668
80 625184.582144
