1 2328.374594666667
2 2520.4192341333337
3 2728.7539088000003
4 2574.530197333333
5 2634.541962666667
6 2681.5748992
7 2578.7234293333336
8 2602.4325888
9 3010.8335328
10 2651.8108426666668
11 2666.4914906666663
12 2747.2961536
13 2879.1374490666667
14 2674.494151466667
15 2995.6767360000003
16 2680.208580266667
17 2759.384421333333
18 3015.8916384
19 2967.6662704
20 2998.9327466666664
21 3173.7827967999997
22 3284.134069333333
23 3247.3729317333336
24 3353.2341632000002
25 3410.120213333333
26 3393.3224277333334
27 3232.3576464000002
28 3451.9928128
29 3538.7247370666664
30 3475.6337919999996
31 3539.6503162666677
32 3594.8470272000004
33 3556.9754000000003
34 3700.1743584000005
35 3511.6691120000005
36 3740.5695167999997
37 4489.261188266667
38 4764.193354666667
39 3470.8648208
40 4128.6642133333335
41 4504.366949866667
42 5188.5826271999995
43 5613.847066133333
44 5766.853922133333
45 4919.219808
46 5870.571323733334
47 5521.8745616
48 5689.0074368
49 4989.8179408000005
50 5271.48912
51 5483.3604448
52 4971.3242176
53 5797.1508544
54 5256.2716992000005
55 5456.277845333333
56 5385.7132373333325
57 5625.6494736
58 5172.138987733333
59 5086.305354666667
60 5738.433056
61 5481.7948656
62 6045.855732266667
63 5770.939944
64 5168.969011200001
65 5738.542264000001
66 4737.974208
67 5628.8286917333335
68 5754.6336789333345
69 5837.5160304
70 5615.643824000001
71 5599.223962666666
72 5550.055449600001
73 6489.110082133334
74 5602.105866666667
75 5776.307760000001
76 5932.467138133334
77 6121.627429866667
78 5898.0818208
79 6053.353048533334
80 5713.174570666668
