1 12.39414144
2 14.080358933333335
3 15.239431999999999
4 15.91340352
5 20.663031466666666
6 22.06784672
7 25.105780373333335
8 25.111213653333333
9 26.817935999999996
10 26.61110986666667
11 27.496851360000004
12 29.275980799999996
13 28.37088106666667
14 27.70973184
15 31.459961600000003
16 33.07762517333333
17 31.770758719999996
18 35.628307199999995
19 30.388663840000003
20 31.49450773333333
21 39.89206255999999
22 42.43048010666668
23 43.718323946666665
24 41.81895168
25 42.311164
26 42.904718826666674
27 43.623678240000004
28 42.18943232000001
29 43.20963962666667
30 42.022404800000004
31 44.07763850666667
32 45.87762858666667
33 44.19954704
34 47.45333397333333
35 44.355901333333335
36 46.87142016
37 45.05537952000001
38 43.90728138666667
39 45.30391008
40 47.585629866666665
41 45.98359264
42 56.13049568
43 62.13504816000001
44 61.07945770666667
45 58.248036
46 72.76253503999999
47 65.77479797333334
48 68.23368192000001
49 67.30856645333333
50 78.30159466666666
51 79.19204383999998
52 73.07323712000002
53 79.38359786666666
54 80.61801696
55 82.8721696
56 78.96318378666668
57 81.93951552000001
58 87.16809173333334
59 83.59093253333333
60 85.64313279999999
61 86.19093413333333
62 99.62820341333334
63 96.98709216
64 96.33441791999999
65 97.597292
66 106.26744128
67 107.22353397333332
68 102.78645354666666
69 102.54066448
70 102.44484693333334
71 109.87934629333331
72 104.972544
73 106.73503253333334
74 119.37046954666667
75 104.55509200000002
76 110.44744789333333
77 110.26107194666668
78 120.00980575999999
79 112.97195077333333
80 114.50307413333333
