1 229.30622826666666
2 65.31614933333331
3 66.7519488
4 81.1359296
5 129.430032
6 44.2777344
7 167.8754261333333
8 50.7884672
9 206.41623840000003
10 63.41192533333333
11 188.761232
12 107.5311232
13 106.80729973333332
14 94.8419808
15 264.317808
16 65.84166400000001
17 81.36880906666666
18 101.94182400000001
19 104.43132640000002
20 111.18908800000001
21 113.8145344
22 121.74837546666667
23 138.25080426666665
24 147.78813440000002
25 148.38584
26 160.89663893333335
27 178.98598080000002
28 155.34507520000003
29 102.2626768
30 216.21510399999997
31 241.78311946666668
32 255.69479680000003
33 266.72055520000004
34 287.33583146666666
35 240.543016
36 228.37704960000002
37 244.7573088
38 247.43147733333336
39 271.1873424
40 268.5068586666667
41 260.4951072
42 283.04263679999997
43 220.5182874666667
44 211.63863893333337
45 224.89869599999997
46 245.95250560000005
47 227.10003946666666
48 270.8722687999999
49 279.9108666666667
50 327.1034133333333
51 385.07632959999995
52 407.7708821333333
53 309.8910282666667
54 314.0879040000001
55 444.68039733333336
56 382.58450346666666
57 410.27110400000004
58 426.80084159999996
59 427.0094634666667
60 446.098336
61 461.85361066666667
62 469.7120992
63 471.03544320000003
64 473.54511360000004
65 475.05730133333327
66 568.7413951999999
67 490.3148261333334
68 517.7997631999999
69 525.1406736
70 522.8536320000001
71 535.3622277333334
72 573.4081536
73 452.0223461333333
74 481.7844000000001
75 477.27948
76 402.9773333333334
77 624.5234688
78 659.4555136000001
79 635.5668815999999
80 633.4446933333334
