1 2359929.1389788417
2 1140215.5350982018
4 221618.24339138737
8 122224.84335365407
16 68130.79211934945
32 26655.680834326788
40 19476.500039242994
2 7686172.157245187
4 2006077.5307501107
8 748869.3483022137
16 191706.57155263447
32 86014.81743267865
40 82311.44627417953
2 7517040.025790765
4 1976697.5067445592
8 746965.7122322284
16 169132.87543546397
32 88191.17429880658
40 95067.03669575829
2 7910149.328996802
4 1981462.3207544088
8 740628.1821571229
2 7701916.246149678
4 1885834.7092211852
8 756666.6586149108
16 245883.16635194965
32 90218.05069195069
40 75260.92074875438
