1 1304.3222864000002
2 4042.9583082666663
3 8740.1169664
4 9510.848170666666
5 13671.616045333332
6 17107.7753184
7 14708.858192
8 21569.9799168
9 17825.768740800002
10 22905.789178666666
11 28809.470442133337
12 35279.931270400004
13 34044.55931413333
14 28094.9469024
15 48496.052552
16 52406.705493333335
17 54348.14954666667
18 43069.9950048
19 69336.2369776
20 46718.52362666667
21 97974.6637632
22 106107.74988586668
23 117946.36464533335
24 118954.14152959999
25 136677.29482666665
26 143533.14851199999
27 157765.70772
28 167343.60521386666
29 182445.55471146666
30 186854.394688
31 206834.55926080002
32 211156.3266048
33 218973.56738400002
34 239901.18697600003
35 235005.40214666663
36 259521.24193920003
37 249993.67884266665
38 255850.64511680003
39 294247.1085216
40 307618.5518933333
41 316265.5727397333
42 330373.57480959996
43 334835.2921226667
44 344768.7027840001
45 358044.45945599995
46 381947.7411808
47 398815.60457440006
48 426299.308544
49 458647.95158933324
50 464640.3867466667
51 472938.6275696
52 499158.9340053333
53 513285.41835146665
54 535669.6403808
55 541239.6467573333
56 541398.6174165334
57 554976.5479088
58 553194.9244074665
59 573735.1152762666
60 564634.2122239999
61 579041.9322282667
62 562819.6731349333
63 566907.9385536
64 597214.0930389334
65 614170.1209973333
66 593260.6424799999
67 601794.7242432
68 603635.8962410667
69 606277.2794128001
70 645360.5550933334
71 658663.8382469333
72 648387.8870016
73 668264.0060933332
74 656976.3135488
75 685950.3126
76 694846.4652480001
77 702165.7868661333
78 735724.0038719999
79 735675.299872
80 746657.0737493334
