1 578.1138677333332
2 3426.121808
3 9126.7025024
4 12989.3404352
5 15592.589114666665
6 16281.527747199998
7 22584.275104533335
8 28512.6973696
9 30147.472718399997
10 31215.45215466667
11 31783.544877333334
12 45680.0284416
13 51354.09416106667
14 47242.99159253334
15 69162.64352
16 63479.56863146667
17 75618.93753653333
18 75083.9429472
19 95707.7973328
20 95419.79282133332
21 106638.27415359998
22 117384.47242133334
23 131350.0300928
24 114481.62865920001
25 139959.55338666667
26 150206.5998784
27 194886.76649759998
28 167615.07396480002
29 190298.79586826666
30 234215.740704
31 201489.15294293332
32 218725.2810410667
33 214990.0092736
34 270865.26709973335
35 256825.36394666665
36 308168.7364416
37 313016.6387424
38 346159.19683413336
39 345697.95490879996
40 433354.198656
41 491809.42837013333
42 504585.16521279997
43 553346.1864175999
44 461740.34410240006
45 553786.393176
46 579011.4746506667
47 705135.1691173334
48 665043.2143360002
49 639814.672504
50 698584.6889333334
51 682131.3405919999
52 737047.7536725333
53 923168.3974853333
54 726968.0210112
55 737130.2708293333
56 710332.4667562668
57 867962.0533536
58 1089096.0505269333
59 910650.7714026667
60 1111239.1297600002
61 866057.5735888
62 947756.4849077335
63 684727.8765264001
64 914945.8685952
65 1226364.0536159999
66 917243.4361376001
67 824669.7613893334
68 1210390.3138261333
69 821247.616208
70 1079640.1093706666
71 1214586.5046853332
72 1065985.7989632
73 1167447.6873338665
74 1093358.4714410666
75 1074279.8168
76 1306576.630084267
77 1641631.1859024002
78 1314550.0600959999
79 1318951.7169765332
80 2121953.913984
