1 9.519062613333336
2 54.66086133333333
3 116.24545568
4 143.11604735999998
5 294.46347626666665
6 326.30710624
7 356.8305376533334
8 468.8787370666667
9 497.37938735999995
10 417.230976
11 525.0676282133334
12 646.5900576
13 572.8420873066667
14 701.52472096
15 941.9738136
16 1107.6012057599999
17 991.9961357333334
18 1074.82926144
19 1083.6832906666666
20 863.3648490666667
21 1275.49202256
22 1240.4927544533334
23 1118.9600709333333
24 1311.9099737600002
25 1302.7087613333335
26 1287.6556714666667
27 1458.3832934400002
28 1215.5200945066667
29 1251.0712288
30 1289.1310991999999
31 1494.312096
32 1471.6355857066667
33 1426.63387152
34 1148.4907092266667
35 1654.5539527999997
36 1285.8955065599998
37 1567.696569226667
38 1688.1465506133336
39 1421.83855632
40 1594.9766399999999
41 1625.1741966400002
42 1635.6168415999996
43 1822.11906256
44 1645.6626606933337
45 1836.7964135999998
46 1991.6961896533332
47 2442.028644533333
48 2682.02134528
49 2639.1363047466666
50 2313.0320506666667
51 2115.14195568
52 2275.813851306667
53 2414.4609333333333
54 2316.1091414400003
55 2609.132501066667
56 2215.1974805333334
57 3111.19126112
58 2246.8974465066667
59 2733.843694986667
60 2694.1089696000004
61 2763.221653226666
62 3635.1658464
63 2986.1888044800003
64 3633.6598391466673
65 3328.6314429333333
66 2961.4305776
67 3508.1166767999994
68 3608.2986263466664
69 4179.502934239999
70 4006.733173333333
71 3753.0138216
72 4429.50782208
73 3947.610347839999
74 3640.7741414399998
75 4156.634491999999
76 4096.894340479999
77 4813.632782933333
78 3826.1326396800005
79 3885.6201529066666
80 3591.5934847999997
