1 236.10270293333332
2 219.9976682666667
3 568.6115968
4 913.7402816
5 1394.6545919999999
6 1776.0156447999998
7 2069.6699445333334
8 2425.7261952
9 3248.137176
10 3221.8365440000002
11 3594.9887189333335
12 4134.6987776000005
13 5039.8977061333335
14 5360.829764266667
15 5859.244728
16 6524.734668799999
17 6668.626185066666
18 7516.1932224
19 7780.602255466668
20 8672.196821333335
21 8966.6284624
22 9260.8403712
23 9435.404030933332
24 9819.2463104
25 11624.374426666665
26 10045.270296533334
27 10640.2357008
28 10613.794359466667
29 10445.249634133334
30 10320.01888
31 10732.182458133335
32 14885.205077333332
33 10750.9765616
34 10785.6012032
35 10804.623647999999
36 11292.1581888
37 10697.521143466667
38 11256.111753600002
39 18269.0208272
40 11888.766101333335
41 13215.504503466665
42 13775.775955199997
43 14070.6866272
44 21504.76446506667
45 17460.616128
46 19282.437136
47 26447.987542400002
48 24107.8120448
49 31216.38337813334
50 31148.08448
51 33155.0974976
52 31406.807078399997
53 31502.224828266666
54 35207.8460352
55 43305.985360000006
56 40792.5980672
57 35426.9603248
58 46096.21644693333
59 49228.0672272
60 53602.43939199999
61 42947.47296586666
62 60268.82958506667
63 51782.8332672
64 57859.97049173333
65 60099.01844266666
66 57190.5247584
67 71232.91856746668
68 61444.326139733326
69 68018.2086784
70 77256.96126400001
71 64605.620947200005
72 72664.318272
73 74015.881432
74 83111.62268373334
75 60939.77876
76 76330.74373120001
77 85140.70385333334
78 95100.39601920001
79 86162.64075466667
80 88581.01973333333
