1 2296.8828885333337
2 2271.685888
3 2265.9308384
4 2129.315362133333
5 2120.1283120000003
6 2142.5840224
7 2068.2454538666666
8 2145.2066432
9 2102.2664448000005
10 2097.7999573333336
11 2131.665189866667
12 2127.4122368
13 2247.592616533333
14 2140.1181312
15 2165.9774800000005
16 2240.099848533334
17 2162.2541264
18 2088.6614688
19 2226.4572906666667
20 2218.195338666667
21 2417.1743567999997
22 2655.2944704
23 2475.751145066667
24 2559.3890816
25 2653.738426666667
26 2808.6253312
27 2660.9700384000002
28 2632.298517333333
29 2665.3920261333333
30 2629.454304
31 2660.8868517333335
32 2736.0766805333333
33 2788.5871024
34 2724.8355978666664
35 2870.296856
36 2850.8888448000007
37 2868.384250666667
38 2876.9761696
39 3186.2612496
40 3018.1165439999995
41 2934.5965168
42 3353.7870464
43 2923.9091610666665
44 2974.4108181333336
45 2977.2389279999998
46 4526.887624533333
47 4029.7160298666663
48 3482.0063999999998
49 2960.1802384000002
50 4407.6992
51 3993.3758608
52 3139.8000469333333
53 3121.4578394666664
54 3621.626784
55 3532.4872000000005
56 3501.084100266666
57 4229.4227392
58 4515.700648533333
59 3845.005204266666
60 4243.056448
61 4687.485301333333
62 3968.0036373333337
63 4070.9130672
64 4953.051136
65 4045.5249119999994
66 4183.8318368
67 4257.395757866667
68 4547.9748032
69 4355.4663184
70 3636.811472
71 3701.7508181333337
72 3797.9182464000005
73 4517.144613333333
74 4402.982753066666
75 4412.90804
76 3842.3918677333336
77 3953.9474128
78 3741.5557088
79 4020.653765866666
80 3979.862528
