1 46.4002 49.02733333333334 42.4595 54.777 38.702
2 68.8746 83.403 62.648142857142865 89.084 52.923
4 97.65180000000001 118.45775 83.78116666666666 128.682 70.111
8 152.69839999999996 180.93 124.46679999999999 227.03500000000003 60.975
16 622.5457 677.3772000000001 567.7142 734.2360000000002 430.9789999999999
32 564.5129 756.4456 372.5802 1029.304 173.885
48 717.7588999999998 949.1003333333332 370.74675 1086.7679999999996 210.923
64 707.9771999999999 838.9756666666667 511.4795 910.242 312.27799999999996
70 877.6884 1031.5948 723.7820000000002 1129.5739999999998 473.6679999999999
86 729.1537 986.6831999999998 471.62420000000003 1146.9469999999997 270.73900000000003
96 842.4205000000002 952.4654 732.3756000000001 1137.227 654.269
