1 7608613.529403904 9732856.169599935 5484370.889207874 9795664.224221205 5600394.509356181
2 9214639.2114876 12064286.834346604 6364991.588628598 12141494.625931202 7028735.728462151
4 22870209.564037357 28514916.1360133 17225502.992061414 27416337.836052362 15402791.95210286
8 44983105.940225594 56189612.365874186 33776599.514577 53654994.00096362 30157951.103093646
16 86547255.51141842 110268493.2885134 62826017.73432343 108733716.6183063 64955585.287559904
32 45954480.405629724 65984254.528898746 25924706.2823607 71172105.10421357 28887793.45667954
48 155304279.7554894 253207564.43180203 57400995.0791768 253359372.36672378 67474370.08143647
64 100971415.72126086 240953605.71613437 -39010774.27361263 301533136.34223783 32857569.663529597
70 115452028.81473419 243418655.06100935 -12514597.431540966 285947722.4568941 33824445.1864443
86 83251675.46907884 160134479.4316584 6368871.506499305 191937797.221577 42412088.70620283
96 208261370.7815478 337775057.31306493 78747684.25003067 347057720.629297 119346318.97751394
