1 8530139.332893547 9796952.837628588 7263325.828158505 9901939.945506431 7478507.784562724
2 12296197.708181245 13146508.528591147 11445886.887771344 13087696.242117973 11614671.81126305
4 37511382.5819466 42368787.07028152 32653978.093611673 41719484.48718623 32022181.0588703
8 79673042.59695251 83411996.69415456 75934088.49975047 82407275.59117442 74551140.13208431
16 136718788.29514915 169160631.4199464 104276945.17035188 156377552.56732646 94841151.3741803
32 237470886.3890136 377803585.7597064 97138187.01832077 318891309.1829805 73532597.65847896
48 269110480.7742818 499831018.9145 38389942.63406357 432080528.18863386 23283812.296351627
64 185713901.38771886 346788217.07053995 24639585.70489773 347943754.17150736 48700088.772436626
70 388720583.3309475 420477897.709593 356963268.95230204 412136570.83903736 355516048.30308914
86 358565075.7196213 473981985.89261097 243148165.54663163 418605502.2840529 194081899.5436923
96 354141189.35027033 508386769.4300882 199895609.27045244 511805736.6720894 180949001.47502992
