1 2203147.1324917325
2 2938091.057776099
2 2787132.501075113
2 2563527.739523546
2 2899326.814984811
2 2685913.6942775086
2 2725916.5931004183
2 2199379.9144794457
2 2879744.758519766
2 2684678.428752942
2 2235585.116663331
4 2828890.0549038993
4 2509473.852590138
4 3083201.812466838
4 2993633.1523287403
4 2892089.410535307
4 2872630.4388018423
4 2950642.491213217
4 2491306.3567005917
4 2915867.082869605
4 2964825.035792919
8 2923432.5900047715
8 2893405.1148760216
8 3043574.5670430413
8 2438762.996737569
8 2988771.8516648305
8 2411700.779641139
8 2925511.6470151567
8 2991579.8188744606
8 2994187.9732359555
8 2976546.1271401295
16 2907239.223996599
16 2800355.5686317077
16 2795682.0206841617
16 2689957.20490886
16 2751672.7781425607
16 2705318.1202083044
16 2834592.779208139
16 2861858.1282263272
16 2755052.0092554344
16 2848287.6002466027
32 2095820.2536178732
32 1929554.341611093
32 2005192.0252390858
32 2058312.0795229087
32 2049306.0505260113
32 2002360.660160941
32 1874116.3113668158
32 2045308.8866854755
32 2189441.548910431
32 2144361.8310225667
48 1196781.302733735
48 1221799.5102926374
48 1243929.186625441
48 1206663.9366810608
48 1170451.6568964582
48 1177958.931476911
48 1176281.883617777
48 1190348.5257206631
48 1235145.106619857
48 1224517.82348696
