1 7022787.835695477 7894066.306442425 6151509.36494853 9285909.329842163 5244794.193278596
2 8807491.277668785 10363697.12346064 7251285.43187693 11706546.146433517 6512798.87386393
4 16999661.045864798 18706261.08502789 15293061.006701708 20645109.718078844 12890932.550627902
8 33121110.382925767 38450716.3361745 27791504.42967703 45628454.710218 23164353.945107825
16 59267276.96226301 73252050.33485049 45282503.58967554 96110277.83576535 35883790.99186599
32 125695736.5039494 150241446.32464316 101150026.68325564 164815706.032105 45286127.21622687
48 225772189.7075944 251916552.4263218 199627826.98886698 271566022.1897805 157072410.20442525
64 176607480.94414246 219281353.4581637 133933608.43012121 242016212.6771047 46900795.3288326
70 197388039.0010021 223735195.6034539 171040882.3985503 242325758.1821527 140682504.71800157
86 158833813.84330514 200697807.4696936 116969820.2169167 254804967.39685887 71433353.11875065
96 171339246.5058609 222839263.31554806 119839229.69617374 277425748.92500913 65715510.04767684
