1 725658.3338266743 725658.3338266743 725658.3338266743 725658.3338266743 725658.3338266743
16 10685163.561653635 10685163.561653635 10685163.561653635 10685163.561653635 10685163.561653635
48 23295794.15754473 23295794.15754473 23295794.15754473 23295794.15754473 23295794.15754473
1 841107.9470970815
1 853511.7827673325
1 953914.8581106702
2 1089948.8798683241
2 1025208.8378047968
2 838724.9555059832
4 954870.7970192761
4 1180925.6529981527
4 1205702.5508382176
8 1185470.160950774
8 1783656.359590537
8 1351977.300284589
16 2878648.4069390683
16 2768393.08633533
16 2894905.1627254365
32 4889856.125141948
32 5404784.173704619
32 5093148.804211633
48 4524735.098293229
48 5324044.912902848
48 5926857.314677479
