1 5255354.82195262
2 5533506.4993931055
2 5343716.782057723
2 6295665.9127740655
2 5855622.0066202525
2 5478800.485778711
2 4841616.211656891
2 5527114.511906577
2 5126167.696882316
2 5192065.346077491
2 4367887.764578799
4 3186513.6079802904
4 3223303.37879352
4 3551297.642402474
4 2976922.8002832774
4 3205078.910001558
4 3372085.636134483
4 3320151.3451549187
4 3282022.598933875
4 3274334.0758554926
4 3085723.63015239
8 1285099.9977817994
8 1300091.5346081639
8 1345591.1300950197
8 1372713.1476718339
8 1341488.2855343951
8 1372550.4860282778
8 1255331.3477508586
8 1369422.8829887838
8 1274148.4780867007
8 1297633.6079807067
16 354900.36165150744
16 386592.0132433591
16 365586.5902646642
16 368763.2240215812
16 378033.66775307275
16 383131.1732747205
16 370694.15542858053
16 379501.71102529234
16 330543.33976065926
16 349734.0447674618
32 128297.11629516954
32 124988.83112611712
32 120508.84939553215
32 122649.5583227918
32 129929.8095134132
32 111209.16528709413
32 106713.78103553674
32 117439.86326483412
32 121937.19777649871
32 116613.82571274921
48 94070.76197624867
48 70619.0554195059
48 81969.44960421686
48 71079.0082110078
48 66183.26367346356
48 68725.00447406674
48 68901.5766143351
48 92286.47260247431
48 66234.00605688406
48 75376.07978982957
