1 33966.04426294908
1 33473.5083296057
1 34271.34337202875
1 34362.731474651664
1 33733.527284502925
1 33476.69941888095
1 35079.89083423445
1 34360.05182614959
1 34157.7940216608
1 31323.858809915848
2 48968.05924750881
2 50088.574347905436
2 47675.41736021934
2 50002.87102431572
2 48505.11127163011
2 50074.06185540657
2 50850.221086703
2 47882.112360855645
2 50020.44131442542
2 47170.96095346927
4 79498.90646060136
4 77063.93486756319
4 80953.4735311416
4 79937.69880230064
4 80781.74348907854
4 80915.06337763602
4 81677.08029929998
4 79820.01015563917
4 78860.13316060956
4 79535.86158768913
8 114381.73647307341
8 125166.1569955756
8 120136.54503453604
8 116994.81837965878
8 113722.62640811269
8 114542.40802486638
8 108260.69214088221
8 120355.0703491876
8 118157.27539233168
8 119175.90418276098
16 154798.01715263043
16 159573.36282557962
16 152386.04799182815
16 151773.8582299876
16 144272.97957197484
16 155496.6401879497
16 158021.70281102697
16 149266.0371413009
16 143431.33171742078
16 154559.6728462291
32 176244.62248861892
32 179139.30948346446
32 171935.09417593066
32 176572.10603731195
32 167931.71401179902
32 162871.99194101457
32 164564.95023695362
32 162940.1910984211
32 180211.09940532947
32 173864.62874767493
48 159206.3847968756
48 156950.23981743035
48 150289.59345119426
48 158318.03922685332
48 152528.68691832063
48 148568.51140661273
48 155344.00891174356
48 146273.68391654207
48 143842.05405083974
48 149542.31558917748
