1 81981.80262693924
1 80909.28545687265
1 83660.45618667311
1 82192.58706174367
1 81697.51469455307
1 83578.38491583553
1 81369.08581268499
1 83386.08563587621
1 83345.02043534843
1 81980.93554817347
2 256334.9236645502
2 244347.46974637164
2 261643.1575822324
2 244063.51351319335
2 249945.04013182587
2 245891.37363652117
2 255254.75290979014
2 246455.21162275792
2 248071.95278318264
2 250218.6510578704
4 842601.3227980142
4 776285.5467664845
4 810863.8594070652
4 807901.4534234565
4 826498.315027874
4 848938.4820425413
4 810995.5848438083
4 812116.7743354682
4 846048.523356985
4 813770.271034071
8 1687485.7653956688
8 1687226.609480008
8 1657842.6184813236
8 1684623.0102309543
8 1675279.6261220255
8 1679337.7413333927
8 1692283.6777307517
8 1672252.3823351967
8 1644307.2320028606
8 1684451.8604902816
16 1808031.3209361383
16 1772443.5427025706
16 1755271.5646944768
16 1696215.6818118459
16 1832864.476550212
16 1823505.5791946014
16 1751272.4189764522
16 1899233.549141049
16 1723684.4387556976
16 1759461.8638260763
32 1103217.1606464395
32 842200.3183442248
32 836881.7570232521
32 985486.3216363526
32 1008456.5790979139
32 945623.8685887383
32 1059756.015642857
32 1059282.6174427795
32 1096153.2932818395
32 974025.2522646295
48 496523.3801639921
48 449910.61573018465
48 527847.8298040592
48 551129.4656429678
48 426582.7700612496
48 466444.62040311994
48 478061.3421802993
48 446577.38122191315
48 404890.96894516045
48 513009.41840261075
