1 7776959.205458224 8206129.070571647 7347789.340344801 8237611.48917844 7397423.491493884
2 7609539.033834581 7995144.4280940015 7223933.639575161 8037754.574435428 7293297.000661695
4 22233657.26922896 30101690.973677754 14365623.56478017 29879290.097255617 15704358.613604128
8 45402199.57890911 53931231.808148295 36873167.34966992 53212056.86329782 36284526.5552027
16 94184645.12619278 104310914.23267446 84058376.01971109 102491205.09895054 80617905.70582187
32 68508949.50565843 88890026.93771228 48127872.073604584 81022729.92497088 51981912.47045004
48 106264700.94365497 159652435.65120152 52876966.236108415 167652312.7159147 60407723.891868494
64 141327172.33207121 216528956.39307007 66125388.27107236 223961269.23243546 64131928.13352186
70 195356099.4151277 276354014.6939453 114358184.13631007 283326749.1367815 106694400.31406528
86 315678134.94832695 365420386.0310585 265935883.8655954 368910293.1222519 269617128.48697746
96 180011578.1739202 268876059.7047533 91147096.64308716 257506410.84126136 98202492.58564581
