1 9076106.716404075 9551510.415115621 8600703.017692529 9645653.342267506 8629477.763130689
2 12939615.11945679 15244085.89859689 10635144.34031669 15252464.490199296 10900374.503151866
4 36004500.84251662 36622467.0851057 35386534.599927545 36664082.31172155 35426285.39148264
8 66427837.650083676 71528455.81785637 61327219.48231098 69507368.4059703 59253648.53533856
16 91119526.27039178 127274354.76175451 54964697.779029034 111035045.22403419 40438276.64281763
32 88363595.31829989 153108342.37137255 23618848.26522723 168352602.60976708 38896856.38448429
48 89317722.97843675 134615353.45210394 44020092.50476956 113518617.29240637 28286093.454358034
64 83550028.15970269 126422829.28795056 40677227.03145482 120902750.80798021 27925044.120322283
70 62643014.72106713 111881719.31852922 13404310.12360505 104331988.29861245 4742373.185226995
86 95856829.72585933 123433110.57913819 68280548.87258047 127782589.93970998 70336529.43615685
96 75352729.45984857 163480854.62031442 -12775395.700617298 162636009.43294257 6831829.303827978
