1 8097754.507676032 9236370.373288933 6959138.642063131 9405739.000443596 7170088.059326456
2 11200098.159626603 14028237.594345436 8371958.724907771 13576096.489227647 8273160.558556489
4 37026234.42918763 38193396.95868808 35859071.899687186 38561312.09430456 36305736.76297941
8 72414688.1477001 75118856.19258705 69710520.10281315 76017267.68994859 70304660.10514468
16 136736205.15893406 147194428.34423533 126277981.97363278 143005984.12590837 122053468.28486054
32 275533221.4458538 284334834.8391149 266731608.05259272 283400378.609786 265394888.47755733
48 376760449.2813854 385417874.260712 368103024.3020588 386330016.05314046 368938075.0072242
64 423946821.6464995 431695001.3661763 416198641.9268227 430557362.23721087 417586364.5372582
70 413383693.759087 429514701.4665057 397252686.05166835 430605939.632491 394452900.0868501
86 455370624.2681249 498014550.8693728 412726697.666877 484476195.3216786 395895752.9692372
96 489788335.1579604 511164650.49119836 468412019.82472247 507194231.85839605 467198555.99747705
