1 3126674.293096281
1 5793813.3064182345
1 2773277.2669515694
1 5291634.31202209
1 3903629.227958472
2 5462799.471512781
2 5247197.113837591
2 5543445.537563178
2 5454950.556895715
2 6023564.910745924
4 4379497.507736838
4 4847160.877456518
4 4819889.027564158
4 4125070.1564371046
4 3704536.8101585386
8 4670615.542611447
8 4139442.7524905317
8 4683901.911168852
8 4307610.091822126
8 4592175.36094711
16 955928.0372455053
16 1462696.8219482224
16 2380553.163210224
16 2298963.9870985076
16 2395333.9651530385
32 1768358.9805199234
32 501390.08674175484
32 1454580.862100408
32 557266.4598609967
32 1280496.792382166
48 836050.0357953456
48 2410832.953487851
48 253972.85496246317
48 1011699.0828664091
48 363631.56407364324
