1 2438587.7276395783
2 3107858.7031891886
2 3284644.057412458
2 3022236.9879300823
2 3533511.7598625827
2 3267381.174469072
2 3148057.825461841
2 3257002.5005589062
2 3313639.3607802745
2 2421615.596839983
2 2669429.7819592413
4 3784987.587835334
4 3050037.030642696
4 2624632.4725864786
4 4135382.9301099777
4 2963592.527408277
4 2964315.5243119895
4 3076052.6199368816
4 2910173.2015868006
4 3717002.4683805755
4 3623706.6058432134
8 1895498.7939090296
8 1969669.595168385
8 1917486.1562591412
8 1909189.9802089827
8 1928637.6152872718
8 1807235.2127288051
8 2022879.7907196933
8 2009125.200591494
8 2078239.1530021443
8 2030602.2697764237
16 1760537.2087479262
16 1702732.9438067323
16 1767929.2728574562
16 1670396.6435906182
16 1738853.1957493108
16 1741523.9516788563
16 1733516.989814643
16 1692277.4660521152
16 1688169.7725543897
16 1677796.8525064471
32 938027.3672431043
32 920824.3028079633
32 1042491.9967586006
32 1122514.0225813184
32 1063000.2587342956
32 1030957.6855145276
32 1043265.2460963755
32 977947.9410677062
32 1070878.5217052316
32 1052740.834848005
48 472110.5821360531
48 423532.2998545608
48 382970.59449551936
48 381582.7628455754
48 407602.7775682911
48 427250.88439641305
48 438549.4941179163
48 407244.85991657665
48 379844.361381892
48 390456.4010603519
