1 1598.8098024218775
1 1559.0191323620795
1 1567.0207824233355
1 1576.2674950930855
1 1552.857341468524
1 1578.6395859043453
1 1560.011297973806
1 1613.986117953935
1 1630.4877842316137
1 1602.381609434793
2 60231.81715127473
2 60833.01801727078
2 60648.46535644408
2 59244.155015323566
2 60321.811729940135
2 60267.08643144769
2 60596.90524178187
2 59188.03062127989
2 59777.29448446113
2 60251.38171263381
4 145464.8432034352
4 144172.24042008698
4 144076.48833446452
4 143841.03116556487
4 146899.1935110119
4 147324.05080376906
4 144655.58036919497
4 144787.31321162276
4 147681.18727154602
4 141471.17729872966
8 196507.13821509073
8 200264.06390390676
8 202547.35609457773
8 200511.76745463448
8 197408.12645189778
8 198271.00113688514
8 200059.7055210771
8 201054.30980362714
8 202239.75170743163
8 199433.48855432987
16 125690.79810824922
16 150215.34306466932
16 141793.70574004343
16 139040.28595251782
16 143399.38790649714
16 130295.28484546424
16 140636.88882276954
16 139043.52927811551
16 138520.27473868403
16 147192.57277752983
32 72846.0582282239
32 78185.49751078612
32 76375.82693134481
32 81303.53434610015
32 81626.69842628935
32 72239.89384727344
32 70551.95000511201
32 74391.77675694054
32 72088.99367471736
32 79299.7589367885
48 42965.87986665513
48 39539.32929666647
48 42339.670904393555
48 47605.27811696443
48 42116.85075621945
48 43003.82847737715
48 41704.62526890565
48 44574.79542243263
48 42541.51650350892
48 42109.60874622296
