1 1436.2490011433856
1 1407.0638902496448
1 1405.8099982526462
1 1408.552414061743
1 1409.0136000466757
1 1400.9043012653538
1 1422.7633708402109
1 1384.2166462761575
1 1372.9774373852254
1 1453.8926464089318
2 58436.044692030344
2 57675.0579764833
2 58296.47252816888
2 57392.744489673205
2 57544.638327528366
2 58354.27450071224
2 58469.33796827705
2 56069.81935981984
2 57216.459674522404
2 57518.99106244996
4 136106.31540001187
4 135982.6825168666
4 132522.51768814234
4 135187.58698608796
4 136772.77442464008
4 136092.01065273522
4 136565.82743858043
4 134061.92533480673
4 134111.8459372644
4 134906.55921360748
8 177792.54520319682
8 173984.09484797993
8 175967.04540023432
8 177695.11829881978
8 171736.9239639637
8 180524.8283812896
8 174441.97648057804
8 178249.9733364846
8 177178.02614332223
8 175464.72732964886
16 123482.8470359319
16 133321.10162072937
16 129214.3560523763
16 129572.43359178168
16 129161.62410326384
16 123640.94504041114
16 123795.5549898602
16 121956.0719859992
16 118727.37876649085
16 129972.73982829941
32 69923.2713027153
32 71011.7053838127
32 68927.05620926182
32 67082.07892565383
32 71065.7868626148
32 68884.89058206308
32 65092.3355198566
32 71613.19632626917
32 67314.69722843671
32 69920.5318197701
48 40767.722695973505
48 37498.43668780568
48 39671.90713061081
48 38739.020557675394
48 39921.79153506212
48 38726.059342048786
48 39214.02500763618
48 42675.44637553471
48 38911.268379851164
48 38313.87783362524
