1 339957.97012291476
1 334114.9507074929
1 335382.3012336059
1 337857.8616853944
1 340791.3293254662
1 338597.84907434287
1 333738.17137545097
1 362408.3797150077
1 349374.1652879077
1 335340.94646683085
2 655409.1090643875
2 655744.6053761367
2 641480.2116201025
2 654644.1617983857
2 653439.9168162056
2 620857.383361925
2 654915.1485269096
2 633642.7078817238
2 649246.4646909374
2 666211.6981987045
4 642661.0907740375
4 692228.5941431251
4 714220.0770952406
4 735086.6609257327
4 673761.336182008
4 677877.8055610858
4 708792.5961742024
4 717795.9952060666
4 686959.3543031052
4 704930.1955478672
8 583347.6673354714
8 600833.6281898146
8 578813.8278406232
8 606237.350127816
8 617279.8733186915
8 535006.6288469278
8 598507.3740980047
8 584702.5277428547
8 578439.6782745325
8 607280.9781825006
16 375295.62789748353
16 369779.67790406983
16 368489.37601703935
16 373574.61579978955
16 368136.18231762806
16 374402.539502643
16 389095.02691943484
16 361665.19791358704
16 372811.03710255557
16 374233.58689621557
32 118585.66962049849
32 375329.1662020115
32 147509.98972258426
32 171946.53496444222
32 405214.583326393
32 154144.26910432806
32 170092.8170780516
32 278364.7939268466
32 388626.8342216227
32 235199.43040108384
48 213045.45275822483
48 306850.96173344465
48 284582.18870137545
48 216646.64401378782
48 243216.0184054484
48 401598.5777952135
48 195636.01088058675
48 207524.54655059273
48 195499.22398901498
48 290839.7040342265
