1 7008586.97180373 8390612.070378488 5626561.873228973 8911788.915697454 6267530.160272207
2 8965835.267275814 9929173.769577056 8002496.764974572 9861417.693679195 7916714.927608896
4 29462887.628313135 31397021.707988158 27528753.548638113 31525541.40559751 27173213.216142308
8 57300434.20263274 71870975.28174065 42729893.12352484 66479464.038095124 37938324.37684132
16 92137994.51147875 123781534.070562 60494454.9523955 124548293.19562654 63975950.6730308
32 71567090.62364677 101959550.73639455 41174630.51089897 93794996.99848261 42182485.96206418
48 43992115.841543525 73516186.12287897 14468045.560208086 82067420.53475389 23437955.311877243
64 134190605.23283322 258931980.9179925 9449229.54767394 298768187.45535904 53756415.893824905
70 186445847.92448306 305695986.3805329 67195709.4684332 325767953.75068283 109124797.41292818
86 236960881.5208587 317787813.9357999 156133949.1059175 316964321.112639 144438534.22289008
96 182476684.07279563 286420327.60304874 78533040.54254252 294887437.770477 71365848.48401351
