1 15221.781016779125
2 29440.075902109562
4 53563.357732151846
8 115452.8747465801
16 141997.0982247871
32 149911.96672897294
48 128295.43966721477
1 26079.290994890758
1 28704.60380704916
1 25796.909992919755
1 25839.442188047127
1 26352.22671905978
1 27412.41288824088
1 26197.489322504804
1 27355.982025474637
1 23803.40743297988
1 25880.65412455128
2 43004.966630544164
2 42574.84038476873
2 44091.18715394414
2 41741.65875907896
2 41675.55146710178
2 45267.6356922003
2 41751.91987348274
2 44293.09922257096
2 43443.696052049294
2 40956.99730579977
4 67434.51163033026
4 74860.56966583419
4 72823.72868950355
4 69027.3505135131
4 71510.47487370003
4 70264.20642285871
4 71605.75288669833
4 70929.3514765432
4 74517.59235817152
4 68906.20337583621
8 103910.06876711905
8 95222.92932979026
8 107774.52014061765
8 89525.06228925537
8 90774.6155125414
8 85907.47284438614
8 89591.85160775074
8 106621.70318678535
8 108071.0024997379
8 99492.45170497749
16 134504.41108117913
16 132165.6660258311
16 132191.97586238073
16 132178.40747111873
16 131979.10261522175
16 134513.18489077943
16 125505.68698141223
16 138103.19522086636
16 131131.83251777512
16 132629.08196530564
32 146316.89348583668
32 145036.89548885752
32 146331.47261708052
32 141920.6656491369
32 138675.67660703723
32 141624.3207763868
32 142485.57766661808
32 144386.82468262478
32 142806.42219120936
32 139805.73455769903
48 120462.96813497848
48 120515.56028426855
48 121041.46843988443
48 123704.48356605269
48 120310.96868474344
48 122018.51797902677
48 123068.47248170583
48 123657.2851525022
48 121325.15988653636
48 121340.21843954593
