1 7693003.719843807 7879557.379417672 7506450.060269942 7923167.377369717 7554154.8670099145
2 10645870.225235635 11859312.6677432 9432427.78272807 12110076.063160168 9647417.02298496
4 26505811.368771613 33332783.302492928 19678839.435050298 30407865.947926413 16931394.35255828
8 54809720.76584603 61881898.13418113 47737543.39751093 60700358.874724805 45750967.205473624
16 89853562.97518376 107209661.97648758 72497463.97387993 104093648.88386308 67210300.78915064
32 61210563.7373089 114805067.17532808 7616060.299289711 123520488.85832699 28694995.559296153
48 83009960.14799872 224585821.72788385 -58565901.431886405 285729913.4901004 20380426.026593566
64 156401895.24603003 273901188.4337363 38902602.05832371 289843150.1766791 58928679.126471765
70 222371822.60357004 303952131.21142596 140791513.99571413 291966869.66332954 149004545.22245827
86 230059223.35464716 330715346.78369856 129403099.92559573 345648694.29056907 138689151.01340374
96 179345111.9817911 305909401.92808 52780822.03550221 341970218.7017323 72384994.60153791
