1 1518319.555298066
2 1432545.3364918106
2 1467126.36149332
2 1379188.0548715969
2 1466431.343238068
2 1368077.1498721875
2 1467575.890497049
2 1420058.171349164
2 1462414.615227287
2 1315515.7112350757
2 1454816.4229540662
4 1367419.0270600119
4 1376663.921037019
4 1322724.79525657
4 1347065.7124944876
4 1353552.3554461482
4 1387326.5805579955
4 1383426.2528952549
4 1248350.4180462402
4 1344881.480190993
4 1403245.579008578
8 1314490.5178233313
8 1308876.2306671857
8 1279995.575181785
8 1049406.4893194337
8 1317782.8492468817
8 1034711.214454216
8 1265098.577005559
8 1340973.6550395614
8 1319631.4640471763
8 1268593.9312600314
16 1177046.5066532714
16 1173798.3410000282
16 1170478.3066965058
16 1225896.3408769935
16 1205161.880867281
16 1221332.3418956941
16 1193494.6372816695
16 1189079.0155143675
16 1157076.665051585
16 1217256.8141645317
32 957229.9771320681
32 954285.0443448978
32 959826.8303728446
32 960214.1794799814
32 946203.2541275413
32 935180.350773503
32 947875.0628733056
32 936538.2202479632
32 967381.5961473896
32 950187.3034068323
48 732468.4764573241
48 716302.8613679641
48 720548.263341414
48 730561.4910428678
48 687383.3678593393
48 718559.0724569034
48 730399.2341330778
48 698325.342745405
48 714652.5393294598
48 702232.5088420735
