1 250238.86877322764
1 228744.14922225915
1 232051.91413904537
1 251649.27162796492
1 220060.70925250583
1 230226.91574624946
1 231251.77388924896
1 234139.53480455693
1 235275.93479127536
1 245364.6590393529
2 259973.48507424383
2 260472.1077898228
2 274439.8482908919
2 249653.65349903458
2 258894.55282719017
2 262875.97068592766
2 251614.25444235856
2 257914.5110392601
2 257305.9702673067
2 249218.65210701135
4 274994.8777580214
4 289126.8804518524
4 263429.1216910638
4 288940.0816245295
4 275226.41872199404
4 267413.3989138611
4 255746.95143717437
4 276734.8922117544
4 282159.8337512876
4 274556.7763027298
8 297770.3583701682
8 277280.9954453794
8 298314.80423200317
8 288790.33508910984
8 289423.2745192257
8 285279.1781337468
8 288860.25955876027
8 292617.94370510976
8 287940.52910926996
8 280651.8166715054
16 289635.6960095394
16 286685.4916772501
16 293919.91234540794
16 286312.3558131112
16 297409.91582971206
16 297816.7438946254
16 296166.5153098891
16 293782.10879963514
16 276282.6698428619
16 297431.89599078964
32 279943.6806106367
32 273367.597902496
32 260657.05707361078
32 268161.04310502054
32 294402.94509271043
32 268859.0836300198
32 274026.4144192014
32 285614.3694417721
32 276349.7728191107
32 273694.5247179665
48 245560.64084594263
48 225247.49993071897
48 256133.19197451512
48 260152.11781619408
48 236246.51883247518
48 250919.63455776917
48 255601.42513647614
48 240920.41206376508
48 245159.46954680356
48 262494.6224495775
