1 308209.1661211601
1 294529.27287503745
1 294803.68679523666
1 293986.75151833636
1 289831.7248179206
1 291783.5272162549
1 294549.3525334154
1 290646.0409321889
1 297070.5174426958
1 291419.8466124982
2 378395.71401697496
2 373566.1057168339
2 366984.35795314447
2 374632.9251989546
2 375113.89649168134
2 396127.8042768313
2 418782.4344554327
2 365959.7372289286
2 349330.53984333447
2 386632.9804218864
4 378189.3369230361
4 372381.2052864192
4 378935.90315834305
4 375072.2087293882
4 373806.2694778885
4 376760.62984794757
4 382175.72803415445
4 380787.0669743073
4 377792.36048936984
4 386942.24870050594
8 335595.1007337596
8 359573.56199545675
8 344268.6772473897
8 342511.02646747936
8 346987.48430301493
8 346932.57934031705
8 343832.18523532484
8 359694.175387007
8 352973.92277389986
8 320553.1837254178
16 206674.5905096635
16 185634.22065361068
16 222743.70974655988
16 225862.69352942225
16 206046.65835949653
16 214854.26992834618
16 202015.37810187953
16 201723.3743977487
16 198904.1626468261
16 189069.20776221858
32 95054.14473019623
32 87693.0499226836
32 97313.11226978437
32 84583.9018453509
32 93181.14929964986
32 95899.5682561452
32 103485.9258212134
32 101923.0195268998
32 93891.31096159508
32 92916.13164751376
48 56404.98812017379
48 56666.153265750116
48 54967.95928927024
48 55461.617661470256
48 59742.107139140644
48 54774.782271931166
48 50122.54112429228
48 54295.588107899806
48 53404.20691515831
48 49068.85354746211
