1 1926675.5114639397
1 2214722.5500267097
1 1907118.4308563906
1 2124822.4050734853
1 1954440.4027701041
1 1850603.3410087083
1 1996771.3537020795
1 1870318.8551910182
1 1986730.3285107755
1 1917304.510262326
2 1875584.726401159
2 1878873.447866931
2 1659138.2053743424
2 1607457.6885188532
2 1650971.1570891892
2 1660456.2666525706
2 1668047.9392258693
2 1743664.3767518399
2 1856510.2543722251
2 1714012.3187176934
4 1495749.2182228407
4 1435486.1379924715
4 1607835.6205183375
4 1572258.202518459
4 1575893.9840595068
4 1537527.633946252
4 1586745.9675501008
4 1560992.9945599367
4 1459381.5613381888
4 1591945.860693799
8 1276940.0990182506
8 1396006.840843368
8 1218796.8810235555
8 1379720.8000686825
8 1211693.809316878
8 1334285.9346662536
8 1326756.5243557417
8 1320314.2560161536
8 1298564.9260923127
8 1403236.3702212302
16 1149921.9436483178
16 1132319.2856534128
16 1158434.23058629
16 1085766.949864957
16 1133999.4762823423
16 1061801.2174266172
16 1192549.0668784834
16 877840.313232214
16 1162560.9416727484
16 1113535.627419147
32 471596.2906440622
32 505338.0191857072
32 384103.0089543488
32 600059.9412616128
32 421770.92924910283
32 469828.3556157382
32 582914.3409681334
32 506953.2718367303
32 623578.7250085094
32 431850.47917808313
48 459778.4681408526
48 498364.44283251726
48 476911.17803196714
48 361949.68065287976
48 421895.47032240237
48 624466.0056151915
48 371697.0573541783
48 418913.51081454515
48 441229.4263002706
48 514015.21702954534
