1 303124.1847765794
1 294035.9549666456
1 302542.8758458531
1 298902.05086987535
1 309485.05964729196
1 303156.12068915594
1 299739.3795728014
1 293897.2212596113
1 298822.4367912
1 305649.05425558897
2 383916.2200710644
2 395295.0508006463
2 363492.73464398837
2 407707.2138884425
2 381014.7776360251
2 380815.27084908803
2 389388.1110777174
2 382788.27736517135
2 389572.7941886997
2 384474.71139220544
4 402036.39939485525
4 378893.3426488186
4 378975.8714254727
4 381814.7494009068
4 378106.4791629021
4 371086.2232024559
4 383112.653188701
4 380116.6192309993
4 381457.11713921966
4 393383.7293931931
8 355574.8155663197
8 366411.92515918525
8 360692.4442892212
8 348548.3698775802
8 367639.4503009983
8 365727.46450550517
8 355734.5331477632
8 355224.15904208453
8 358149.300926357
8 369859.77202236734
16 226450.84338876055
16 194492.65729761103
16 200730.2521568641
16 208478.62613729128
16 204201.64299296963
16 195102.25125682927
16 190278.7463730702
16 207071.52058307198
16 223936.8366904498
16 233219.7162350007
32 97635.19455818158
32 97275.0539469084
32 97654.70586585421
32 93788.04414425895
32 98194.85391558844
32 88504.19222878086
32 93302.34920716759
32 95490.8965697116
32 104616.39860253666
32 87492.72313026468
48 52436.06127396412
48 42476.06702926465
48 56445.15990648424
48 52060.206836081685
48 51252.47390495719
48 47863.95616012027
48 50211.61315624868
48 57791.71213925678
48 53267.7177355503
48 43766.92721017092
