1 7940515.203948881 7969564.941324713 7911465.466573048 8035556.123396224 7723435.680847523
2 10261316.371663673 10683312.576278865 9839320.16704848 12604274.95302635 8101037.646218142
4 24287428.55978494 25785892.714022115 22788964.405547768 29364154.02399192 15074982.317876484
8 35005008.715731956 38985038.665035635 31024978.766428277 49454608.55492402 11138981.957318913
16 55109568.632310234 67832856.18280564 42386281.081814826 99499732.14233278 8146873.560602801
32 93161803.23042443 119635405.11496934 66688201.345879525 214513771.8622956 15457895.383947007
48 127852002.85382843 163610701.6446765 92093304.06298037 263983561.24145105 25859261.31762923
64 139483313.409773 174811610.4847253 104155016.33482069 279647180.2077483 25248440.89670426
70 135075479.18342564 173842556.95406938 96308401.41278191 323000341.71711826 26956376.719176393
86 162252543.9620414 197667919.55270398 126837168.37137885 354392831.6094387 39645951.99890048
96 147005252.29698512 187317277.9123354 106693226.68163486 370252974.4612289 34594382.53374396
