1 642051.0235789528 642051.0235789528 642051.0235789528 642051.0235789528 642051.0235789528
16 10036824.496586662 10036824.496586662 10036824.496586662 10036824.496586662 10036824.496586662
48 22535355.932243727 22535355.932243727 22535355.932243727 22535355.932243727 22535355.932243727
1 943670.5092425044
1 962257.3717774331
1 947531.9832954137
2 1252773.001422908
2 458127.5884689705
2 580712.9230356833
4 765539.3570982612
4 1632141.1948818841
4 735225.9847969508
8 802464.4459521722
8 1441735.4825411
8 1139619.8681782836
16 3171072.286562805
16 3826920.5246598595
16 7780788.6442471435
32 8350493.1517786505
32 7239270.502290268
32 5026643.984391285
48 7684905.985392638
48 1.1843965655910745E7
48 1.5648027919998197E7
