1 8137448.794262176 8383032.728398173 7891864.86012618 8359631.68995842 7830949.448116109
2 10787224.567570064 12218926.070965594 9355523.064174535 12546796.951766405 9789042.083393756
4 24073228.32778104 29131699.546727158 19014757.108834922 27701415.809439946 17212497.37929359
8 46331111.39080811 63137578.99675302 29524643.784863207 57998472.45213552 23084711.8491179
16 89034584.9278681 112494842.21564864 65574327.64008756 114891714.21580243 62126527.78209397
32 61663285.20711593 78827307.69051597 44499262.7237159 75608648.72345296 39764233.54350699
48 89194873.47320504 224264205.07669955 -45874458.13028945 280570965.1885677 22154835.93385649
64 186759150.58792925 300310540.9670887 73207760.20876983 279733708.97361386 51213980.24236671
70 122471541.41159168 244163401.8753226 779680.9478607476 231362706.32805264 40791637.271437936
86 166507377.0753196 250576724.50391 82438029.64672917 254174826.7302742 78456530.4979267
96 177409821.32118958 307586293.00149524 47233349.64088394 315521241.4480067 78029780.95921175
