1 3387274.9645968336 3929114.8979292302 2845435.031264437 4896242.902415812 699116.5810480177
2 2712955.895858087 3010967.9733659616 2414943.8183502126 4910167.35796715 1242641.6270195306
4 3502299.019655034 4532970.967838748 2471627.0714713195 8454207.254832752 518266.7609699417
8 5968995.869371197 7952378.750017909 3985612.988724485 14606861.784726001 392655.99255995045
16 17724726.294734966 22408909.089505263 13040543.499964667 30535059.31353131 459993.53807331825
32 51365943.48165438 60760674.53433623 41971212.428972535 73114348.2307398 811168.1601087888
48 60530197.87469371 72386032.41677064 48674363.332616776 98773780.24475433 1438338.238780381
64 51766758.5249819 65141935.182565175 38391581.86739863 95481338.06086648 1200528.6120900768
70 56046189.672988035 69488812.90655582 42603566.43942025 104914048.41871308 1299698.810554855
86 58233464.0666628 73996781.84456953 42470146.28875607 112681430.4627261 1680644.0918040767
96 48489019.28046323 67493943.77490114 29484094.786025334 129066265.04277985 1038274.1503354614
