1 1301042.640084286
1 1364394.6155650401
1 1305874.8930326856
1 1321668.8792669561
1 1403232.5459450304
1 1368797.7032724835
1 1325170.9017007512
1 1321374.7482147822
1 1473839.604929278
1 1415734.4403366295
2 1565962.9233015398
2 1466237.0097072988
2 1588158.6044229316
2 1505019.9758483274
2 1538585.5381383686
2 1576194.2101099316
2 1495290.1445562541
2 1516415.3424705004
2 1483479.5097772612
2 1549372.97862865
4 1486493.9146016473
4 1500020.4777856956
4 1489784.1457936785
4 1523907.2516972409
4 1456198.800384028
4 1511647.5768232343
4 1435234.782573129
4 1435219.055763935
4 1409855.6454557853
4 1487400.5844868345
8 853349.0827255384
8 780811.6117467048
8 909585.6899713547
8 886352.3452843158
8 770255.0059036667
8 788189.6177284432
8 730437.6872794621
8 822006.9880931802
8 847788.8369832742
8 756194.6250734732
16 517768.6769037786
16 526621.3518344936
16 460968.3926713575
16 496803.7622118328
16 535969.3294740102
16 517883.538616547
16 553673.6770509866
16 497380.90534188756
16 529220.969581298
16 543365.8981825196
32 280206.7390854153
32 269181.2096715772
32 261452.69315909306
32 294165.15115873516
32 283655.76766539423
32 299567.5698239344
32 269512.42390886554
32 683625.2656375894
32 262945.45416779624
32 308972.9097678782
48 172926.3701858113
48 527263.5175212794
48 174856.5623585045
48 188743.68722577186
48 187887.26273869362
48 157593.730427148
48 182444.73212400507
48 171606.27333172841
48 161387.69032201805
48 156525.50949380436
