1 3957852.35934138
2 2693069.65481989
2 2879050.9080929477
2 2886790.868819322
2 3037143.175117693
2 2863383.2242844338
2 2895008.775639471
2 3027197.900653798
2 3024370.31846463
2 2990582.4061362916
2 2781853.3706654212
4 2387835.4216607213
4 2377850.7606766275
4 2345971.935831119
4 2336988.3335610395
4 2158782.5803070557
4 2263950.585175013
4 2322965.0319658206
4 2449336.727199238
4 2291369.5129587506
4 2333007.880022819
8 1613310.617725279
8 1514645.9362587102
8 1667119.6335611371
8 1481836.5482142977
8 1616560.7176475648
8 1397335.840518045
8 1479375.6912294533
8 1498573.8181038094
8 1249088.7701866403
8 1430982.479771947
16 1242722.8068165276
16 1053392.699740131
16 1272082.9022703492
16 1101712.4545185578
16 1282510.2894216506
16 1171766.5667652946
16 844527.346312446
16 1119544.46557881
16 1256758.4510482007
16 874899.9488337806
32 1065801.697233577
32 876246.176352663
32 987210.9365635497
32 822136.0522651565
32 833441.2909293707
32 856315.261057976
32 1008998.316921073
32 919413.958642046
32 988080.6238494562
32 897954.0809347685
48 737554.2392174043
48 811325.8707285125
48 858643.5029887215
48 828112.6728056043
48 883520.9626671358
48 836169.0083552212
48 858949.3765760653
48 681228.0021573266
48 950308.9775276749
48 840695.5108201811
