1 115801.74726372847
2 150758.83742476584
4 158196.4372765896
8 302297.90834869293
16 312015.8375930971
32 280670.2566696444
48 253637.6425052413
1 223782.14270197746
1 232633.3350133493
1 216361.17344077808
1 220659.31266100862
1 233651.69462237114
1 222754.99811377953
1 223216.83457953305
1 203208.8483308455
1 232835.52810019732
1 230931.92459947584
2 252609.9678732822
2 258442.80785532307
2 256388.61072640942
2 246285.2898246461
2 261622.9779625984
2 261005.0315650444
2 238994.82554301684
2 233248.50503358696
2 228546.67265773984
2 258040.6065415223
4 270144.19219663664
4 277657.09594547073
4 264161.88190576
4 273575.2157444661
4 277778.8111203938
4 257514.58712225172
4 277134.04275477806
4 273877.7738879357
4 280304.15379175154
4 267708.68500661565
8 271713.2980142307
8 277251.58952394564
8 277147.0121353754
8 258556.20626335466
8 283099.62826547754
8 282056.5648698945
8 263639.0198699852
8 279569.15649322234
8 280261.1553996917
8 274982.6848420572
16 270833.3070876589
16 279378.19740698993
16 281765.4182294644
16 271536.4992968111
16 291677.96418297756
16 295332.1557437628
16 276033.06363653473
16 274537.3472095319
16 277528.6464000567
16 280389.26649748266
32 276972.5211565552
32 264145.2847724417
32 264023.3809631486
32 253993.99664834072
32 261388.31731107616
32 256242.35005655553
32 242016.86662452333
32 262019.0099477331
32 266252.94714058156
32 261063.47670541226
48 235675.9632385656
48 236527.2842983388
48 246005.51190958693
48 239559.0431212239
48 229955.59487428603
48 251509.54464019896
48 240433.4089958841
48 239358.15427242976
48 241508.45759725626
48 230083.79957016848
