1 8667826.095079789 9093553.38422799 8242098.805931588 9093919.950856451 8337083.674493994
2 9523093.82121498 10997216.163442817 8048971.478987142 10902429.001279645 7887803.842387876
4 31225477.422922492 38538362.7532734 23912592.09257159 35345880.12359323 21076194.16810709
8 60795116.77293515 76653922.57650268 44936310.96936762 66939763.873467006 37959053.49275601
16 130445973.23518538 135025918.34774327 125866028.1226275 134779434.47126055 125100393.1013312
32 216375089.59730607 341081665.11649466 91668514.07811752 265715854.84890613 36777823.80654187
48 173537140.72762474 398394367.32713866 -51320085.871889144 380370641.0457823 34112662.24729927
64 403978074.51222265 419911731.93996835 388044417.08447695 416256774.9648022 383128210.41997445
70 295382696.1995742 487271145.198719 103494247.20042935 436409655.755706 52084784.551893346
86 387290652.12009436 624726607.7175157 149854696.52267295 513332581.4206744 59145494.39630876
96 420001791.68474805 518783832.19358563 321219751.1759105 505429142.4052114 324651052.5417507
