1 8310647.225941034 8581311.38759922 8039983.064282848 8497289.796477197 7943975.336556115
2 12765300.528643798 15114419.936603513 10416181.120684084 14512146.947096081 10071962.451470008
4 32521843.269497238 33651317.14740613 31392369.39158834 33141237.10487185 30924947.464620456
8 62954024.98036613 63596923.65543806 62311126.30529421 63830152.63771194 62484756.594335645
16 121876730.63324264 126768588.77081022 116984872.49567506 125623974.86666152 117477436.45486325
32 246236967.7165962 251644864.25322545 240829071.17996693 250926590.24071628 239097268.16298974
48 335309283.4930771 361712386.5995925 308906180.3865617 369737414.83182424 316233285.8669532
64 371060336.24610585 393744765.48120916 348375907.01100254 395061215.237587 347168766.1960774
70 336717313.1651436 355645616.29424936 317789010.03603786 359541391.61453974 319885239.50191826
86 387102679.7230778 422620462.84282887 351584896.6033267 425677172.66832876 349438153.1221358
96 428729760.9856946 448553445.2005824 408906076.7708068 448911857.8926508 404544644.8680878
