1 1372234.501320397
1 1483968.8968882146
1 1480516.9587157574
1 1473361.5059763067
1 1499272.509535241
1 1546523.7079408304
1 1432195.6787163417
1 1511213.489075206
1 1500826.9604222144
1 1484941.2454342057
2 1520549.010933589
2 1478855.1026514482
2 1435753.8214446355
2 1491089.8228576882
2 1367504.9641135891
2 1417107.7649921966
2 1593958.5049401175
2 1531063.2719839897
2 1430824.966693724
2 1374321.8042183104
4 1430568.991664144
4 1492459.2712495236
4 1404687.5003472283
4 1429533.9475486288
4 1400810.6239446467
4 1375289.5341281437
4 1422201.2773291415
4 1469202.059535695
4 1462558.4429864138
4 1481336.1135837182
8 1210408.3229650003
8 1275359.5827155986
8 1271762.3257370067
8 1301459.4417781269
8 1215086.5571076982
8 1279205.2092849072
8 1247646.5931985525
8 1316016.8764071288
8 1244123.9171791305
8 1259755.0795363327
16 949786.1601152803
16 937952.552472219
16 854121.278699409
16 963597.9993436978
16 957289.5971040447
16 957257.2837940239
16 922863.4577403439
16 969525.2648632796
16 918816.7307238379
16 919518.9310226614
32 582765.3374256998
32 645308.9611970321
32 540333.6654781537
32 669884.2011240231
32 667025.0166967688
32 598721.8517827508
32 642542.3105933664
32 677538.6787951328
32 594633.8550716675
32 598570.8207503259
48 348442.5865538825
48 382491.3235571516
48 347928.77449670393
48 342388.32250185224
48 361855.7943768359
48 355212.7450316606
48 399016.053957355
48 384179.8684029921
48 338429.1732995599
48 356609.155156917
