1 8175432.867417991 8485484.160580771 7865381.57425521 8415238.981662821 7772757.432579087
2 12694800.31239232 14717995.395423759 10671605.229360882 15093014.547570681 10961866.063986357
4 31518139.106570937 38130126.667716034 24906151.545425843 34078907.481038205 22002150.146366283
8 56910281.935327865 71113424.1774928 42707139.69316293 64138110.52349261 36685194.068405785
16 122665671.30275634 131966211.2316284 113365131.37388428 128358477.40184475 110415879.87558079
32 137726630.55857173 267885679.53332186 7567581.58382158 255658068.7551273 35198197.44131123
48 274259208.7744653 441849428.1185868 106668989.43034384 347476122.78628045 33889317.05853419
64 131962809.9259387 284535616.7145903 -20609996.86271292 333932450.1921183 48915184.53247738
70 235510931.3312234 356242697.39290583 114779165.26954095 338958212.13800937 108020187.56261063
86 180177037.30308372 357268887.99901474 3085186.60715273 391053173.21067226 52812756.44101199
96 350888991.0433952 553525644.1409054 148252337.94588506 510750618.1621856 167038526.1271558
