1 3916862.8082934176
2 2983045.2734032813
2 2767862.343768352
2 2604055.642516808
2 2577106.666559817
2 2986646.37181012
2 2842642.0068293535
2 2752378.265421301
2 2781182.5101718684
2 2859656.5916540814
2 2760067.730198147
4 2018292.9877248122
4 2041029.0744796288
4 2032302.8483711903
4 1783311.9791806347
4 2016449.5907062755
4 2105736.9205017956
4 1725784.6603543772
4 1950557.0105339596
4 1921137.540401437
4 2025750.0847001746
8 1516254.9347564708
8 1482254.638206022
8 1561068.7689098387
8 1567979.3324981087
8 1290595.3663403736
8 1554438.908777077
8 1591947.2620687417
8 1572612.8587762178
8 1534591.3379823694
8 1598632.263540315
16 992028.2521792614
16 920914.6993067507
16 1265622.8194502743
16 981103.2052330971
16 870091.6007361544
16 811920.8402968587
16 851924.5273131412
16 914225.1167503897
16 805581.8474548758
16 1275795.7771045887
32 669703.4705789735
32 746624.81744686
32 757578.2953690591
32 770609.3281959498
32 825616.0534198692
32 725739.4017299869
32 654313.2376814175
32 818543.6897220401
32 928678.3615085802
32 892480.3015529352
48 838298.1513889128
48 587130.9234597532
48 641756.2040775238
48 572655.7335970702
48 527995.836632847
48 583405.6317465517
48 584945.5588492255
48 832994.182841586
48 546640.8963690142
48 638746.2804554963
1 3690884.6628529783
1 3709990.825793021
1 3104854.007595407
1 3897721.2603381076
1 3744275.7367880694
1 3596371.6005362426
1 3703239.9690577057
1 3291688.9055803274
1 3801505.688082347
1 3585894.931361849
2 2098313.333927274
2 2717634.892945832
2 3000898.1771246977
2 2782340.012075161
2 2629721.1580359167
2 2898362.65571396
2 2797245.265486397
2 2667456.7311735097
2 2647466.136062382
2 2747949.9690919956
4 1836155.6848663462
4 2056489.7039582909
4 1899098.0807351924
4 1967251.1519005664
4 1978889.7109569644
4 2004383.4014524727
4 1934838.6191155592
4 1901372.1096801402
4 1900629.551159321
4 2039910.5622229127
8 1642988.5007567634
8 1512324.0442744903
8 1688481.5638883275
8 1541881.5616400298
8 1505873.6768580824
8 1481352.4805623707
8 1536066.0519908364
8 1556541.2863991684
8 1498810.1331959653
8 1623565.0503715659
16 970363.4627165464
16 854978.1834476362
16 895589.2215944021
16 898514.3476759066
16 853982.1449239434
16 883956.3320170956
16 843556.6478098133
16 1090561.3463678493
16 875320.4798386829
16 979301.4021276087
32 690348.4626763103
32 800526.7479978243
32 769018.0241728184
32 840556.6386412032
32 721633.165905897
32 623823.1358418413
32 928102.1586670752
32 931682.143404033
32 747510.2315432266
32 692551.7510164325
48 579653.5483144314
48 598512.9542392994
48 595215.161244475
48 622810.6861328547
48 829722.9864355316
48 537362.7885050146
48 566745.6620133535
48 611043.3512826323
48 481691.4975573942
48 715262.3182838887
