(72,1) 436072
(20,1) 436060
(66,1) 436068
(28,1) 436052
(89,1) 436079
(43,1) 436043
(3,1) 436084
(37,1) 436064
(14,1) 436050
(40,1) 436053
(52,1) 436081
(92,1) 436073
(75,1) 436059
(48,1) 436059
(23,1) 436063
(69,1) 436067
(86,1) 436081
(83,1) 436068
(34,1) 436059
(17,1) 436079
(55,1) 436064
(6,1) 436075
(97,1) 436082
(51,1) 436106
(26,1) 436068
(80,1) 436067
(41,1) 436047
(49,1) 436061
(68,1) 436081
(12,1) 436079
(35,1) 436053
(54,1) 436067
(5,1) 436065
(94,1) 436096
(71,1) 436059
(77,1) 436080
(21,1) 436059
(29,1) 436050
(63,1) 436066
(46,1) 436057
(88,1) 436073
(60,1) 436066
(15,1) 436059
(0,1) 436091
(91,1) 436063
(8,1) 436072
(32,1) 436071
(57,1) 436056
(74,1) 436066
(24,1) 436080
(47,1) 436085
(99,1) 436088
(82,1) 436092
(85,1) 436068
(33,1) 436061
(10,1) 436075
(7,1) 436047
(79,1) 436080
(18,1) 436060
(56,1) 436071
(73,1) 436057
(96,1) 436096
(44,1) 436067
(27,1) 436073
(65,1) 436065
(2,1) 436072
(62,1) 436081
(13,1) 436058
(30,1) 436075
(38,1) 436072
(93,1) 436063
(59,1) 436070
(76,1) 436066
(22,1) 436079
(45,1) 436075
(64,1) 436069
(87,1) 467713
(84,1) 436073
(61,1) 436063
(1,1) 436061
(31,1) 436092
(16,1) 218030
(9,1) 436078
(39,1) 436066
(90,1) 436049
(58,1) 436064
(50,1) 436053
(25,1) 436054
(98,1) 436062
(42,1) 436060
(81,1) 436077
(67,1) 436063
(36,1) 436070
(4,1) 436055
(11,1) 436048
(78,1) 436059
(53,1) 436067
(19,1) 436050
(70,1) 436061
(95,1) 436065
