(72,1) 308006
(20,1) 475808
(66,1) 460050
(89,1) 467221
(28,1) 477405
(43,1) 465965
(3,1) 468753
(37,1) 481930
(14,1) 309940
(40,1) 466081
(52,1) 462071
(92,1) 308478
(75,1) 477949
(48,1) 463904
(23,1) 460539
(69,1) 466969
(86,1) 471004
(83,1) 469879
(34,1) 311555
(17,1) 474439
(55,1) 307927
(6,1) 467412
(97,1) 466529
(51,1) 478509
(26,1) 456524
(80,1) 473815
(41,1) 457800
(49,1) 464911
(68,1) 476354
(12,1) 467467
(35,1) 473395
(54,1) 469737
(5,1) 311483
(94,1) 486510
(71,1) 469685
(77,1) 465403
(21,1) 471722
(29,1) 466562
(88,1) 457613
(46,1) 478544
(63,1) 472292
(60,1) 470157
(15,1) 460373
(0,1) 468337
(91,1) 460752
(8,1) 467291
(32,1) 486797
(57,1) 308818
(74,1) 465308
(24,1) 477370
(47,1) 469956
(99,1) 309712
(82,1) 309973
(85,1) 462867
(33,1) 308332
(10,1) 467580
(7,1) 467994
(79,1) 465919
(18,1) 482085
(56,1) 482136
(73,1) 465575
(96,1) 461993
(44,1) 466004
(27,1) 465480
(65,1) 476906
(2,1) 462627
(62,1) 465149
(13,1) 475946
(30,1) 472048
(38,1) 460229
(93,1) 463246
(76,1) 475390
(59,1) 473029
(22,1) 461522
(45,1) 469665
(64,1) 467459
(87,1) 464430
(84,1) 472929
(61,1) 307996
(1,1) 456293
(31,1) 477191
(16,1) 461844
(9,1) 471069
(39,1) 476399
(90,1) 470791
(58,1) 474247
(50,1) 474498
(98,1) 482314
(25,1) 470329
(42,1) 471821
(81,1) 480355
(67,1) 311447
(36,1) 470569
(4,1) 463159
(11,1) 467251
(78,1) 463759
(53,1) 462269
(19,1) 471518
(70,1) 461983
(95,1) 461843
