(24928,1) 9332
(22988,1) 9330
(87032,1) 9820
(74078,1) 10377
(24802,1) 9544
(65361,1) 9701
(83906,1) 9534
(88369,1) 9366
(79411,1) 9956
(87146,1) 9779
(68982,1) 10062
(82707,1) 9615
(20439,1) 9682
(52178,1) 10231
(20681,1) 9502
(31592,1) 9180
(13903,1) 10135
(41496,1) 9372
(41255,1) 10221
(21880,1) 9475
(32447,1) 8752
(40044,1) 9423
(19324,1) 9240
(42376,1) 9126
(7850,1) 10246
(3234,1) 10323
(19312,1) 9860
(58607,1) 9717
(81827,1) 9560
(30368,1) 9700
(29253,1) 9368
(90545,1) 9273
(10523,1) 9503
(91997,1) 9559
(19589,1) 9343
(37906,1) 9271
(18595,1) 9406
(64493,1) 10115
(58836,1) 9530
(90316,1) 9455
(52281,1) 9486
(67885,1) 10670
(70700,1) 9082
(88255,1) 9179
(44684,1) 9651
(86278,1) 10153
(33851,1) 9957
(41177,1) 8912
(5578,1) 9044
(47901,1) 9508
(81635,1) 9645
(89352,1) 9490
(17131,1) 9596
(41369,1) 9968
(66776,1) 10087
(32333,1) 9694
(54564,1) 10342
(41231,1) 9789
(35803,1) 10207
(10662,1) 9666
(58861,1) 10065
(92419,1) 9598
(31146,1) 9671
(99003,1) 9608
(58987,1) 8992
(26905,1) 9396
(55751,1) 9710
(44341,1) 9158
(91883,1) 9422
(52003,1) 10101
(17269,1) 9914
(21765,1) 9495
(99130,1) 9575
(34767,1) 9412
(87056,1) 9586
(31273,1) 10030
(20771,1) 9705
(24724,1) 9876
(17065,1) 10098
(86393,1) 10407
(83600,1) 9616
(43142,1) 9696
(43268,1) 10058
(65541,1) 9767
(21230,1) 10952
(83726,1) 9554
(26294,1) 9982
(29073,1) 9649
(90623,1) 9445
(74385,1) 9708
(55011,1) 9954
(19402,1) 9458
(66637,1) 9458
(34677,1) 9455
(91118,1) 10113
(47859,1) 9963
(31772,1) 9571
(61814,1) 9563
(30307,1) 9446
(8868,1) 9275
(70761,1) 10000
(20259,1) 9883
(75228,1) 10341
(92432,1) 9086
(5619,1) 10042
(90611,1) 10054
(15293,1) 9546
(51033,1) 9770
(38265,1) 10216
(16389,1) 9746
(62022,1) 9599
(12867,1) 10117
(66866,1) 9811
(70904,1) 9350
(12500,1) 9285
(10355,1) 9123
(52244,1) 9916
(83979,1) 9182
(22670,1) 9784
(66379,1) 9522
(47618,1) 10165
(65181,1) 9459
(30699,1) 9330
(16124,1) 9943
(74168,1) 9618
(52346,1) 10504
(97369,1) 9837
(28005,1) 9685
(91,1) 9148
(8778,1) 9701
(10241,1) 9831
(79676,1) 9852
(70797,1) 10053
(26028,1) 10190
(64240,1) 9578
(73822,1) 10182
(67260,1) 9909
(62124,1) 9744
(57764,1) 8880
(93745,1) 9640
(21867,1) 9876
(36515,1) 9981
(42454,1) 9744
(76656,1) 9869
(64366,1) 9596
(95619,1) 9898
(91503,1) 9630
(62010,1) 10496
(57102,1) 10071
(17540,1) 9437
(9802,1) 9367
(84913,1) 9306
(72167,1) 10007
(14730,1) 9050
(32153,1) 10520
(44034,1) 10383
(89724,1) 9123
(48511,1) 10377
(13087,1) 9848
(27583,1) 10139
(815,1) 9789
(41014,1) 10064
(32819,1) 9793
(61941,1) 9772
(78633,1) 9584
(87351,1) 10262
(45360,1) 9231
(44827,1) 9663
(19132,1) 8878
(78759,1) 9320
(38290,1) 9444
(72041,1) 9057
(79819,1) 9474
(42851,1) 9377
(40093,1) 9616
(78760,1) 9662
(58951,1) 9391
(44046,1) 9399
(29306,1) 9275
(9088,1) 10300
(8627,1) 9258
(46546,1) 9693
(58693,1) 8853
(21332,1) 9109
(6254,1) 9783
(42069,1) 9612
(91781,1) 10004
(19667,1) 10505
(94944,1) 9906
(69110,1) 10063
(76620,1) 9885
(21049,1) 9585
(56030,1) 10085
(66817,1) 9772
(2407,1) 9532
(88730,1) 9690
(49746,1) 10455
(28667,1) 9662
(89700,1) 9830
(64648,1) 9986
(14501,1) 9456
(13038,1) 9785
(38470,1) 10107
(91053,1) 9773
(34599,1) 9162
(64992,1) 9703
(34130,1) 9776
(99996,1) 9855
(99743,1) 9524
(23586,1) 9553
(92252,1) 9744
(51946,1) 9229
(75421,1) 10066
(20079,1) 9616
(98520,1) 9716
(15736,1) 9761
(51958,1) 9769
(51717,1) 9730
(96109,1) 9464
(13051,1) 10174
(23369,1) 10098
(23128,1) 9953
(72659,1) 9308
(78940,1) 9699
(71207,1) 9957
(52310,1) 9910
(39656,1) 9279
(5157,1) 9369
(21806,1) 10229
(12205,1) 10006
(65872,1) 9121
(71563,1) 9776
(1654,1) 9839
(7490,1) 9659
(24315,1) 9143
(87921,1) 9891
(60274,1) 9641
(9039,1) 9640
(75878,1) 9267
(48272,1) 9705
(64420,1) 9234
(53713,1) 9634
(48488,1) 9580
(36756,1) 9904
(24581,1) 9882
(60321,1) 9524
(32279,1) 9841
(61773,1) 9483
(28757,1) 9430
(51352,1) 10079
(50760,1) 9178
(9244,1) 9808
(18648,1) 9380
(24593,1) 9978
(61105,1) 9555
(2865,1) 9799
(38241,1) 8959
(12115,1) 9461
(61785,1) 9505
(88754,1) 9859
(87849,1) 9548
(24191,1) 10108
(45004,1) 9537
(56295,1) 9885
(73583,1) 9173
(68103,1) 9804
(51339,1) 9294
(65859,1) 9737
(20836,1) 9413
(53978,1) 9678
(75962,1) 10201
(76812,1) 9279
(37590,1) 9995
(47631,1) 9664
(16533,1) 9716
(48559,1) 9623
(81058,1) 9649
(25696,1) 9414
(26053,1) 9878
(24244,1) 8990
(41087,1) 9597
(70027,1) 9389
(96434,1) 9262
(12140,1) 9675
(97645,1) 9208
(36113,1) 9657
(80334,1) 9398
(12152,1) 9228
(76944,1) 9174
(61665,1) 9546
(36101,1) 9486
(99436,1) 9795
(7165,1) 9858
(52845,1) 9820
(72954,1) 10008
(39764,1) 9412
(70281,1) 10181
(76578,1) 9256
(13580,1) 10233
(68081,1) 9495
(6831,1) 9778
(94601,1) 10330
(94637,1) 10139
(96404,1) 9362
(40994,1) 9664
(11771,1) 9895
(36125,1) 9799
(54912,1) 9874
(82498,1) 9543
(72713,1) 9293
(27775,1) 9665
(6074,1) 10265
(97633,1) 9739
(1719,1) 9419
(81533,1) 9915
(95458,1) 9500
(77753,1) 9007
(18697,1) 9401
(17245,1) 9976
(74499,1) 9897
(10559,1) 9810
(9551,1) 9967
(63270,1) 9694
(70315,1) 9600
(3823,1) 9810
(14466,1) 9841
(95554,1) 9852
(73023,1) 10029
(96387,1) 9994
(23370,1) 9981
(48247,1) 10210
(51111,1) 10265
(92775,1) 9482
(95800,1) 9993
(93438,1) 9637
(46132,1) 9699
(96716,1) 9941
(93355,1) 9855
(4811,1) 10028
(56504,1) 9545
(74558,1) 9535
(20092,1) 9801
(84590,1) 9822
(28775,1) 9656
(89135,1) 9309
(14791,1) 9181
(75919,1) 9821
(85170,1) 9501
(22382,1) 9630
(87879,1) 9505
(79286,1) 9407
(62594,1) 9519
(13002,1) 9428
(71779,1) 10183
(25684,1) 9821
(72106,1) 9610
(73558,1) 9365
(30709,1) 9365
(49517,1) 9931
(5656,1) 9215
(66289,1) 9022
(75662,1) 9481
(14002,1) 9322
(11235,1) 9134
(69580,1) 8976
(21001,1) 9606
(40319,1) 9250
(95638,1) 9898
(36179,1) 9840
(35564,1) 9559
(8315,1) 9950
(50363,1) 9208
(59898,1) 9949
(12567,1) 9232
(86566,1) 9928
(46222,1) 9762
(9160,1) 9614
(15237,1) 9508
(78292,1) 9398
(53996,1) 8857
(39926,1) 10245
(84144,1) 10029
(20703,1) 9689
(61743,1) 9980
(86554,1) 9016
(83047,1) 9765
(47421,1) 9431
(3612,1) 10030
(84866,1) 10180
(43838,1) 9398
(38005,1) 10040
(32813,1) 9151
(26124,1) 9559
(49728,1) 9557
(15364,1) 9475
(64768,1) 9419
(49145,1) 9529
(10018,1) 8944
(23683,1) 9411
(24057,1) 9292
(49716,1) 10254
(66937,1) 9706
(65841,1) 9333
(59049,1) 9397
(59886,1) 9931
(47445,1) 9783
(2883,1) 9488
(73384,1) 9044
(87765,1) 9525
(14736,1) 9464
(36751,1) 9678
(8087,1) 8867
(68110,1) 10391
(3509,1) 9899
(74950,1) 9550
(77093,1) 9577
(38373,1) 9976
(67025,1) 9758
(33129,1) 9291
(74101,1) 10208
(8051,1) 9655
(80802,1) 9329
(65407,1) 9425
(47168,1) 10081
(582,1) 9660
(74787,1) 9433
(23075,1) 10422
(36685,1) 9456
(27967,1) 9605
(17202,1) 9456
(12592,1) 9796
(50627,1) 9576
(3534,1) 10308
(26455,1) 9500
(11319,1) 10300
(6477,1) 9864
(62383,1) 10387
(26707,1) 9925
(14899,1) 9771
(80582,1) 9789
(69081,1) 9788
(48482,1) 9821
(53857,1) 8548
(73450,1) 9721
(63418,1) 10093
(7014,1) 9297
(42639,1) 9118
(19636,1) 9531
(91354,1) 9675
(95386,1) 9614
(69357,1) 9900
(50615,1) 10213
(87789,1) 9711
(93138,1) 10158
(52797,1) 9870
(9123,1) 9949
(719,1) 9510
(24262,1) 9830
(71864,1) 9600
(24322,1) 9013
(17660,1) 9504
(25508,1) 9409
(64605,1) 9347
(50351,1) 9517
(83757,1) 9493
(2732,1) 9937
(33909,1) 9597
(25647,1) 9588
(94199,1) 10028
(46770,1) 9317
(96103,1) 9078
(94975,1) 9617
(29679,1) 9531
(88506,1) 9760
(88964,1) 9520
(47891,1) 9544
(30746,1) 9692
(26112,1) 9875
(63377,1) 9405
(28853,1) 9105
(16737,1) 9526
(28481,1) 9670
(41820,1) 9040
(94848,1) 9890
(11170,1) 9705
(20764,1) 9848
(61568,1) 9643
(6326,1) 9848
(14928,1) 9849
(31279,1) 9148
(95561,1) 9087
(72576,1) 10403
(81401,1) 8887
(35498,1) 9779
(43875,1) 9977
(94138,1) 9432
(63389,1) 9593
(79340,1) 10174
(17084,1) 9719
(31548,1) 9843
(45186,1) 10013
(83234,1) 9267
(97881,1) 9656
(4757,1) 10015
(93289,1) 9871
(39758,1) 9651
(6963,1) 9101
(44359,1) 9534
(10067,1) 9893
(95325,1) 9870
(59825,1) 9488
(42688,1) 9492
(12032,1) 9607
(97171,1) 9973
(92655,1) 10082
(24123,1) 9825
(47024,1) 9219
(895,1) 9891
(67752,1) 9717
(12007,1) 9970
(49079,1) 10046
(27282,1) 9556
(28992,1) 9665
(99581,1) 8893
(45047,1) 9360
(67625,1) 10311
(67098,1) 9374
(208,1) 10195
(185,1) 9759
(57415,1) 9645
(34443,1) 9719
(19980,1) 9444
(62191,1) 9253
(46859,1) 9651
(12531,1) 10298
(48012,1) 9731
(78093,1) 9845
(16040,1) 9626
(11031,1) 9721
(24947,1) 10004
(56241,1) 9873
(9485,1) 9727
(78422,1) 9704
(4745,1) 9378
(56788,1) 9925
(16587,1) 9869
(30914,1) 9456
(61219,1) 9425
(5790,1) 9425
(52700,1) 8852
(16959,1) 9555
(39535,1) 10077
(57380,1) 9537
(70052,1) 10251
(70718,1) 10563
(46209,1) 10096
(11043,1) 9578
(51826,1) 9901
(95013,1) 9379
(51700,1) 9544
(32094,1) 9391
(19992,1) 9543
(83782,1) 8933
(63390,1) 9821
(74085,1) 9769
(22399,1) 9151
(20086,1) 10058
(31434,1) 9510
(77771,1) 9411
(85632,1) 9380
(43327,1) 9860
(27666,1) 9198
(30259,1) 9244
(72377,1) 9725
(46348,1) 9879
(59801,1) 9484
(883,1) 9968
(359,1) 9627
(84120,1) 9809
(51303,1) 9542
(77109,1) 9558
(40291,1) 10419
(66097,1) 9607
(28643,1) 9912
(80039,1) 9489
(66284,1) 10300
(77957,1) 9908
(38962,1) 9300
(22638,1) 9409
(63929,1) 9808
(75535,1) 9783
(20938,1) 9570
(1793,1) 9752
(62833,1) 9886
(34966,1) 9797
(83168,1) 9009
(47920,1) 10269
(44551,1) 9821
(88603,1) 9468
(45372,1) 10203
(26233,1) 9531
(22983,1) 9590
(33743,1) 10329
(10769,1) 9224
(67902,1) 9781
(98909,1) 9441
(10757,1) 10437
(62443,1) 9544
(30994,1) 9614
(53371,1) 9586
(87988,1) 9547
(78319,1) 9508
(47932,1) 9760
(71690,1) 10279
(4554,1) 9169
(59205,1) 9251
(53233,1) 10092
(75511,1) 9621
(72486,1) 9597
(83546,1) 9082
(17185,1) 9827
(69958,1) 9935
(74061,1) 9812
(16684,1) 10445
(36929,1) 10051
(88213,1) 10107
(20331,1) 10498
(27042,1) 9522
(51785,1) 9796
(81526,1) 10065
(84080,1) 9646
(87051,1) 9754
(41068,1) 9585
(96212,1) 9867
(87976,1) 9697
(79518,1) 9386
(30349,1) 9230
(12790,1) 9351
(42941,1) 9479
(41778,1) 9341
(93727,1) 9622
(74300,1) 10239
(57987,1) 9672
(44803,1) 9960
(74036,1) 9723
(911,1) 9774
(87266,1) 10147
(54493,1) 9010
(97159,1) 9615
(37451,1) 9825
(2534,1) 9933
(77531,1) 9702
(42231,1) 10191
(70766,1) 10154
(20975,1) 9389
(74198,1) 9546
(71941,1) 9900
(98671,1) 9487
(30548,1) 9741
(78344,1) 9911
(71287,1) 9900
(8002,1) 10146
(97813,1) 9929
(3318,1) 10004
(93199,1) 10212
(79442,1) 10643
(92678,1) 9637
(16396,1) 10138
(21176,1) 9677
(70616,1) 9895
(923,1) 9935
(63288,1) 10128
(84680,1) 9447
(92744,1) 9258
(69682,1) 9713
(14627,1) 9004
(85408,1) 9801
(47300,1) 10126
(72864,1) 9878
(32581,1) 9708
(41766,1) 9940
(17323,1) 9893
(56091,1) 9935
(33207,1) 9448
(2834,1) 9775
(94740,1) 9789
(39259,1) 9429
(94739,1) 10303
(9724,1) 9689
(12490,1) 9830
(19534,1) 10295
(67848,1) 9555
(21488,1) 9724
(77169,1) 9551
(42039,1) 9664
(24358,1) 9423
(84210,1) 9857
(95715,1) 9617
(97983,1) 9294
(60958,1) 9652
(85907,1) 9801
(21825,1) 10113
(81185,1) 9078
(14315,1) 10272
(40855,1) 9529
(5704,1) 9913
(22338,1) 9750
(24525,1) 9328
(22537,1) 9815
(54269,1) 9393
(19408,1) 9931
(61922,1) 9944
(4667,1) 9618
(47624,1) 9999
(23160,1) 9834
(98958,1) 9315
(68325,1) 10033
(13128,1) 9569
(80701,1) 9799
(52972,1) 10232
(37937,1) 9816
(84067,1) 9779
(11944,1) 9524
(71105,1) 9484
(90732,1) 9971
(63966,1) 9319
(98094,1) 9161
(41190,1) 9600
(20987,1) 9264
(21837,1) 9368
(44437,1) 9325
(7704,1) 9641
(58488,1) 9804
(81696,1) 10223
(9923,1) 8454
(11956,1) 9256
(90533,1) 9648
(10258,1) 9835
(38296,1) 9271
(94403,1) 9716
(49490,1) 9215
(84392,1) 9315
(50387,1) 10109
(28577,1) 9845
(70117,1) 9571
(96273,1) 9329
(60435,1) 9843
(90857,1) 9392
(47457,1) 10246
(55992,1) 9422
(57120,1) 9708
(31171,1) 9834
(60609,1) 9371
(86031,1) 8875
(6188,1) 9584
(44040,1) 9374
(63317,1) 9897
(29241,1) 9919
(28589,1) 9787
(46084,1) 9710
(47993,1) 9918
(17173,1) 9781
(38613,1) 9652
(7562,1) 9979
(57119,1) 10078
(74348,1) 9170
(33544,1) 9901
(1647,1) 8959
(47469,1) 10000
(94938,1) 9305
(65305,1) 9623
(76523,1) 9187
(481,1) 9180
(15570,1) 9535
(71201,1) 9952
(57258,1) 9658
(19932,1) 9556
(13274,1) 9894
(92143,1) 8948
(15730,1) 9813
(93079,1) 9479
(628,1) 9117
(94049,1) 9539
(7483,1) 10217
(61754,1) 9876
(52406,1) 9651
(14404,1) 9706
(84488,1) 9453
(5061,1) 9536
(54702,1) 9709
(61639,1) 9516
(63661,1) 10067
(96505,1) 9122
(28776,1) 9887
(25028,1) 9709
(13789,1) 9679
(96873,1) 9851
(76982,1) 8963
(24287,1) 9602
(74560,1) 9361
(23110,1) 8864
(48655,1) 9969
(58114,1) 9777
(77837,1) 9915
(84890,1) 9438
(45287,1) 9132
(59382,1) 9358
(22094,1) 9697
(84865,1) 9881
(65829,1) 9724
(86796,1) 9184
(90936,1) 9798
(71213,1) 10160
(30711,1) 9901
(47272,1) 9613
(94312,1) 9612
(80298,1) 9609
(97658,1) 9282
(52910,1) 9868
(96848,1) 10267
(69471,1) 9427
(12292,1) 9836
(48001,1) 9738
(31603,1) 9666
(8351,1) 9599
(84738,1) 9767
(7184,1) 9453
(27300,1) 9253
(11355,1) 9782
(15545,1) 10451
(9574,1) 9391
(42743,1) 9647
(57283,1) 9835
(13524,1) 10042
(96771,1) 8967
(16997,1) 9394
(61664,1) 8998
(70287,1) 9767
(96014,1) 10360
(6087,1) 9280
(49421,1) 10184
(84272,1) 9937
(95351,1) 8842
(44027,1) 9704
(5163,1) 9585
(73406,1) 8853
(7229,1) 9771
(42870,1) 9022
(46384,1) 9393
(1522,1) 10023
(54197,1) 9232
(80262,1) 9383
(16208,1) 9230
(46269,1) 8642
(96824,1) 10059
(75566,1) 10278
(63612,1) 9475
(61100,1) 9688
(83895,1) 9271
(38374,1) 9581
(29943,1) 9369
(85139,1) 9676
(9185,1) 9348
(75702,1) 9403
(40639,1) 9690
(50213,1) 9775
(5048,1) 9973
(36480,1) 10130
(82251,1) 9723
(84751,1) 9922
(22230,1) 10154
(61844,1) 9679
(2655,1) 9196
(57210,1) 10090
(71225,1) 9201
(43737,1) 9455
(25593,1) 9910
(24112,1) 10035
(10938,1) 9357
(66271,1) 9334
(93419,1) 10010
(45804,1) 9911
(24479,1) 9731
(7159,1) 9764
(37347,1) 9613
(26935,1) 9586
(12043,1) 9236
(3306,1) 9840
(72960,1) 10105
(83131,1) 9464
(15389,1) 9228
(36852,1) 9607
(95968,1) 10144
(391,1) 9481
(94258,1) 9529
(35027,1) 9568
(12231,1) 10083
(42665,1) 9655
(93558,1) 10101
(10692,1) 10003
(94699,1) 9039
(34454,1) 9985
(38931,1) 9761
(62556,1) 9034
(16532,1) 9272
(31926,1) 10314
(16016,1) 9677
(1714,1) 9601
(46077,1) 9071
(28642,1) 8902
(45078,1) 9638
(60019,1) 8962
(23898,1) 9784
(41315,1) 9608
(27402,1) 9733
(39631,1) 9801
(87423,1) 9654
(97851,1) 10216
(22188,1) 9691
(31291,1) 9850
(97989,1) 9792
(10463,1) 10006
(9557,1) 9701
(38620,1) 9515
(13368,1) 10002
(51485,1) 9260
(38758,1) 9481
(35015,1) 9692
(99501,1) 9286
(98743,1) 10050
(1697,1) 9559
(2606,1) 9399
(11228,1) 9609
(60032,1) 9830
(8314,1) 9310
(35129,1) 9586
(81924,1) 9173
(53208,1) 10080
(56799,1) 10363
(56907,1) 9434
(83936,1) 9449
(21051,1) 10463
(19810,1) 9695
(93362,1) 10603
(64647,1) 9404
(42911,1) 9475
(68190,1) 9628
(43304,1) 9899
(74601,1) 9637
(30772,1) 9795
(36234,1) 9228
(84595,1) 9953
(34339,1) 9333
(24480,1) 9552
(27385,1) 9286
(54534,1) 9193
(45091,1) 9754
(14146,1) 9738
(58682,1) 9842
(46090,1) 10389
(9533,1) 9402
(91328,1) 9644
(62405,1) 9732
(94675,1) 9865
(93223,1) 10063
(41410,1) 9280
(24095,1) 9625
(7033,1) 9979
(15635,1) 9430
(39745,1) 9615
(50184,1) 9277
(66542,1) 9227
(91763,1) 9212
(60915,1) 9359
(32281,1) 10156
(54479,1) 10227
(21668,1) 9592
(4348,1) 9491
(95621,1) 10153
(4589,1) 9702
(69832,1) 10078
(33778,1) 10323
(98063,1) 10315
(7958,1) 9945
(35833,1) 10157
(3756,1) 9702
(66336,1) 10639
(69717,1) 9931
(7705,1) 9918
(77591,1) 10041
(3228,1) 10039
(52287,1) 9741
(71070,1) 10100
(43431,1) 9471
(81948,1) 9544
(51190,1) 8961
(45132,1) 10182
(81870,1) 9398
(80474,1) 9972
(81604,1) 9740
(52688,1) 9947
(17310,1) 10130
(54467,1) 9472
(91406,1) 9401
(47955,1) 9495
(78812,1) 9213
(81354,1) 9730
(25858,1) 9963
(79268,1) 9799
(14297,1) 9754
(43659,1) 9284
(21885,1) 9358
(44690,1) 9949
(62262,1) 9996
(10746,1) 9767
(60628,1) 9789
(50381,1) 9503
(79166,1) 10382
(55209,1) 9417
(22958,1) 9553
(23610,1) 8750
(49355,1) 9640
(74131,1) 9491
(93919,1) 9610
(59435,1) 9699
(52147,1) 10055
(55210,1) 9548
(81366,1) 9014
(599,1) 9426
(17251,1) 9822
(89496,1) 10023
(22548,1) 9649
(99390,1) 9313
(45672,1) 9795
(52251,1) 9634
(54455,1) 10334
(55565,1) 9308
(25250,1) 9578
(5490,1) 9231
(66980,1) 9827
(44323,1) 10078
(13819,1) 10088
(55494,1) 9729
(63095,1) 9834
(31999,1) 9650
(41458,1) 9152
(35419,1) 8969
(85843,1) 10095
(32602,1) 8944
(91558,1) 9275
(87231,1) 9547
(90035,1) 10038
(85283,1) 9741
(68440,1) 10048
(71033,1) 9556
(99328,1) 9229
(78652,1) 9662
(29215,1) 9655
(5614,1) 9533
(10795,1) 9805
(59914,1) 9956
(57001,1) 9830
(52135,1) 10171
(76025,1) 9976
(43881,1) 9505
(74396,1) 9391
(85855,1) 9575
(68439,1) 9822
(12574,1) 9416
(32921,1) 9810
(88293,1) 9100
(21632,1) 9893
(50319,1) 9749
(16245,1) 9507
(23755,1) 9760
(30693,1) 9306
(97008,1) 9647
(24627,1) 9739
(32358,1) 9213
(92650,1) 9250
(94728,1) 9727
(56944,1) 9860
(38283,1) 9628
(35882,1) 9428
(48945,1) 9618
(70652,1) 9580
(81150,1) 9133
(64594,1) 9095
(82860,1) 9685
(71713,1) 10190
(20138,1) 9480
(17955,1) 9707
(4644,1) 9484
(72003,1) 9381
(29578,1) 9079
(11633,1) 9700
(21212,1) 9726
(61911,1) 9296
(58151,1) 9587
(85565,1) 9951
(5344,1) 9641
(82872,1) 9314
(82835,1) 9813
(56571,1) 9392
(3449,1) 9084
(35870,1) 9554
(75578,1) 9346
(55469,1) 9515
(14665,1) 9878
(28605,1) 9180
(31393,1) 9880
(14923,1) 9173
(4656,1) 9069
(45365,1) 9540
(42124,1) 9574
(1052,1) 9691
(57632,1) 9828
(42345,1) 9756
(53155,1) 9817
(89599,1) 9714
(29836,1) 9627
(23195,1) 9054
(65024,1) 10094
(59897,1) 9747
(6926,1) 9629
(35869,1) 9583
(61328,1) 9684
(2180,1) 9451
(65697,1) 10559
(34417,1) 9438
(98110,1) 10027
(9082,1) 9839
(36774,1) 9707
(11621,1) 10437
(936,1) 9667
(51261,1) 9586
(84661,1) 9714
(27065,1) 9340
(80172,1) 9755
(3145,1) 9092
(21861,1) 9263
(60898,1) 9590
(43635,1) 9675
(13201,1) 9076
(90846,1) 9304
(30044,1) 9073
(65036,1) 8848
(32892,1) 9536
(54595,1) 9303
(34798,1) 9353
(86170,1) 9383
(72173,1) 9629
(63328,1) 9255
(17943,1) 9371
(66361,1) 9633
(34719,1) 9829
(6914,1) 9634
(69778,1) 10109
(32417,1) 9666
(89460,1) 9413
(19313,1) 9700
(95913,1) 9912
(90466,1) 9606
(1088,1) 9745
(47078,1) 9951
(68535,1) 9821
(65269,1) 9702
(88621,1) 10293
(32412,1) 9267
(3624,1) 9879
(19073,1) 9564
(29035,1) 10466
(45412,1) 9486
(74342,1) 9981
(32400,1) 9678
(62186,1) 9192
(25750,1) 9534
(32184,1) 10065
(8843,1) 9329
(14279,1) 9337
(3235,1) 9983
(35838,1) 9565
(94554,1) 9617
(10407,1) 10268
(85938,1) 9514
(90718,1) 9471
(83186,1) 10498
(99773,1) 9997
(46590,1) 10400
(47720,1) 9351
(23352,1) 9934
(79045,1) 10000
(69712,1) 10082
(41784,1) 9348
(91859,1) 10065
(20682,1) 9771
(57970,1) 9203
(55948,1) 9362
(60279,1) 9733
(64482,1) 9354
(71659,1) 9465
(44155,1) 9383
(12740,1) 9018
(32274,1) 9804
(26365,1) 10088
(55662,1) 9291
(33404,1) 9575
(50729,1) 10014
(48999,1) 9872
(54105,1) 9764
(14357,1) 8962
(67254,1) 9915
(9711,1) 9390
(39951,1) 9566
(85734,1) 9842
(41220,1) 9993
(44532,1) 9350
(30141,1) 10767
(98093,1) 9854
(62563,1) 9717
(39788,1) 9441
(76338,1) 9914
(79111,1) 9677
(32790,1) 9272
(67830,1) 9758
(86403,1) 9244
(69688,1) 9917
(21171,1) 9452
(69550,1) 9450
(35425,1) 9563
(30014,1) 9462
(29084,1) 9179
(75107,1) 9624
(57795,1) 9275
(89248,1) 9545
(5682,1) 9743
(60063,1) 9782
(41293,1) 10256
(87970,1) 9938
(3901,1) 9737
(49350,1) 9441
(16677,1) 9474
(25839,1) 9488
(47102,1) 9623
(53905,1) 9275
(99990,1) 9573
(65121,1) 10018
(78785,1) 9494
(14369,1) 9670
(54256,1) 10013
(62096,1) 9977
(85926,1) 9924
(51093,1) 9831
(28272,1) 9258
(25186,1) 10247
(51908,1) 9607
(38060,1) 9452
(48824,1) 9823
(21494,1) 10060
(80678,1) 9283
(83703,1) 9456
(62647,1) 10087
(57892,1) 9312
(80844,1) 10590
(79082,1) 9207
(17707,1) 9222
(43893,1) 9415
(54064,1) 10100
(91129,1) 9947
(21333,1) 8291
(35384,1) 9603
(71834,1) 9381
(91583,1) 9929
(24645,1) 9888
(58145,1) 9799
(92839,1) 9387
(5998,1) 9556
(82738,1) 9951
(24633,1) 9590
(37920,1) 9470
(2118,1) 9856
(97278,1) 9967
(41069,1) 9927
(16239,1) 10570
(8604,1) 9525
(51032,1) 9208
(48836,1) 9803
(75119,1) 10403
(8370,1) 9525
(83991,1) 9768
(67866,1) 10724
(24531,1) 9586
(74516,1) 10031
(21613,1) 9487
(25948,1) 9096
(60753,1) 9708
(78897,1) 10391
(53077,1) 9500
(30470,1) 10068
(21345,1) 9342
(9232,1) 9860
(35360,1) 9646
(35,1) 9602
(50766,1) 9611
(79201,1) 9872
(49337,1) 9521
(33214,1) 9639
(65425,1) 9483
(88057,1) 10159
(69887,1) 9248
(25198,1) 10024
(99802,1) 8586
(80564,1) 9751
(74143,1) 10047
(5986,1) 9793
(41057,1) 9801
(85746,1) 9600
(22916,1) 9916
(16378,1) 8608
(76387,1) 9665
(36538,1) 9587
(41400,1) 10073
(14472,1) 9530
(94933,1) 10168
(36290,1) 9776
(19398,1) 10313
(22133,1) 9794
(71635,1) 10000
(77505,1) 9660
(82073,1) 9816
(89212,1) 9394
(27016,1) 9884
(70972,1) 9444
(73877,1) 10762
(73355,1) 9131
(26166,1) 10038
(45383,1) 9944
(63802,1) 9615
(60429,1) 9549
(99965,1) 8805
(33490,1) 10447
(38421,1) 9003
(8743,1) 9741
(72112,1) 10256
(35396,1) 9707
(94746,1) 10151
(99953,1) 9196
(42537,1) 9891
(69773,1) 9419
(90478,1) 9233
(65311,1) 10409
(70984,1) 9671
(23982,1) 9519
(77958,1) 9328
(84527,1) 9800
(97105,1) 9875
(41735,1) 10350
(82199,1) 9717
(27004,1) 9488
(60765,1) 9279
(49313,1) 9748
(4463,1) 9868
(97928,1) 9664
(2041,1) 9719
(74221,1) 10102
(51442,1) 9747
(98417,1) 9598
(90174,1) 9909
(23689,1) 9665
(74565,1) 9726
(68128,1) 10103
(82232,1) 10161
(31574,1) 10183
(519,1) 9703
(29855,1) 9990
(55426,1) 9999
(82804,1) 10198
(72269,1) 9633
(19949,1) 9987
(9682,1) 9686
(43569,1) 9401
(11694,1) 10723
(22169,1) 9831
(88500,1) 9936
(35960,1) 10223
(61003,1) 9864
(61518,1) 10160
(37522,1) 9990
(89929,1) 9881
(12824,1) 8979
(89357,1) 10070
(39164,1) 9393
(15220,1) 9912
(76655,1) 10097
(59032,1) 9814
(85499,1) 9623
(66209,1) 10006
(45268,1) 9915
(23677,1) 8810
(62924,1) 10020
(84458,1) 10076
(87519,1) 10379
(24567,1) 9475
(48261,1) 9831
(11349,1) 9268
(57709,1) 10132
(39404,1) 9056
(94056,1) 9310
(6357,1) 9375
(78447,1) 10293
(32806,1) 9249
(54685,1) 9643
(47439,1) 9616
(70960,1) 9835
(95769,1) 9537
(80910,1) 9331
(20458,1) 9076
(38789,1) 9171
(83662,1) 9831
(2888,1) 9882
(51969,1) 9415
(24592,1) 9397
(65079,1) 10655
(23599,1) 8812
(2016,1) 10200
(198,1) 9873
(48224,1) 9787
(67489,1) 9333
(5102,1) 9610
(88021,1) 9517
(20860,1) 9092
(22076,1) 9759
(54503,1) 9533
(32728,1) 10017
(82268,1) 10405
(20859,1) 9873
(9191,1) 9831
(25162,1) 9373
(86512,1) 9180
(96831,1) 9805
(51292,1) 9918
(41160,1) 9728
(39510,1) 9739
(57162,1) 9520
(75675,1) 9491
(33959,1) 9548
(59722,1) 9223
(84552,1) 9782
(78926,1) 10242
(27101,1) 9482
(59523,1) 9534
(91600,1) 9408
(38505,1) 9795
(92815,1) 9064
(14808,1) 10343
(14236,1) 9251
(75707,1) 9549
(37534,1) 9897
(51852,1) 9217
(96445,1) 10249
(26052,1) 10194
(6758,1) 9861
(72683,1) 9024
(80588,1) 9621
(9564,1) 9707
(48305,1) 9287
(15666,1) 9838
(83041,1) 9762
(33173,1) 9730
(71412,1) 8922
(82828,1) 10184
(22170,1) 9479
(29948,1) 8969
(24462,1) 10135
(26884,1) 9254
(38809,1) 9909
(85994,1) 9636
(96681,1) 9740
(98879,1) 9968
(40764,1) 9721
(39018,1) 9938
(31067,1) 9479
(33598,1) 8970
(57771,1) 9659
(44845,1) 9787
(56726,1) 10212
(1962,1) 10098
(67968,1) 10439
(90417,1) 9621
(55601,1) 10291
(47654,1) 9467
(49772,1) 9592
(24474,1) 9652
(14212,1) 10235
(11548,1) 10035
(82390,1) 9469
(90628,1) 9465
(76805,1) 9836
(34871,1) 9680
(75732,1) 9604
(34063,1) 9739
(66408,1) 9477
(42447,1) 9675
(67441,1) 10377
(91251,1) 9653
(31079,1) 9701
(51519,1) 9696
(46740,1) 10146
(27494,1) 8933
(95319,1) 9349
(8507,1) 9184
(86986,1) 9763
(41309,1) 9843
(57559,1) 9931
(4970,1) 9419
(47853,1) 9660
(58913,1) 9749
(21523,1) 10734
(19114,1) 9669
(35522,1) 10092
(83475,1) 9213
(99688,1) 9388
(6321,1) 9668
(60831,1) 9454
(65583,1) 10349
(45889,1) 10131
(84102,1) 9954
(10902,1) 9219
(35692,1) 9650
(92798,1) 9672
(29997,1) 9448
(32099,1) 9401
(71002,1) 9691
(15256,1) 10331
(75265,1) 9621
(59945,1) 8999
(19337,1) 9232
(85171,1) 10495
(50471,1) 8969
(12224,1) 9278
(36355,1) 9885
(38156,1) 9427
(52365,1) 9310
(30765,1) 9742
(54738,1) 10010
(68591,1) 10027
(19986,1) 10155
(48236,1) 9702
(67932,1) 9699
(7446,1) 9714
(86962,1) 10022
(52552,1) 9542
(99899,1) 10173
(57945,1) 9898
(94482,1) 10554
(17804,1) 10353
(59559,1) 9605
(20884,1) 9522
(26287,1) 10009
(69079,1) 9995
(4227,1) 9319
(18090,1) 10090
(6783,1) 10026
(97705,1) 9309
(31627,1) 9890
(69640,1) 9332
(75931,1) 9919
(56714,1) 9520
(72046,1) 9456
(12025,1) 9955
(52682,1) 9209
(61719,1) 9099
(20726,1) 9275
(59634,1) 9655
(96700,1) 9493
(76775,1) 10316
(92464,1) 9384
(33245,1) 10319
(49156,1) 9623
(65086,1) 9855
(69689,1) 9480
(30655,1) 9850
(12303,1) 9741
(60623,1) 9527
(85011,1) 9082
(27003,1) 9708
(96392,1) 9940
(51597,1) 9473
(28684,1) 9780
(2436,1) 9876
(44144,1) 9172
(37848,1) 9572
(20051,1) 9295
(41795,1) 9294
(96277,1) 9789
(6901,1) 9935
(81210,1) 9578
(96814,1) 9486
(24093,1) 9818
(37734,1) 9548
(28341,1) 9214
(41530,1) 9540
(12315,1) 9340
(28557,1) 9934
(65623,1) 9694
(40355,1) 9682
(75437,1) 9771
(74010,1) 9554
(23214,1) 9459
(40318,1) 10279
(27920,1) 9990
(51013,1) 10421
(93699,1) 9825
(51573,1) 9625
(69587,1) 9054
(59085,1) 9750
(2334,1) 9590
(96265,1) 9923
(48886,1) 9783
(27268,1) 9605
(74902,1) 9469
(39571,1) 10376
(49017,1) 9510
(54838,1) 9907
(96610,1) 10009
(61068,1) 9806
(7599,1) 9535
(54712,1) 9790
(22015,1) 10202
(76075,1) 9299
(47561,1) 9878
(3737,1) 9954
(64220,1) 9656
(48416,1) 9608
(4158,1) 8981
(96928,1) 9278
(3545,1) 9321
(44119,1) 9616
(33221,1) 8862
(50247,1) 9893
(55006,1) 9610
(81426,1) 10020
(64105,1) 10091
(40012,1) 9103
(55079,1) 9773
(74812,1) 9359
(45318,1) 9753
(16026,1) 9617
(13551,1) 10113
(86475,1) 10127
(83058,1) 9114
(63899,1) 10095
(55476,1) 9610
(95627,1) 9322
(69792,1) 9542
(5509,1) 9202
(51422,1) 9539
(31256,1) 9451
(10399,1) 8892
(38831,1) 9008
(96875,1) 9839
(96380,1) 9625
(54658,1) 9583
(59568,1) 10053
(39099,1) 9849
(45572,1) 9959
(49499,1) 9560
(28569,1) 9684
(98880,1) 9833
(3533,1) 9652
(85988,1) 10155
(47103,1) 10389
(45535,1) 9328
(13018,1) 9406
(10543,1) 9704
(83377,1) 9534
(51777,1) 9772
(58918,1) 10219
(51291,1) 9519
(19597,1) 9645
(53116,1) 9864
(33982,1) 9178
(22039,1) 10012
(31015,1) 10348
(9323,1) 9381
(22052,1) 9370
(13821,1) 9942
(94900,1) 9925
(11078,1) 9709
(72679,1) 9442
(15784,1) 9505
(18018,1) 9815
(3594,1) 10060
(89651,1) 9900
(55755,1) 10188
(50223,1) 10147
(32517,1) 9865
(87968,1) 9354
(3840,1) 9830
(48682,1) 9588
(76063,1) 9466
(24490,1) 9964
(82572,1) 9945
(6057,1) 9505
(40024,1) 9953
(7079,1) 9581
(40712,1) 9811
(79197,1) 9654
(45421,1) 9713
(10404,1) 9105
(23226,1) 9285
(52162,1) 9495
(48952,1) 9948
(6442,1) 9053
(35196,1) 10034
(87395,1) 9968
(3127,1) 9540
(68250,1) 9754
(40559,1) 9373
(76877,1) 9461
(82331,1) 9210
(28176,1) 9359
(87142,1) 10406
(51512,1) 9469
(72692,1) 9905
(28049,1) 9778
(40421,1) 9734
(72950,1) 9779
(4465,1) 9643
(27715,1) 9985
(21097,1) 10087
(8929,1) 9158
(66796,1) 9458
(73436,1) 9772
(17388,1) 9835
(2117,1) 9436
(17111,1) 9999
(28467,1) 10076
(54695,1) 9806
(21085,1) 9323
(60009,1) 9768
(81402,1) 10213
(17634,1) 9777
(92362,1) 9872
(77005,1) 9372
(47381,1) 10252
(82154,1) 10003
(19226,1) 9820
(16321,1) 9146
(34979,1) 9530
(84434,1) 9569
(34583,1) 8977
(75413,1) 9854
(66007,1) 9880
(54376,1) 9395
(86091,1) 9864
(6541,1) 9445
(31551,1) 9677
(89368,1) 9690
(82290,1) 9732
(73079,1) 9690
(21622,1) 9554
(67754,1) 10263
(63277,1) 10717
(50334,1) 9873
(46377,1) 9520
(21199,1) 9440
(92780,1) 9571
(90769,1) 9910
(73080,1) 10059
(12859,1) 9541
(40773,1) 10024
(57895,1) 9670
(69064,1) 9785
(96454,1) 10062
(91213,1) 9567
(23861,1) 9656
(70077,1) 9564
(58865,1) 10317
(1289,1) 9292
(21634,1) 10034
(41100,1) 10065
(29741,1) 9903
(67766,1) 9527
(65103,1) 9485
(6094,1) 9714
(58165,1) 9573
(84781,1) 9469
(63289,1) 9323
(32235,1) 10400
(52401,1) 9856
(910,1) 9487
(40785,1) 9751
(52366,1) 9738
(71939,1) 9062
(25940,1) 9575
(85338,1) 9851
(69052,1) 9471
(89597,1) 9379
(60034,1) 9744
(16673,1) 9910
(32062,1) 9559
(36241,1) 9896
(55427,1) 10253
(5295,1) 9363
(17916,1) 10610
(24465,1) 9474
(20676,1) 9358
(71976,1) 9686
(199,1) 9929
(22650,1) 9997
(46412,1) 9481
(70167,1) 9453
(31894,1) 9769
(85772,1) 9517
(86983,1) 9709
(14982,1) 9487
(63679,1) 9552
(30373,1) 9756
(13358,1) 9717
(31641,1) 9471
(61564,1) 10023
(53499,1) 10145
(5042,1) 9982
(3480,1) 9978
(58705,1) 9606
(60112,1) 9762
(84744,1) 9668
(20688,1) 10132
(96306,1) 9657
(4072,1) 9306
(10149,1) 8915
(67125,1) 9342
(258,1) 9801
(2703,1) 9789
(62091,1) 9437
(65299,1) 9349
(93716,1) 10037
(50792,1) 10217
(12491,1) 9545
(54057,1) 9712
(77581,1) 10299
(22,1) 9188
(15004,1) 10047
(54916,1) 9245
(2027,1) 9539
(71264,1) 9698
(86971,1) 9385
(68589,1) 9599
(15527,1) 9506
(96318,1) 9829
(70512,1) 9985
(43292,1) 9868
(63606,1) 9862
(80014,1) 9275
(93704,1) 9533
(53141,1) 9182
(29524,1) 9673
(14709,1) 9997
(98659,1) 9743
(88616,1) 9705
(31712,1) 9993
(87727,1) 10003
(89573,1) 9460
(66898,1) 9701
(64166,1) 9773
(97296,1) 10016
(75384,1) 9222
(25615,1) 8995
(43669,1) 9973
(64559,1) 9222
(15269,1) 9023
(21814,1) 9657
(37914,1) 10066
(72593,1) 9761
(25976,1) 9484
(42406,1) 9629
(29399,1) 9988
(65140,1) 9772
(89319,1) 10090
(90962,1) 9641
(44181,1) 9035
(5636,1) 9934
(57936,1) 9580
(66580,1) 9725
(78826,1) 9819
(70789,1) 9369
(21922,1) 10096
(60294,1) 9157
(65164,1) 10081
(69129,1) 9861
(75372,1) 9641
(74350,1) 9440
(36904,1) 9534
(19734,1) 9237
(98341,1) 9829
(24858,1) 10783
(34661,1) 10053
(28647,1) 10308
(18511,1) 9991
(94552,1) 10066
(30184,1) 9904
(68872,1) 9771
(86312,1) 9291
(83287,1) 9942
(46100,1) 10027
(5612,1) 9570
(37681,1) 9839
(27219,1) 10338
(63807,1) 9365
(14687,1) 9618
(21838,1) 9734
(59421,1) 9618
(58141,1) 9822
(2040,1) 9431
(67419,1) 10037
(56831,1) 9969
(3062,1) 9949
(90522,1) 10148
(22920,1) 9699
(57595,1) 9912
(47188,1) 9618
(91473,1) 9967
(32115,1) 9445
(95262,1) 9640
(39189,1) 8889
(24605,1) 9308
(68547,1) 9682
(63631,1) 9393
(35472,1) 9659
(87752,1) 9746
(55632,1) 9241
(88774,1) 9638
(74591,1) 9985
(65839,1) 10061
(705,1) 9491
(41124,1) 9841
(15162,1) 9538
(98028,1) 9832
(40102,1) 9892
(70477,1) 9700
(46623,1) 9949
(19022,1) 10176
(13653,1) 9698
(14933,1) 9700
(45343,1) 9564
(4096,1) 9865
(37157,1) 9775
(25893,1) 10034
(65316,1) 9375
(80314,1) 9234
(53274,1) 9927
(56987,1) 9264
(87376,1) 10068
(77928,1) 9553
(33784,1) 9901
(63042,1) 10117
(86600,1) 9396
(18709,1) 10029
(57270,1) 9961
(26331,1) 9952
(46027,1) 10411
(32653,1) 9465
(30918,1) 9806
(57087,1) 10106
(32446,1) 9979
(1878,1) 9964
(9573,1) 9921
(80664,1) 9504
(42226,1) 10152
(71271,1) 10028
(39171,1) 9839
(25314,1) 9240
(27897,1) 9494
(93938,1) 9561
(33796,1) 9856
(66548,1) 9835
(74296,1) 9456
(98389,1) 9432
(99038,1) 9676
(47961,1) 9969
(5072,1) 9664
(57143,1) 10059
(77114,1) 9860
(4801,1) 9548
(93034,1) 9392
(54473,1) 9833
(43218,1) 9807
(1156,1) 9900
(39056,1) 9803
(36247,1) 9749
(70198,1) 9008
(19360,1) 9622
(36833,1) 9790
(52522,1) 9476
(37368,1) 9035
(62633,1) 9822
(6878,1) 10104
(1181,1) 9452
(74157,1) 9769
(73223,1) 10002
(63066,1) 9590
(2161,1) 9821
(46485,1) 9810
(25119,1) 9545
(87388,1) 9282
(93926,1) 9554
(62657,1) 10401
(87225,1) 9379
(15522,1) 9718
(64584,1) 9755
(32628,1) 9718
(84007,1) 9774
(88115,1) 9734
(4940,1) 9521
(53618,1) 9331
(85525,1) 9894
(12993,1) 9045
(32548,1) 10421
(82823,1) 9844
(5589,1) 9754
(19257,1) 10096
(90123,1) 8945
(72218,1) 9501
(31646,1) 9970
(47985,1) 9579
(92050,1) 9711
(4939,1) 9634
(11011,1) 9748
(70645,1) 9625
(18494,1) 9106
(53196,1) 9498
(94793,1) 10106
(52741,1) 9815
(433,1) 9684
(57558,1) 9706
(37182,1) 9844
(42924,1) 9160
(99828,1) 9553
(26228,1) 9409
(13814,1) 9736
(31845,1) 9803
(46956,1) 9183
(6764,1) 9892
(39423,1) 9389
(99763,1) 9326
(45835,1) 9625
(53757,1) 9811
(29849,1) 9261
(97830,1) 10085
(78097,1) 10214
(52257,1) 9788
(63832,1) 9415
(84762,1) 9807
(25404,1) 9174
(26355,1) 9732
(99967,1) 9536
(1788,1) 10256
(39032,1) 9950
(66638,1) 9930
(98570,1) 9498
(80489,1) 9700
(87315,1) 9759
(11324,1) 9877
(10915,1) 9943
(1944,1) 9630
(55086,1) 9699
(25747,1) 9495
(95980,1) 10321
(11209,1) 10279
(22951,1) 9837
(47081,1) 9585
(94642,1) 9608
(76961,1) 10177
(56938,1) 10379
(40259,1) 9269
(39224,1) 9223
(62314,1) 9705
(43766,1) 9356
(30584,1) 9327
(10205,1) 10273
(15612,1) 9058
(67252,1) 9717
(99918,1) 9756
(50497,1) 9290
(61127,1) 10127
(1015,1) 9717
(43639,1) 9514
(87412,1) 9327
(93861,1) 9256
(63590,1) 9453
(67801,1) 9375
(61905,1) 8924
(9976,1) 9938
(91256,1) 10037
(8566,1) 9644
(92318,1) 9388
(81688,1) 9542
(99787,1) 10278
(15509,1) 9542
(88538,1) 9289
(1119,1) 9384
(3502,1) 10297
(49137,1) 9522
(15101,1) 9422
(5721,1) 9709
(80399,1) 9798
(94305,1) 9669
(83854,1) 9557
(26306,1) 9086
(79945,1) 10002
(72993,1) 9331
(74016,1) 9913
(46117,1) 10213
(70471,1) 9032
(4011,1) 9614
(78061,1) 9496
(41944,1) 9420
(8452,1) 9835
(22331,1) 9556
(54172,1) 9144
(15855,1) 9628
(96779,1) 9538
(29561,1) 9753
(38431,1) 10405
(64764,1) 9633
(57918,1) 9581
(39200,1) 9096
(16376,1) 9706
(88291,1) 9555
(38316,1) 9534
(47871,1) 9413
(95069,1) 9641
(40223,1) 9835
(73388,1) 9828
(94245,1) 9560
(37548,1) 9990
(81761,1) 9410
(25760,1) 9848
(91082,1) 9454
(15867,1) 9684
(50700,1) 9001
(11835,1) 9396
(64625,1) 10002
(44977,1) 9509
(57906,1) 9339
(640,1) 9278
(5606,1) 9529
(31491,1) 9325
(88395,1) 9519
(21216,1) 9590
(69365,1) 9476
(32434,1) 9509
(77887,1) 9558
(54298,1) 9961
(32247,1) 9904
(6002,1) 9579
(7018,1) 10210
(76884,1) 9432
(93245,1) 9756
(36689,1) 9204
(37613,1) 10430
(69191,1) 9585
(32349,1) 10256
(85246,1) 9827
(13887,1) 9532
(33239,1) 9838
(17802,1) 9137
(85441,1) 9708
(82095,1) 9704
(27479,1) 9524
(77190,1) 10271
(26107,1) 9759
(16327,1) 9877
(30775,1) 10357
(81640,1) 9582
(50712,1) 10088
(11636,1) 9597
(14984,1) 9754
(86915,1) 9888
(23999,1) 8834
(63516,1) 9454
(29248,1) 9345
(45944,1) 8376
(87932,1) 9099
(86318,1) 9802
(59972,1) 9916
(26830,1) 10097
(40361,1) 9875
(70994,1) 9806
(55164,1) 9381
(41547,1) 9314
(38812,1) 8752
(83866,1) 9311
(19148,1) 9453
(87083,1) 10042
(51338,1) 9974
(17664,1) 9068
(6448,1) 9322
(96695,1) 9536
(44149,1) 9511
(13108,1) 9428
(1679,1) 9523
(92103,1) 9418
(62958,1) 9723
(25459,1) 9341
(69544,1) 9841
(3846,1) 9678
(66037,1) 9849
(82185,1) 9319
(24508,1) 9867
(79040,1) 9648
(38353,1) 9386
(66694,1) 9460
(72280,1) 9081
(48101,1) 9218
(73604,1) 10033
(64650,1) 9616
(65666,1) 9952
(12551,1) 9552
(41535,1) 9501
(10278,1) 9866
(95841,1) 9406
(58943,1) 9500
(58695,1) 9889
(25285,1) 9289
(56716,1) 9653
(33458,1) 9158
(33215,1) 9801
(10035,1) 9474
(10096,1) 9673
(34487,1) 9629
(86343,1) 9547
(20375,1) 9801
(53002,1) 10382
(80153,1) 10088
(37077,1) 9979
(54525,1) 10410
(37313,1) 9701
(62017,1) 9723
(83635,1) 9920
(33994,1) 9309
(47291,1) 10177
(65678,1) 10317
(16340,1) 10151
(6829,1) 10106
(26029,1) 9479
(25537,1) 10190
(49035,1) 10316
(40965,1) 9326
(76279,1) 9223
(70016,1) 9940
(50473,1) 9013
(97897,1) 9284
(56476,1) 9658
(75945,1) 9700
(27123,1) 9783
(76449,1) 9345
(44060,1) 9749
(7984,1) 9714
(96869,1) 10780
(85156,1) 10268
(98521,1) 9596
(27740,1) 10428
(2842,1) 9747
(29651,1) 9334
(71137,1) 9506
(87497,1) 9509
(82692,1) 9655
(3793,1) 9292
(72417,1) 9877
(67934,1) 9240
(22034,1) 9259
(21683,1) 9372
(63703,1) 9430
(29285,1) 9062
(58375,1) 9497
(64674,1) 9153
(78965,1) 10122
(38564,1) 9624
(3473,1) 9615
(3960,1) 9592
(35544,1) 9931
(47121,1) 9861
(90589,1) 10046
(8152,1) 9252
(62423,1) 9224
(27545,1) 10689
(54911,1) 9733
(73941,1) 9381
(32524,1) 10233
(95671,1) 10224
(99460,1) 9070
(39539,1) 9299
(92415,1) 9359
(31244,1) 10175
(41855,1) 10038
(72466,1) 9078
(78169,1) 10214
(11794,1) 9163
(90172,1) 9031
(57468,1) 10008
(40157,1) 9301
(7748,1) 10033
(38053,1) 9528
(47108,1) 9420
(29796,1) 9589
(83497,1) 9912
(27322,1) 9797
(73953,1) 9598
(92833,1) 9734
(83359,1) 9155
(39110,1) 9976
(69256,1) 9642
(20501,1) 9897
(7960,1) 9618
(65037,1) 9722
(18278,1) 9889
(98479,1) 9365
(16303,1) 9088
(99261,1) 9402
(58748,1) 9509
(80883,1) 9899
(99865,1) 9780
(9456,1) 8955
(20768,1) 9132
(81408,1) 10016
(93415,1) 9757
(18055,1) 10111
(71186,1) 9999
(73977,1) 9018
(10831,1) 10616
(52156,1) 9646
(20513,1) 10041
(66212,1) 9469
(28285,1) 9272
(5667,1) 9701
(4716,1) 9562
(71921,1) 8986
(3623,1) 9701
(12757,1) 9159
(7959,1) 9099
(60480,1) 9254
(63922,1) 8937
(83473,1) 9700
(33824,1) 9461
(2878,1) 9786
(38576,1) 10234
(36296,1) 9800
(14477,1) 9075
(69767,1) 9856
(68816,1) 9470
(13327,1) 10530
(99050,1) 9790
(84858,1) 9412
(68057,1) 9756
(87461,1) 9294
(64268,1) 9921
(86940,1) 9676
(4586,1) 9805
(7188,1) 9856
(16315,1) 9617
(45283,1) 9158
(62411,1) 9081
(30033,1) 9235
(49072,1) 9243
(79462,1) 9947
(18446,1) 9393
(93915,1) 9491
(18561,1) 10199
(35587,1) 9984
(50581,1) 9497
(59439,1) 9589
(2757,1) 9480
(87479,1) 9293
(17190,1) 9048
(86817,1) 9879
(51711,1) 9219
(64631,1) 9607
(97041,1) 8875
(52246,1) 9406
(97957,1) 10641
(2998,1) 9749
(9709,1) 9552
(34811,1) 9793
(85320,1) 8896
(43139,1) 9974
(64069,1) 9843
(26342,1) 9486
(54394,1) 9051
(64504,1) 10116
(52499,1) 10397
(7815,1) 9945
(21972,1) 9474
(43266,1) 9833
(73876,1) 10094
(72424,1) 9565
(36819,1) 9557
(2860,1) 10217
(64643,1) 9256
(73086,1) 9975
(22565,1) 10116
(60166,1) 9419
(77767,1) 9463
(47043,1) 10263
(95020,1) 9424
(73840,1) 9925
(53720,1) 9623
(54153,1) 9221
(32000,1) 9505
(36844,1) 9796
(37379,1) 9745
(20532,1) 10423
(88609,1) 9377
(16540,1) 9558
(7152,1) 10368
(91308,1) 10127
(93023,1) 9948
(2160,1) 9938
(31570,1) 10211
(38407,1) 9995
(63476,1) 9232
(66615,1) 9903
(18344,1) 9619
(94782,1) 9246
(30003,1) 9625
(51735,1) 9350
(60064,1) 8960
(3912,1) 10111
(35309,1) 9302
(10983,1) 9456
(39478,1) 10027
(46462,1) 9611
(44682,1) 9565
(53515,1) 9592
(99701,1) 9492
(62826,1) 10399
(54460,1) 9821
(44567,1) 9948
(5269,1) 10357
(81874,1) 9676
(53503,1) 9983
(32273,1) 9176
(14567,1) 9888
(95732,1) 9515
(53891,1) 9765
(47092,1) 9887
(51608,1) 9708
(37596,1) 9757
(50544,1) 9735
(18483,1) 9465
(25797,1) 9657
(97880,1) 10256
(51874,1) 9898
(36820,1) 9752
(43930,1) 9945
(56988,1) 10231
(32904,1) 9556
(70517,1) 9688
(98444,1) 10334
(48234,1) 9239
(11221,1) 9559
(94070,1) 8929
(99001,1) 9652
(82246,1) 9997
(65019,1) 9971
(28068,1) 9426
(32609,1) 10109
(25163,1) 9411
(15824,1) 9565
(97892,1) 10681
(21247,1) 10040
(39454,1) 10150
(79425,1) 10493
(64811,1) 8813
(41401,1) 9825
(37908,1) 9358
(84153,1) 9977
(36291,1) 9676
(63452,1) 10406
(69749,1) 9788
(97663,1) 9417
(30039,1) 10232
(27757,1) 9884
(69611,1) 9515
(58146,1) 9826
(12661,1) 9513
(77833,1) 9657
(62126,1) 9337
(34884,1) 9580
(66730,1) 9440
(41396,1) 9670
(28212,1) 9851
(98420,1) 9406
(21260,1) 9167
(61684,1) 9994
(98219,1) 8958
(47641,1) 9392
(83515,1) 10352
(41957,1) 10071
(96537,1) 9718
(90129,1) 10353
(30178,1) 9795
(26072,1) 9606
(80491,1) 9902
(16576,1) 9913
(36791,1) 8885
(36037,1) 9553
(72563,1) 9597
(51850,1) 9991
(21157,1) 9866
(12906,1) 9702
(34769,1) 9467
(36140,1) 9603
(64192,1) 9827
(14801,1) 9929
(26060,1) 9703
(82914,1) 9763
(15692,1) 9840
(52210,1) 9572
(89223,1) 9517
(31749,1) 10201
(33362,1) 10176
(57390,1) 9714
(83539,1) 9492
(34643,1) 9919
(11637,1) 10152
(89488,1) 9583
(66729,1) 9778
(82083,1) 10005
(70856,1) 9705
(91594,1) 10019
(85561,1) 9824
(51453,1) 9087
(72310,1) 9859
(99684,1) 9927
(74470,1) 9646
(18458,1) 9244
(63427,1) 9424
(36978,1) 10608
(16691,1) 9014
(20519,1) 9833
(19854,1) 9259
(51362,1) 10327
(57986,1) 9548
(68105,1) 9560
(35936,1) 9510
(80074,1) 9684
(1632,1) 10040
(3997,1) 10021
(96260,1) 9710
(86113,1) 9776
(46950,1) 9573
(94021,1) 9407
(12400,1) 9358
(29935,1) 9674
(88007,1) 9662
(52709,1) 9875
(26554,1) 8744
(21313,1) 9929
(4910,1) 9314
(74187,1) 10452
(82999,1) 10099
(81306,1) 9972
(11842,1) 9661
(23220,1) 9547
(75330,1) 9491
(53015,1) 9900
(36484,1) 9855
(40313,1) 9581
(96911,1) 9348
(25114,1) 9317
(77224,1) 9679
(20846,1) 9822
(53244,1) 9563
(52516,1) 9355
(80417,1) 9681
(38951,1) 9904
(97392,1) 10094
(8711,1) 9371
(18819,1) 9387
(29856,1) 10355
(43603,1) 9283
(71504,1) 9929
(32543,1) 9663
(30685,1) 9451
(12365,1) 9934
(95497,1) 9705
(70258,1) 9815
(33983,1) 9862
(76576,1) 10016
(51555,1) 9771
(69521,1) 8711
(99582,1) 9699
(567,1) 9238
(42714,1) 9862
(37511,1) 9873
(29272,1) 9656
(77031,1) 9379
(64913,1) 9370
(5776,1) 10207
(30697,1) 9546
(61888,1) 9812
(13888,1) 8810
(28519,1) 9647
(76588,1) 9168
(25536,1) 9729
(54833,1) 8937
(93771,1) 9462
(6841,1) 9334
(37199,1) 9689
(75510,1) 9888
(41089,1) 10043
(72787,1) 9700
(53956,1) 9941
(17484,1) 9543
(1644,1) 9777
(91623,1) 9542
(70005,1) 9707
(51543,1) 9369
(1710,1) 10011
(33971,1) 9584
(42485,1) 9596
(38902,1) 9817
(99333,1) 9115
(9487,1) 9372
(82565,1) 9584
(30752,1) 9804
(77146,1) 9782
(21759,1) 9491
(35744,1) 9551
(70893,1) 9952
(55278,1) 9228
(10530,1) 9771
(36435,1) 9791
(94986,1) 9592
(72281,1) 9564
(86150,1) 9274
(73230,1) 9543
(23360,1) 9781
(83732,1) 9233
(28532,1) 9478
(85965,1) 9334
(1938,1) 10369
(77382,1) 10375
(84857,1) 9152
(73929,1) 9632
(56354,1) 9947
(49560,1) 9547
(54551,1) 9443
(77731,1) 9561
(23932,1) 9715
(20001,1) 9750
(98095,1) 9480
(14000,1) 9564
(74952,1) 9726
(51772,1) 9905
(57816,1) 9894
(7737,1) 9578
(36062,1) 9262
(86752,1) 9888
(20593,1) 9248
(9283,1) 9381
(82046,1) 10536
(8772,1) 9772
(86740,1) 9082
(22607,1) 9370
(20568,1) 9145
(38226,1) 9857
(84501,1) 9183
(81476,1) 9323
(82722,1) 9895
(56084,1) 10420
(22848,1) 9424
(46564,1) 9694
(85995,1) 9365
(6853,1) 9649
(18638,1) 9234
(35997,1) 9182
(23372,1) 10604
(55899,1) 9889
(42436,1) 9613
(29313,1) 9319
(77996,1) 9142
(47122,1) 9638
(56072,1) 9730
(54991,1) 9798
(41891,1) 9509
(79089,1) 9813
(2111,1) 9925
(31815,1) 9723
(59108,1) 9923
(44272,1) 9819
(89983,1) 9607
(35890,1) 9269
(90335,1) 9851
(41065,1) 9901
(95507,1) 9698
(45402,1) 9464
(24696,1) 9226
(91718,1) 9327
(39750,1) 10622
(56644,1) 10144
(16105,1) 9384
(97331,1) 9387
(57782,1) 9903
(75463,1) 9743
(87835,1) 9947
(62434,1) 10145
(78777,1) 10287
(68117,1) 10122
(1101,1) 9454
(29495,1) 9407
(53981,1) 9332
(72244,1) 8908
(53039,1) 9961
(25826,1) 9711
(86125,1) 9451
(99491,1) 9424
(64,1) 10179
(26276,1) 9458
(12594,1) 10072
(92102,1) 10128
(40483,1) 9583
(38938,1) 10296
(23546,1) 9858
(49270,1) 9917
(7050,1) 9369
(45414,1) 9245
(71372,1) 9679
(15618,1) 9809
(48704,1) 10347
(33125,1) 9685
(7364,1) 10024
(38366,1) 8745
(3646,1) 9183
(24905,1) 9697
(13297,1) 9800
(71866,1) 9632
(4434,1) 9726
(49179,1) 9474
(32217,1) 9431
(12521,1) 9663
(2539,1) 9606
(32894,1) 9597
(27347,1) 9643
(36935,1) 9556
(48277,1) 9681
(31315,1) 9230
(71739,1) 9369
(62278,1) 9737
(72883,1) 9575
(99280,1) 9832
(2540,1) 9223
(53962,1) 9915
(80297,1) 9164
(85000,1) 9477
(23901,1) 9025
(71854,1) 9627
(42809,1) 9527
(12533,1) 10159
(40663,1) 9368
(63295,1) 9949
(25694,1) 9344
(54037,1) 10130
(54827,1) 10034
(21893,1) 9574
(6479,1) 9488
(31340,1) 9925
(78464,1) 9874
(54954,1) 10269
(63168,1) 9279
(86143,1) 9811
(49419,1) 10037
(791,1) 9962
(52921,1) 9428
(19131,1) 9604
(5426,1) 9507
(24575,1) 9650
(49982,1) 9576
(96633,1) 9989
(76467,1) 9897
(916,1) 9593
(83117,1) 9678
(41715,1) 10329
(43610,1) 10144
(74801,1) 10384
(45468,1) 9867
(41541,1) 10212
(3808,1) 9634
(70759,1) 9101
(53069,1) 9693
(87033,1) 10311
(72906,1) 10266
(56722,1) 9737
(83129,1) 9464
(2275,1) 10214
(35104,1) 9899
(38919,1) 9813
(73748,1) 9674
(87799,1) 9561
(59393,1) 10163
(98251,1) 10074
(57738,1) 10133
(67120,1) 9820
(97246,1) 9673
(96230,1) 9454
(40398,1) 10081
(74939,1) 9701
(45504,1) 9661
(96621,1) 9134
(30185,1) 10117
(33210,1) 9673
(49041,1) 9671
(89820,1) 9623
(89958,1) 9300
(88689,1) 9028
(10337,1) 9846
(19885,1) 9723
(40903,1) 9838
(46521,1) 9634
(3292,1) 9234
(54013,1) 10120
(24491,1) 9914
(88767,1) 9499
(95653,1) 10224
(71692,1) 10015
(59368,1) 10225
(3593,1) 9224
(51989,1) 9114
(90726,1) 9646
(97433,1) 9124
(34413,1) 9565
(36887,1) 9630
(38770,1) 9655
(29434,1) 9142
(94527,1) 9814
(67132,1) 10009
(97193,1) 9714
(2714,1) 10213
(7985,1) 9976
(17050,1) 9511
(52106,1) 10110
(98088,1) 10030
(61075,1) 9501
(83937,1) 10061
(29446,1) 9492
(11239,1) 9125
(46986,1) 9207
(67144,1) 9560
(126,1) 10104
(45305,1) 9351
(20020,1) 8896
(23726,1) 9963
(87853,1) 9298
(82167,1) 9909
(48241,1) 9502
(38003,1) 9600
(3370,1) 9454
(89393,1) 9603
(99315,1) 9603
(23624,1) 10215
(31400,1) 10036
(59682,1) 9839
(69063,1) 10336
(39570,1) 9366
(59742,1) 10418
(75468,1) 9549
(7430,1) 9788
(67927,1) 9473
(73785,1) 9828
(70029,1) 10096
(37222,1) 9749
(43513,1) 9758
(56709,1) 10081
(76479,1) 9268
(93607,1) 9648
(63494,1) 10389
(79330,1) 9807
(98161,1) 10109
(85187,1) 9385
(48325,1) 9225
(39943,1) 9731
(91538,1) 9788
(8182,1) 9529
(57450,1) 9625
(91339,1) 9044
(6418,1) 10115
(60148,1) 9546
(18017,1) 9891
(55754,1) 10021
(1559,1) 9037
(99430,1) 9402
(43525,1) 9149
(80308,1) 9936
(5535,1) 10008
(90396,1) 10002
(60522,1) 10240
(57648,1) 10016
(97348,1) 9026
(66972,1) 10073
(82528,1) 10027
(17321,1) 9541
(92676,1) 9596
(95701,1) 9335
(98956,1) 9209
(23425,1) 9512
(35237,1) 9438
(33331,1) 9813
(88134,1) 9900
(53486,1) 9553
(65871,1) 9939
(64064,1) 9832
(61153,1) 9243
(22880,1) 9262
(56969,1) 9724
(990,1) 9765
(26681,1) 10125
(28243,1) 10004
(99961,1) 10291
(64510,1) 9643
(33903,1) 9683
(20985,1) 10010
(64624,1) 10073
(98027,1) 9684
(84345,1) 10394
(78241,1) 9714
(7706,1) 9443
(44265,1) 9888
(211,1) 9439
(96157,1) 9561
(48374,1) 9160
(24454,1) 9712
(91429,1) 10073
(71987,1) 9249
(7122,1) 9699
(35225,1) 10032
(1288,1) 9354
(77326,1) 10017
(82414,1) 10143
(91007,1) 9554
(8102,1) 9624
(54478,1) 9877
(88731,1) 9440
(47610,1) 10115
(60161,1) 9508
(52264,1) 9901
(66863,1) 9950
(32761,1) 9637
(47646,1) 9560
(66416,1) 10099
(26693,1) 9248
(76691,1) 9774
(3743,1) 10176
(48362,1) 9439
(95737,1) 9908
(14561,1) 9694
(25422,1) 9130
(26361,1) 9630
(43671,1) 9871
(16008,1) 9577
(1783,1) 9712
(6714,1) 9711
(39014,1) 9881
(26300,1) 9501
(22511,1) 9395
(89621,1) 10456
(3171,1) 10227
(50677,1) 9231
(47460,1) 9822
(38643,1) 9506
(61116,1) 10240
(62639,1) 10432
(71095,1) 9917
(3357,1) 10230
(75180,1) 9593
(11662,1) 9298
(34359,1) 10006
(51868,1) 9815
(81868,1) 9908
(69340,1) 9346
(64226,1) 9489
(90105,1) 9996
(64534,1) 10033
(78216,1) 8886
(13369,1) 9764
(32278,1) 8952
(38468,1) 9839
(39660,1) 9408
(39473,1) 9717
(94287,1) 9745
(48995,1) 9734
(53316,1) 8708
(2406,1) 9286
(86215,1) 9667
(17411,1) 9470
(94661,1) 9166
(77845,1) 9751
(30944,1) 9383
(64920,1) 9531
(30136,1) 9977
(80930,1) 9834
(50864,1) 9405
(47447,1) 9314
(61900,1) 9401
(97668,1) 9103
(68372,1) 9591
(21012,1) 9564
(52198,1) 9581
(25965,1) 9643
(89073,1) 9715
(96543,1) 9603
(50532,1) 9442
(87763,1) 9337
(35051,1) 10181
(35647,1) 9666
(36996,1) 9801
(71233,1) 9681
(9174,1) 10004
(50308,1) 10145
(27872,1) 9612
(31497,1) 9888
(29194,1) 9883
(46678,1) 10552
(24044,1) 10099
(83389,1) 9587
(72002,1) 9403
(88532,1) 9327
(17942,1) 9626
(54888,1) 9547
(75046,1) 9278
(67011,1) 9858
(71444,1) 10095
(76719,1) 9957
(45902,1) 9333
(97072,1) 9604
(51434,1) 9190
(87406,1) 9593
(64360,1) 9332
(85296,1) 9557
(86077,1) 9807
(1227,1) 10255
(34534,1) 10361
(18151,1) 10000
(83588,1) 9594
(14362,1) 10077
(72014,1) 9599
(11902,1) 9737
(21223,1) 9097
(33964,1) 9751
(73152,1) 9002
(28429,1) 9901
(39424,1) 9301
(98811,1) 9674
(40983,1) 9972
(2588,1) 9887
(61526,1) 10024
(23117,1) 9525
(31286,1) 9407
(2389,1) 9673
(73501,1) 9190
(50321,1) 9899
(28786,1) 10192
(23859,1) 9806
(9969,1) 9513
(4284,1) 9997
(59807,1) 10007
(10187,1) 9863
(11698,1) 9324
(15861,1) 9186
(75419,1) 9207
(21791,1) 9721
(1438,1) 9367
(10362,1) 9564
(84930,1) 9123
(64770,1) 9674
(25941,1) 9553
(6365,1) 9322
(68161,1) 9529
(6937,1) 10090
(69871,1) 9583
(79590,1) 10207
(12841,1) 9859
(43658,1) 9874
(25000,1) 9830
(89670,1) 9877
(93300,1) 9800
(82649,1) 10106
(76160,1) 9889
(71817,1) 9770
(35659,1) 10042
(10747,1) 10451
(80370,1) 9099
(1041,1) 9947
(61912,1) 9941
(58852,1) 9938
(53166,1) 9352
(25953,1) 9268
(57142,1) 9302
(34323,1) 9860
(6166,1) 10145
(9004,1) 10244
(31298,1) 9811
(92730,1) 10077
(27088,1) 10099
(59036,1) 9976
(35266,1) 9049
(70277,1) 9954
(7047,1) 10467
(59359,1) 9802
(18801,1) 9757
(94003,1) 9057
(1982,1) 10244
(72573,1) 9456
(86864,1) 9576
(64825,1) 9283
(1500,1) 9548
(85412,1) 8896
(52601,1) 9670
(21090,1) 10168
(72699,1) 10018
(99817,1) 9902
(61204,1) 10123
(94130,1) 9055
(84671,1) 9632
(94497,1) 9480
(1614,1) 9620
(16975,1) 9506
(84327,1) 9356
(3807,1) 9700
(60119,1) 9547
(39996,1) 10308
(70024,1) 10062
(69391,1) 9681
(8029,1) 9673
(7035,1) 9671
(39514,1) 9801
(48461,1) 9722
(61433,1) 9218
(48232,1) 10163
(17843,1) 9157
(98950,1) 9633
(26,1) 9831
(84303,1) 9466
(84339,1) 9757
(28501,1) 9562
(45081,1) 9623
(86966,1) 9619
(83484,1) 8781
(30827,1) 9462
(96413,1) 9402
(60336,1) 9917
(446,1) 9731
(28627,1) 9663
(95557,1) 9474
(87822,1) 9655
(19910,1) 9149
(5083,1) 9774
(85551,1) 9735
(96540,1) 9993
(68180,1) 9481
(23066,1) 9501
(96678,1) 9351
(50203,1) 10097
(2976,1) 10462
(84797,1) 9653
(9012,1) 9611
(51962,1) 9871
(61343,1) 10194
(30713,1) 9545
(10178,1) 10286
(50329,1) 9747
(50571,1) 9395
(39538,1) 9090
(8222,1) 9477
(12359,1) 8680
(84593,1) 9764
(70187,1) 9339
(75989,1) 9463
(26994,1) 10219
(95798,1) 9872
(59270,1) 9141
(84111,1) 10225
(61535,1) 9414
(81086,1) 9536
(34398,1) 9688
(21192,1) 9745
(95136,1) 9816
(35115,1) 9543
(86762,1) 9873
(62325,1) 8938
(70073,1) 10025
(11095,1) 9865
(47147,1) 9718
(82273,1) 10036
(52764,1) 9927
(14336,1) 9949
(26536,1) 9203
(98770,1) 9654
(87936,1) 9511
(64903,1) 9797
(87605,1) 9358
(40809,1) 10095
(32091,1) 9773
(39604,1) 9846
(65958,1) 9447
(59155,1) 9184
(6053,1) 9221
(74411,1) 9754
(77839,1) 9892
(3946,1) 9918
(26471,1) 10147
(63716,1) 9387
(57178,1) 9913
(58161,1) 9731
(47008,1) 9679
(72434,1) 9331
(93364,1) 9500
(11238,1) 9219
(87527,1) 9486
(84622,1) 9758
(74574,1) 9423
(96732,1) 9880
(14144,1) 9988
(15114,1) 10053
(83292,1) 9332
(92002,1) 10433
(38724,1) 9342
(69113,1) 9546
(37501,1) 10148
(40540,1) 9784
(97816,1) 9609
(65603,1) 9744
(47327,1) 9961
(74206,1) 10048
(9408,1) 9564
(33024,1) 9864
(71301,1) 9097
(6,1) 9486
(96617,1) 10454
(64518,1) 9776
(48383,1) 9980
(86431,1) 9919
(87883,1) 9163
(73109,1) 8824
(34223,1) 8332
(83153,1) 9498
(59065,1) 10084
(44152,1) 10410
(76400,1) 10102
(34092,1) 10023
(13648,1) 9830
(13889,1) 9046
(68155,1) 9780
(1699,1) 9040
(86304,1) 9718
(39780,1) 9178
(54614,1) 9324
(48996,1) 9875
(61392,1) 9173
(53734,1) 9591
(44291,1) 10068
(47196,1) 9477
(48502,1) 9508
(33036,1) 9645
(81332,1) 9736
(12335,1) 10021
(13787,1) 9388
(55087,1) 9194
(50828,1) 9696
(29887,1) 9053
(57220,1) 9426
(38863,1) 9674
(93442,1) 9744
(25668,1) 9913
(4851,1) 10043
(92394,1) 9756
(79246,1) 10028
(77749,1) 10134
(89175,1) 10101
(76960,1) 9392
(93069,1) 10137
(16656,1) 9808
(63892,1) 9926
(32385,1) 9444
(17970,1) 10001
(39767,1) 9570
(44266,1) 9998
(25505,1) 9818
(28819,1) 9444
(45921,1) 10212
(10346,1) 9405
(96498,1) 9786
(92141,1) 9463
(47303,1) 9817
(50162,1) 9398
(28550,1) 9560
(35164,1) 10290
(49148,1) 9258
(77737,1) 9306
(14553,1) 9738
(13636,1) 9898
(50419,1) 9803
(73657,1) 10303
(54044,1) 9339
(64801,1) 9222
(2200,1) 9795
(4700,1) 9853
(98209,1) 9647
(96756,1) 10128
(55952,1) 11031
(38454,1) 9310
(4838,1) 9800
(85538,1) 9870
(61114,1) 9009
(18903,1) 9499
(1933,1) 9611
(88295,1) 9924
(87084,1) 9837
(90013,1) 10215
(22799,1) 9432
(42426,1) 9148
(52092,1) 9433
(2224,1) 10392
(92550,1) 9461
(66761,1) 9930
(50906,1) 9907
(32612,1) 9563
(49929,1) 9568
(68437,1) 9409
(2579,1) 9543
(75593,1) 9929
(82621,1) 10540
(73171,1) 9462
(52241,1) 9196
(94984,1) 10139
(66395,1) 9660
(86009,1) 9704
(79726,1) 9320
(40016,1) 10059
(55484,1) 10354
(12768,1) 9308
(75581,1) 9775
(43031,1) 9219
(27375,1) 9697
(23782,1) 9285
(98132,1) 9939
(21713,1) 9131
(77888,1) 9082
(91704,1) 9455
(54297,1) 9347
(6691,1) 9452
(13980,1) 9843
(1037,1) 9972
(23426,1) 9501
(6666,1) 9226
(29327,1) 9364
(63471,1) 9306
(69661,1) 9067
(13943,1) 9053
(88685,1) 9523
(69890,1) 10019
(72843,1) 10512
(70408,1) 9583
(13931,1) 10004
(27915,1) 10095
(99284,1) 9901
(52686,1) 9727
(88342,1) 9031
(92104,1) 9979
(93556,1) 9389
(28382,1) 9811
(76390,1) 9666
(16098,1) 10287
(93819,1) 9610
(25607,1) 8889
(22595,1) 9278
(59401,1) 9782
(30786,1) 9702
(44495,1) 9242
(53278,1) 9338
(53349,1) 9763
(54019,1) 9759
(15241,1) 10174
(49905,1) 9267
(64110,1) 9400
(17285,1) 9355
(41534,1) 9938
(66683,1) 9474
(18351,1) 9134
(25284,1) 9552
(56971,1) 9856
(89457,1) 9453
(62272,1) 9391
(59413,1) 9616
(23504,1) 9719
(68462,1) 10173
(10507,1) 9977
(7707,1) 10023
(56388,1) 9896
(36506,1) 9033
(3688,1) 9574
(43649,1) 10225
(49839,1) 9763
(37958,1) 9869
(81410,1) 9637
(32029,1) 9379
(66154,1) 9527
(31768,1) 9998
(22583,1) 10143
(70981,1) 9872
(60949,1) 9276
(64026,1) 9744
(66213,1) 9949
(64886,1) 9832
(11840,1) 9642
(9163,1) 9592
(45621,1) 9593
(69955,1) 9610
(86798,1) 10693
(36297,1) 8993
(18850,1) 9562
(35332,1) 9744
(53386,1) 9733
(14385,1) 9751
(81115,1) 9434
(75286,1) 10020
(56887,1) 9136
(77966,1) 8968
(83766,1) 9746
(68997,1) 10158
(20220,1) 9653
(36555,1) 9633
(867,1) 10039
(66442,1) 9782
(6401,1) 9815
(11341,1) 9513
(36796,1) 10109
(31113,1) 10142
(17381,1) 10043
(46333,1) 10316
(98168,1) 9152
(42343,1) 9477
(59924,1) 9677
(87997,1) 9710
(34709,1) 9721
(13420,1) 9458
(21684,1) 9489
(80547,1) 9328
(38376,1) 9463
(76244,1) 9707
(40822,1) 9530
(44554,1) 9619
(76232,1) 9938
(30287,1) 10365
(36813,1) 9034
(13444,1) 9586
(17921,1) 10005
(83742,1) 9790
(35602,1) 9925
(70674,1) 9776
(63699,1) 10269
(82056,1) 9181
(78605,1) 10010
(52121,1) 9832
(35368,1) 9957
(9199,1) 9954
(71080,1) 9477
(79986,1) 9553
(59701,1) 9110
(64280,1) 9342
(10748,1) 8949
(1098,1) 8824
(81638,1) 9463
(55224,1) 9295
(81393,1) 9964
(29802,1) 9629
(1019,1) 9195
(15547,1) 9117
(65537,1) 9149
(79787,1) 10134
(25919,1) 9781
(42367,1) 9342
(23209,1) 9906
(31997,1) 9846
(9457,1) 9923
(78264,1) 9657
(70757,1) 10069
(78858,1) 9797
(7413,1) 9720
(44530,1) 9937
(9703,1) 9689
(64874,1) 9617
(82825,1) 9804
(69744,1) 10054
(6678,1) 9798
(91682,1) 9208
(32066,1) 9893
(35880,1) 10226
(75232,1) 9366
(69419,1) 9608
(88636,1) 9852
(27952,1) 10134
(66454,1) 10289
(80987,1) 9479
(39575,1) 9911
(17453,1) 9253
(75105,1) 9381
(3189,1) 9629
(55971,1) 9677
(20623,1) 9996
(26926,1) 9676
(33463,1) 9317
(35885,1) 9171
(70414,1) 10249
(7781,1) 9492
(67358,1) 9569
(33577,1) 9126
(37070,1) 9788
(50809,1) 10026
(45458,1) 9339
(56712,1) 10066
(36982,1) 9801
(27382,1) 9503
(56460,1) 8765
(85161,1) 9314
(56116,1) 9558
(80445,1) 9473
(28695,1) 10036
(42408,1) 9830
(59991,1) 10016
(77515,1) 9609
(76696,1) 9648
(5358,1) 9590
(4984,1) 9482
(35873,1) 9634
(26914,1) 9551
(45217,1) 9896
(64459,1) 9337
(36994,1) 9724
(56724,1) 9560
(87595,1) 9534
(78359,1) 9864
(57327,1) 9903
(92910,1) 9063
(66894,1) 9589
(54164,1) 10193
(17428,1) 9392
(12611,1) 9709
(58436,1) 9327
(56851,1) 9426
(90476,1) 9453
(52554,1) 9369
(42993,1) 9751
(49960,1) 9217
(6009,1) 9763
(99350,1) 9895
(23329,1) 9359
(19014,1) 9672
(96252,1) 9301
(89776,1) 9277
(29882,1) 9885
(18206,1) 9182
(25878,1) 10088
(16229,1) 10057
(10959,1) 9842
(68479,1) 9580
(69642,1) 9580
(93574,1) 10113
(20358,1) 10077
(963,1) 9894
(92958,1) 9848
(86282,1) 9705
(83862,1) 9125
(67281,1) 9963
(1441,1) 9368
(26273,1) 9485
(77449,1) 9453
(84383,1) 9675
(99885,1) 9639
(93435,1) 9340
(14992,1) 9466
(16230,1) 9999
(19724,1) 10084
(59611,1) 10237
(22654,1) 9655
(22323,1) 10039
(79558,1) 10035
(26351,1) 9485
(48148,1) 9260
(62086,1) 9333
(75040,1) 9625
(68876,1) 9845
(81121,1) 9128
(93958,1) 9308
(79402,1) 9414
(39316,1) 9598
(89222,1) 9688
(53254,1) 9755
(18363,1) 9757
(10405,1) 9219
(89817,1) 9566
(85095,1) 9309
(79757,1) 9559
(3851,1) 9452
(60419,1) 9491
(50222,1) 9813
(72644,1) 9858
(41912,1) 9932
(97605,1) 9397
(72783,1) 9898
(30365,1) 9810
(58448,1) 9932
(85197,1) 9700
(54939,1) 9890
(73879,1) 9739
(89830,1) 9707
(6010,1) 9291
(66111,1) 9112
(26224,1) 10007
(67322,1) 9127
(30131,1) 9788
(81145,1) 9598
(3826,1) 9892
(60775,1) 10010
(99151,1) 9513
(32186,1) 9466
(23366,1) 10585
(53626,1) 9234
(54940,1) 9202
(95233,1) 9128
(48814,1) 9791
(37735,1) 9278
(94712,1) 9632
(63694,1) 10037
(87257,1) 9606
(95118,1) 10233
(21635,1) 9880
(76226,1) 9487
(88757,1) 10158
(4315,1) 9889
(49335,1) 10355
(21508,1) 9833
(53907,1) 9775
(78714,1) 9258
(71601,1) 9374
(71812,1) 10144
(34885,1) 9660
(25914,1) 9813
(19189,1) 9703
(52975,1) 9851
(98943,1) 9410
(41246,1) 9952
(76876,1) 10040
(11473,1) 10033
(7078,1) 9563
(78004,1) 9713
(78726,1) 9513
(53067,1) 9769
(48430,1) 9868
(33516,1) 10178
(23342,1) 9596
(34048,1) 10129
(13449,1) 9282
(92874,1) 10111
(60918,1) 9911
(46640,1) 9694
(99138,1) 9079
(81517,1) 9500
(73855,1) 9549
(59124,1) 9173
(95779,1) 9167
(50756,1) 9567
(72134,1) 10220
(96419,1) 9994
(53566,1) 9417
(7156,1) 9574
(5972,1) 9659
(1254,1) 9990
(41811,1) 9629
(75478,1) 9712
(11660,1) 9870
(58635,1) 9106
(6083,1) 9597
(11786,1) 9399
(18818,1) 9374
(44607,1) 9755
(83099,1) 10472
(79348,1) 10028
(2728,1) 9735
(36013,1) 9648
(40612,1) 9570
(90987,1) 9759
(14445,1) 9982
(26886,1) 9841
(67718,1) 9684
(47015,1) 9423
(36093,1) 9599
(56087,1) 9289
(69305,1) 9668
(17217,1) 9929
(9854,1) 9934
(81079,1) 9293
(3274,1) 9865
(88456,1) 9224
(75454,1) 9635
(73766,1) 9403
(79600,1) 9651
(75717,1) 9946
(43993,1) 9686
(17927,1) 9987
(56695,1) 8907
(20857,1) 9277
(24764,1) 9738
(26326,1) 9855
(19615,1) 8789
(65021,1) 9377
(68654,1) 10514
(72259,1) 9949
(29971,1) 9872
(46742,1) 10064
(34337,1) 9667
(56063,1) 9817
(91314,1) 9879
(86822,1) 9569
(56501,1) 10025
(83250,1) 9862
(99241,1) 10314
(44709,1) 10072
(17620,1) 10011
(8091,1) 9693
(53542,1) 9302
(74621,1) 9421
(51980,1) 9315
(2428,1) 9175
(75064,1) 9355
(66293,1) 9239
(84116,1) 9813
(78425,1) 9530
(64500,1) 9261
(71710,1) 10436
(69131,1) 9528
(62216,1) 9245
(6245,1) 9923
(80968,1) 8929
(67065,1) 9449
(7257,1) 10045
(63597,1) 8895
(82598,1) 10128
(3802,1) 9936
(8289,1) 10261
(9156,1) 9706
(3286,1) 9403
(86436,1) 10089
(36308,1) 9636
(10904,1) 9733
(33937,1) 9178
(51509,1) 9552
(86809,1) 9856
(85773,1) 9279
(71061,1) 9172
(94808,1) 10539
(38743,1) 9466
(23577,1) 9684
(78437,1) 9579
(11696,1) 9931
(33674,1) 9803
(47599,1) 9460
(1517,1) 9539
(1188,1) 9872
(8290,1) 9611
(59022,1) 9504
(51181,1) 10535
(16043,1) 9416
(49737,1) 9341
(10514,1) 9623
(99374,1) 10000
(35824,1) 9606
(75791,1) 9368
(97330,1) 9885
(52667,1) 9708
(25638,1) 9392
(59557,1) 9560
(62349,1) 9686
(92261,1) 9862
(19104,1) 9647
(12060,1) 9799
(27825,1) 9722
(13770,1) 9417
(19087,1) 9548
(36669,1) 9548
(63548,1) 9221
(84640,1) 9312
(60528,1) 9669
(3249,1) 9702
(80408,1) 10000
(51456,1) 10786
(5424,1) 9743
(79661,1) 10106
(77604,1) 9539
(1205,1) 9566
(15968,1) 9969
(97342,1) 10132
(741,1) 9915
(15079,1) 9470
(52680,1) 10027
(20923,1) 9368
(26999,1) 9344
(85112,1) 9564
(31954,1) 10071
(96342,1) 9472
(33998,1) 9638
(44681,1) 9878
(83640,1) 9690
(27127,1) 9778
(23955,1) 10179
(82790,1) 10355
(13558,1) 9358
(79860,1) 9613
(48762,1) 9937
(22590,1) 10089
(13745,1) 9927
(76275,1) 9313
(22732,1) 9308
(96378,1) 9610
(47717,1) 9609
(63049,1) 9916
(16806,1) 9875
(98029,1) 9577
(93671,1) 9630
(39718,1) 9380
(58058,1) 9386
(70235,1) 9490
(27297,1) 9288
(530,1) 10164
(98199,1) 9958
(16092,1) 9336
(42823,1) 9617
(62548,1) 9221
(35483,1) 10592
(94833,1) 9746
(57935,1) 9506
(78462,1) 9638
(32463,1) 9988
(4959,1) 9379
(84298,1) 9780
(73580,1) 9896
(41835,1) 9388
(96167,1) 9395
(63025,1) 9625
(11538,1) 9518
(38520,1) 9483
(39178,1) 9475
(66593,1) 9970
(60516,1) 9744
(36333,1) 9942
(81441,1) 9498
(19639,1) 9153
(84615,1) 9726
(23277,1) 9498
(37146,1) 9411
(77616,1) 9694
(47039,1) 9865
(21569,1) 9309
(61703,1) 9911
(71409,1) 9126
(56026,1) 9538
(57736,1) 9383
(14944,1) 9704
(96691,1) 9564
(15054,1) 9490
(23637,1) 9739
(5588,1) 9780
(90122,1) 9375
(35621,1) 9695
(81404,1) 9668
(69643,1) 9038
(8739,1) 9168
(55879,1) 9566
(26079,1) 10145
(78590,1) 10356
(41073,1) 9506
(34777,1) 9650
(19383,1) 9784
(65567,1) 9653
(13835,1) 10206
(30563,1) 9293
(8900,1) 9299
(71728,1) 10101
(53584,1) 9798
(52132,1) 9627
(79719,1) 9942
(11527,1) 9770
(55249,1) 9214
(2001,1) 9785
(70758,1) 9465
(86395,1) 9221
(3579,1) 9539
(26296,1) 9966
(61902,1) 10382
(20990,1) 9500
(88151,1) 9983
(1272,1) 9320
(46417,1) 9738
(90625,1) 9774
(44727,1) 9553
(15181,1) 9832
(1133,1) 9895
(55376,1) 9905
(71614,1) 8978
(90019,1) 9851
(42546,1) 9218
(42419,1) 9555
(98137,1) 9502
(74375,1) 9371
(69757,1) 9770
(34675,1) 9646
(88691,1) 9526
(23649,1) 9738
(71818,1) 9571
(94852,1) 10161
(88138,1) 9343
(55262,1) 9489
(3130,1) 9785
(86293,1) 9863
(44830,1) 9815
(80410,1) 10228
(29243,1) 9697
(46736,1) 9425
(25728,1) 10038
(72194,1) 9652
(44649,1) 9364
(94942,1) 9656
(21317,1) 9556
(90662,1) 9897
(20269,1) 8970
(12534,1) 9462
(21252,1) 9342
(91403,1) 10540
(94929,1) 9626
(53020,1) 10152
(28052,1) 9184
(58605,1) 9456
(85090,1) 9405
(24906,1) 9396
(97269,1) 9912
(1182,1) 9485
(65248,1) 10065
(53686,1) 9698
(79895,1) 10778
(17087,1) 9903
(21264,1) 9744
(2103,1) 9404
(79482,1) 9704
(41486,1) 9946
(68980,1) 9841
(86040,1) 10507
(30047,1) 9166
(6240,1) 9848
(28040,1) 9987
(35920,1) 9923
(76466,1) 10176
(98059,1) 9513
(44490,1) 9725
(19064,1) 10366
(21604,1) 9752
(68731,1) 9834
(41678,1) 8969
(3428,1) 10234
(38165,1) 9431
(3015,1) 9165
(51059,1) 9860
(23846,1) 9067
(49846,1) 9837
(49605,1) 9774
(62355,1) 9902
(68853,1) 9437
(67928,1) 9793
(30268,1) 9406
(88503,1) 9850
(78782,1) 9442
(99884,1) 9322
(85478,1) 9353
(58323,1) 10367
(88384,1) 9546
(46826,1) 8944
(56543,1) 9536
(19310,1) 9684
(95630,1) 9526
(12959,1) 9943
(81224,1) 9579
(16457,1) 9500
(78414,1) 9730
(44788,1) 9933
(12960,1) 10007
(44044,1) 9273
(67167,1) 9244
(91513,1) 9101
(90584,1) 9997
(26145,1) 9089
(87499,1) 9534
(54476,1) 9826
(80901,1) 9615
(14854,1) 9645
(11720,1) 10225
(60408,1) 9651
(41768,1) 9692
(64147,1) 9663
(55405,1) 9568
(58335,1) 9579
(49244,1) 9760
(21563,1) 9617
(37875,1) 9860
(90560,1) 9126
(79809,1) 9413
(62183,1) 10359
(23318,1) 10120
(32433,1) 9804
(53535,1) 8835
(51817,1) 9615
(60625,1) 9928
(59706,1) 9828
(61987,1) 9886
(84903,1) 9644
(90686,1) 10310
(63055,1) 9344
(60662,1) 9611
(97245,1) 9309
(72169,1) 10198
(50347,1) 9497
(4231,1) 9420
(46556,1) 9941
(90715,1) 9553
(92663,1) 9979
(88498,1) 9970
(34831,1) 9613
(56441,1) 9611
(17386,1) 9847
(25855,1) 9606
(90559,1) 9133
(68310,1) 9460
(19040,1) 9718
(1235,1) 10060
(76610,1) 9826
(66983,1) 10010
(12984,1) 9603
(50860,1) 10116
(74248,1) 9783
(4046,1) 9992
(16470,1) 10436
(29002,1) 9576
(10206,1) 9486
(65657,1) 9423
(18491,1) 9352
(56358,1) 9889
(25969,1) 9501
(81375,1) 9498
(30072,1) 9220
(98162,1) 9789
(15156,1) 9792
(22811,1) 9355
(29582,1) 9598
(14113,1) 9400
(55115,1) 9502
(35224,1) 9779
(98276,1) 9350
(18050,1) 9935
(56825,1) 9754
(41630,1) 9088
(36934,1) 9736
(48803,1) 9517
(44200,1) 9639
(77281,1) 8819
(96570,1) 9434
(41290,1) 9501
(64880,1) 9562
(89035,1) 10243
(36619,1) 9549
(33714,1) 9648
(65670,1) 9750
(89432,1) 10031
(3723,1) 9964
(69679,1) 9960
(55765,1) 9792
(9918,1) 9541
(16261,1) 9427
(38641,1) 10172
(32004,1) 9709
(14239,1) 10005
(36620,1) 9495
(6587,1) 9947
(71597,1) 10014
(16752,1) 9455
(16351,1) 9235
(59502,1) 9253
(37671,1) 10133
(34324,1) 9993
(38801,1) 10186
(54170,1) 10246
(13623,1) 9803
(10598,1) 9460
(12653,1) 9844
(165,1) 9371
(68587,1) 9296
(81044,1) 9881
(24362,1) 9879
(50277,1) 9791
(60858,1) 9645
(47886,1) 9550
(25596,1) 10135
(87324,1) 9295
(5707,1) 9671
(15517,1) 10176
(82403,1) 10121
(43741,1) 9206
(66279,1) 9822
(85750,1) 9846
(45211,1) 9650
(96397,1) 9503
(99422,1) 10354
(74875,1) 10201
(94250,1) 9590
(8011,1) 8865
(60572,1) 9227
(97998,1) 9948
(23060,1) 9756
(1747,1) 9254
(85155,1) 9530
(51752,1) 9154
(49527,1) 9710
(75844,1) 9354
(54742,1) 9967
(50757,1) 9852
(9005,1) 9312
(46491,1) 9430
(92286,1) 9757
(95311,1) 9987
(70317,1) 8923
(48065,1) 9960
(36184,1) 10377
(13462,1) 9223
(47117,1) 9143
(3837,1) 9441
(49105,1) 10171
(13498,1) 10075
(15702,1) 10295
(99217,1) 9828
(27812,1) 9655
(59011,1) 9742
(45820,1) 9380
(87590,1) 9366
(97311,1) 9498
(27741,1) 9783
(38616,1) 9354
(29063,1) 9957
(18164,1) 9502
(98554,1) 9251
(97102,1) 9405
(31541,1) 10105
(49576,1) 9796
(78124,1) 9513
(96659,1) 9324
(65941,1) 10172
(73573,1) 9860
(212,1) 9602
(15714,1) 9750
(64638,1) 9333
(72981,1) 10035
(48525,1) 9293
(7521,1) 9573
(84791,1) 9499
(65870,1) 10025
(69328,1) 8987
(13144,1) 9618
(95527,1) 9719
(46230,1) 9886
(72649,1) 9212
(25367,1) 10110
(49129,1) 10246
(16830,1) 9898
(18736,1) 9651
(48537,1) 9914
(48053,1) 10759
(39671,1) 9670
(75934,1) 9010
(90988,1) 9115
(7455,1) 9141
(224,1) 9990
(14788,1) 9094
(39610,1) 9717
(26944,1) 9734
(45301,1) 10255
(17813,1) 10354
(35133,1) 9399
(89644,1) 8983
(35993,1) 8945
(9349,1) 9134
(64430,1) 10530
(94491,1) 9927
(71986,1) 9611
(37887,1) 9812
(95748,1) 8768
(37027,1) 8906
(51764,1) 10070
(16817,1) 9833
(56784,1) 9387
(38971,1) 9532
(54121,1) 9299
(45856,1) 9795
(36159,1) 10302
(97588,1) 9908
(51445,1) 9588
(19849,1) 9570
(12203,1) 9474
(52794,1) 9790
(77816,1) 9222
(56256,1) 9753
(65977,1) 10204
(48888,1) 9057
(42264,1) 9697
(30628,1) 9506
(86953,1) 9338
(43085,1) 9340
(54946,1) 10042
(98530,1) 9660
(53867,1) 10167
(8317,1) 9881
(94345,1) 10023
(6354,1) 9424
(51681,1) 9618
(98822,1) 9852
(10308,1) 9507
(87762,1) 10415
(98505,1) 9311
(87798,1) 9958
(72920,1) 9546
(67515,1) 9995
(73512,1) 9452
(63550,1) 9694
(45296,1) 10098
(63791,1) 8914
(33975,1) 9285
(89668,1) 10024
(32523,1) 9859
(27303,1) 9129
(35567,1) 10414
(46969,1) 9762
(80253,1) 10073
(5401,1) 10456
(39730,1) 9349
(98542,1) 9964
(46109,1) 9562
(10840,1) 10368
(53855,1) 9328
(84766,1) 9510
(53261,1) 9099
(98771,1) 9260
(70108,1) 10152
(29927,1) 9917
(73104,1) 9658
(32720,1) 10089
(2658,1) 9854
(65923,1) 9341
(40510,1) 9496
(20642,1) 10068
(48748,1) 9697
(14174,1) 9490
(38786,1) 10052
(78451,1) 10673
(88719,1) 9659
(64687,1) 9186
(76090,1) 9421
(73303,1) 9800
(27104,1) 9675
(33951,1) 9976
(42878,1) 10027
(29939,1) 8531
(13594,1) 9591
(82440,1) 9911
(59317,1) 9923
(48270,1) 9582
(56003,1) 9717
(3531,1) 9658
(8936,1) 9191
(36995,1) 9894
(81056,1) 9628
(40718,1) 9633
(86648,1) 9696
(94520,1) 9711
(63549,1) 9248
(34312,1) 10614
(28428,1) 9395
(82381,1) 9818
(59526,1) 9692
(89938,1) 9458
(63351,1) 9261
(15884,1) 9958
(77220,1) 9109
(51948,1) 9259
(93389,1) 9668
(22449,1) 9248
(96448,1) 10070
(52223,1) 10377
(4755,1) 9925
(19990,1) 9656
(74972,1) 9228
(56941,1) 9933
(12888,1) 9712
(83013,1) 9742
(9561,1) 9560
(46302,1) 9482
(57190,1) 9288
(59463,1) 9998
(64218,1) 9925
(27507,1) 9717
(30781,1) 9572
(27255,1) 9855
(59348,1) 9869
(24471,1) 9136
(39136,1) 9716
(87203,1) 9873
(63729,1) 9475
(40869,1) 8959
(82398,1) 9234
(59852,1) 9024
(33956,1) 9891
(18836,1) 9591
(72447,1) 9367
(90970,1) 9164
(93904,1) 10201
(34421,1) 9941
(26639,1) 9326
(75760,1) 9598
(81897,1) 9724
(36728,1) 9937
(98997,1) 9098
(59864,1) 9695
(31648,1) 9792
(53892,1) 9752
(70266,1) 9927
(38750,1) 9691
(36099,1) 9618
(29298,1) 10098
(75094,1) 10042
(18093,1) 9215
(39676,1) 9852
(35975,1) 9758
(5219,1) 9780
(48459,1) 9813
(52775,1) 10179
(86751,1) 9954
(93627,1) 9206
(48233,1) 10294
(38611,1) 9673
(56965,1) 8988
(64709,1) 9888
(84856,1) 9276
(36831,1) 9684
(72297,1) 9494
(51812,1) 9355
(36376,1) 9540
(47191,1) 9556
(38886,1) 9874
(29575,1) 8882
(26729,1) 9703
(71066,1) 9789
(34156,1) 9288
(46224,1) 9731
(59750,1) 9343
(10833,1) 9439
(14771,1) 9746
(78420,1) 9842
(82135,1) 8775
(90189,1) 9179
(70721,1) 9321
(36237,1) 9574
(82602,1) 10004
(98433,1) 9267
(41418,1) 10340
(57507,1) 9921
(48724,1) 9651
(13540,1) 10298
(41005,1) 9397
(93766,1) 9726
(42650,1) 9302
(9811,1) 8993
(69263,1) 9860
(75268,1) 9650
(31372,1) 10089
(39688,1) 10182
(40090,1) 9433
(65947,1) 9956
(43253,1) 9644
(861,1) 9643
(4929,1) 10045
(84645,1) 9668
(25295,1) 9741
(81459,1) 10036
(59402,1) 9886
(9799,1) 9238
(53013,1) 10673
(15097,1) 9530
(2044,1) 9211
(25426,1) 9214
(4466,1) 8863
(89463,1) 9277
(64668,1) 9741
(7617,1) 10063
(4930,1) 10022
(40419,1) 10480
(70062,1) 10088
(47545,1) 9206
(2255,1) 9755
(35652,1) 9760
(18610,1) 9501
(2897,1) 9281
(5922,1) 9476
(15585,1) 9390
(33631,1) 9761
(40808,1) 10711
(30979,1) 9803
(10743,1) 9887
(50630,1) 10356
(63531,1) 9718
(71784,1) 9493
(73237,1) 9264
(80030,1) 9606
(78294,1) 9914
(54711,1) 9399
(78821,1) 9686
(78959,1) 9472
(18134,1) 9425
(67039,1) 9723
(50605,1) 9375
(65960,1) 9468
(49147,1) 9668
(96653,1) 9284
(52151,1) 9870
(88304,1) 10056
(73249,1) 10164
(46326,1) 9405
(58763,1) 10142
(12577,1) 10384
(62511,1) 9654
(16086,1) 10057
(40329,1) 10191
(68961,1) 9982
(58648,1) 9506
(18109,1) 9457
(74947,1) 10194
(94128,1) 9708
(90771,1) 9435
(75958,1) 9758
(15937,1) 9680
(94466,1) 9690
(51523,1) 9096
(66190,1) 9632
(62952,1) 9872
(36687,1) 9517
(75623,1) 10003
(42499,1) 9758
(70692,1) 9265
(84807,1) 9765
(45849,1) 9526
(17657,1) 9389
(77666,1) 9694
(69238,1) 9402
(86654,1) 9319
(24794,1) 9474
(66262,1) 9907
(79853,1) 9491
(99673,1) 9691
(53336,1) 9763
(51535,1) 9494
(2873,1) 9045
(17597,1) 10268
(57218,1) 10047
(40792,1) 9798
(23028,1) 9863
(67717,1) 10072
(20052,1) 9769
(37797,1) 9911
(69294,1) 9736
(76700,1) 9772
(42208,1) 9418
(39359,1) 9381
(37911,1) 9905
(6186,1) 9527
(89861,1) 9852
(83122,1) 9563
(47244,1) 9804
(82747,1) 9665
(48833,1) 9669
(96912,1) 10044
(46411,1) 9092
(26543,1) 10483
(97299,1) 9600
(69522,1) 9490
(11889,1) 9461
(99583,1) 9825
(85888,1) 9626
(78378,1) 9906
(2110,1) 9887
(73687,1) 9760
(20251,1) 9597
(8149,1) 9886
(41091,1) 9928
(40233,1) 9354
(267,1) 9239
(80199,1) 9652
(86389,1) 9418
(30696,1) 9656
(11958,1) 10066
(68072,1) 9503
(5021,1) 9262
(89186,1) 9105
(35055,1) 9727
(23734,1) 9693
(42139,1) 9934
(28506,1) 10119
(4016,1) 9749
(80853,1) 9598
(79290,1) 10137
(47334,1) 9741
(77967,1) 9478
(95474,1) 9332
(15998,1) 9174
(36530,1) 9786
(57815,1) 9683
(24901,1) 9882
(7751,1) 9943
(31197,1) 10268
(43005,1) 8892
(56178,1) 10248
(97769,1) 8575
(71517,1) 9891
(42987,1) 9461
(43078,1) 9540
(87876,1) 10031
(1645,1) 9716
(49691,1) 9488
(25560,1) 9710
(8240,1) 9179
(38104,1) 9608
(29762,1) 8939
(8812,1) 9123
(97847,1) 9541
(92376,1) 9923
(52036,1) 9667
(41557,1) 9830
(30327,1) 9966
(18897,1) 9581
(98912,1) 9718
(32542,1) 9878
(6905,1) 9386
(64364,1) 9900
(22328,1) 9233
(52410,1) 9367
(24169,1) 9666
(30647,1) 9705
(86365,1) 9655
(16703,1) 9550
(11971,1) 8800
(19008,1) 10195
(90068,1) 9406
(41078,1) 8930
(84057,1) 9349
(44103,1) 9592
(35639,1) 9603
(91580,1) 9266
(54856,1) 8997
(85954,1) 9770
(55519,1) 9753
(97770,1) 9571
(62470,1) 9751
(99571,1) 9963
(62283,1) 9405
(30834,1) 9489
(99133,1) 9453
(45971,1) 9074
(110,1) 9587
(45111,1) 9941
(98060,1) 9389
(36903,1) 9649
(85718,1) 9521
(57839,1) 10174
(40821,1) 9785
(57840,1) 9202
(95904,1) 9708
(16451,1) 9698
(1102,1) 9207
(62469,1) 9853
(77931,1) 9606
(23336,1) 9686
(47602,1) 9577
(2783,1) 9814
(22847,1) 9504
(82910,1) 9671
(80163,1) 9825
(51783,1) 9723
(16183,1) 9898
(37615,1) 9437
(56446,1) 9629
(50390,1) 9351
(33031,1) 9723
(58316,1) 9543
(33891,1) 9417
(76513,1) 10070
(8560,1) 9434
(54807,1) 9224
(94563,1) 10028
(3645,1) 10150
(1114,1) 9238
(54832,1) 9759
(16698,1) 9450
(20328,1) 9511
(12610,1) 9609
(37960,1) 9811
(28287,1) 9314
(75383,1) 9954
(44285,1) 9793
(94189,1) 10027
(2158,1) 10176
(9260,1) 9284
(57491,1) 10125
(68035,1) 9799
(60258,1) 10218
(3191,1) 9310
(50751,1) 9766
(23547,1) 9845
(65291,1) 9981
(49865,1) 9394
(74712,1) 10601
(59361,1) 9543
(13467,1) 10094
(26742,1) 9765
(67372,1) 9556
(50925,1) 9716
(3832,1) 9536
(85743,1) 9778
(33907,1) 9666
(52085,1) 9692
(95425,1) 10054
(41508,1) 9442
(35404,1) 10240
(21174,1) 9292
(19524,1) 9088
(33229,1) 9443
(29417,1) 9794
(308,1) 9522
(80711,1) 9928
(90324,1) 9741
(24661,1) 9838
(32392,1) 9347
(46435,1) 9569
(64818,1) 10155
(47971,1) 9705
(596,1) 10018
(29019,1) 10667
(57864,1) 9317
(49678,1) 9510
(98948,1) 10110
(91169,1) 9506
(67558,1) 8900
(59840,1) 9721
(98283,1) 9534
(11082,1) 9849
(85929,1) 9587
(91543,1) 9467
(54259,1) 9213
(72140,1) 9334
(51795,1) 9743
(53110,1) 9701
(92019,1) 9857
(58130,1) 9530
(84021,1) 10429
(40192,1) 9459
(83171,1) 10403
(89041,1) 10431
(98469,1) 9503
(11934,1) 9643
(23815,1) 9403
(19512,1) 9987
(46634,1) 9693
(70552,1) 8747
(39468,1) 9899
(21937,1) 9582
(16586,1) 10428
(73703,1) 9803
(25738,1) 9965
(8659,1) 9940
(32275,1) 9430
(63340,1) 10459
(15810,1) 9740
(1466,1) 9750
(62804,1) 10143
(42880,1) 9724
(708,1) 10514
(10924,1) 9673
(22232,1) 9605
(68581,1) 9845
(37299,1) 10080
(45102,1) 10029
(9756,1) 9296
(62014,1) 9670
(95054,1) 9814
(94084,1) 9518
(43964,1) 10066
(99531,1) 10794
(90832,1) 9467
(98217,1) 10086
(32287,1) 9311
(98434,1) 9438
(99886,1) 9517
(43186,1) 9771
(84614,1) 9878
(94874,1) 9133
(16472,1) 9084
(18514,1) 9657
(60852,1) 9213
(31637,1) 9057
(4605,1) 10057
(45916,1) 9500
(93332,1) 9643
(25153,1) 9628
(22587,1) 9231
(54097,1) 9109
(87523,1) 9184
(52531,1) 10051
(12073,1) 9504
(70883,1) 10513
(59303,1) 9410
(84933,1) 9262
(69092,1) 9418
(4401,1) 9656
(39813,1) 9652
(42969,1) 9852
(4707,1) 9714
(36040,1) 9803
(26249,1) 10117
(5484,1) 9570
(77769,1) 9922
(98483,1) 9647
(26593,1) 9865
(21340,1) 9904
(49730,1) 9728
(98410,1) 9547
(99862,1) 9915
(19839,1) 10002
(80456,1) 9803
(24323,1) 9589
(26057,1) 9277
(22130,1) 10341
(98905,1) 9392
(94072,1) 9054
(14611,1) 9561
(80583,1) 9508
(53333,1) 9794
(73281,1) 10595
(83403,1) 10177
(63376,1) 10031
(95066,1) 9981
(1429,1) 10230
(71038,1) 10021
(19713,1) 9878
(74136,1) 9589
(48378,1) 9371
(85354,1) 9299
(94898,1) 9991
(87000,1) 9659
(80113,1) 9456
(60254,1) 10015
(22166,1) 9233
(36817,1) 9534
(68899,1) 9829
(36572,1) 9770
(26082,1) 9558
(33793,1) 9278
(70858,1) 9302
(99723,1) 9318
(10183,1) 9629
(93815,1) 9921
(95119,1) 9623
(45175,1) 9746
(35361,1) 9396
(73878,1) 9367
(67075,1) 9880
(64743,1) 9846
(89233,1) 9675
(88349,1) 9255
(72541,1) 9922
(68532,1) 9465
(39059,1) 9464
(91977,1) 9920
(63658,1) 9590
(95778,1) 9629
(39305,1) 10116
(23876,1) 8936
(34723,1) 9807
(83795,1) 10135
(1057,1) 9911
(46734,1) 9178
(26201,1) 9897
(26111,1) 9486
(50313,1) 9763
(64182,1) 9965
(78563,1) 9887
(67574,1) 9825
(66810,1) 9626
(22551,1) 9891
(24004,1) 9821
(91584,1) 9476
(90562,1) 9763
(46607,1) 9799
(18706,1) 9761
(31204,1) 10306
(32914,1) 9526
(10834,1) 9659
(35516,1) 9736
(74074,1) 10441
(66450,1) 9581
(618,1) 10020
(38895,1) 10077
(45138,1) 9563
(42422,1) 9900
(99567,1) 9624
(69601,1) 9754
(62775,1) 9332
(70707,1) 10121
(97641,1) 10140
(33401,1) 9472
(8010,1) 9885
(77901,1) 9062
(12494,1) 10032
(30376,1) 9449
(42536,1) 9908
(70450,1) 9604
(11357,1) 9218
(65356,1) 9764
(53066,1) 9414
(16447,1) 9872
(7907,1) 9844
(745,1) 9280
(32202,1) 10255
(35107,1) 9147
(90676,1) 9173
(79991,1) 9811
(5255,1) 9814
(74492,1) 9516
(22309,1) 9054
(25726,1) 9874
(8406,1) 9415
(52580,1) 9289
(56103,1) 9501
(33527,1) 10032
(96315,1) 9321
(26094,1) 10101
(26352,1) 9223
(78412,1) 9371
(79864,1) 9289
(36322,1) 9394
(73698,1) 9623
(24716,1) 9362
(91866,1) 9450
(33056,1) 9821
(87187,1) 9696
(16030,1) 8755
(72005,1) 9176
(43787,1) 9293
(82977,1) 10108
(23254,1) 10065
(28529,1) 9466
(97677,1) 9910
(23632,1) 10612
(70924,1) 9793
(54445,1) 9647
(28083,1) 9844
(13829,1) 9679
(79313,1) 10144
(55220,1) 10036
(16397,1) 9790
(83923,1) 9108
(98864,1) 10084
(42495,1) 9929
(26863,1) 10234
(59674,1) 10445
(28095,1) 9699
(76711,1) 9775
(79876,1) 9785
(33285,1) 9991
(73686,1) 9350
(27718,1) 8875
(41079,1) 9790
(30705,1) 10110
(34165,1) 9956
(85177,1) 9377
(95402,1) 9593
(69157,1) 9265
(12253,1) 9351
(91649,1) 10207
(85865,1) 9640
(48456,1) 9607
(83169,1) 9270
(30742,1) 9465
(82371,1) 9580
(67673,1) 9519
(72899,1) 9340
(76939,1) 9072
(30671,1) 9868
(68748,1) 9618
(37202,1) 9565
(36358,1) 10641
(81478,1) 9612
(60410,1) 9369
(79278,1) 10119
(17655,1) 9812
(16807,1) 9560
(38032,1) 9221
(40556,1) 9996
(73367,1) 10199
(52654,1) 9954
(73433,1) 10024
(27767,1) 9713
(8861,1) 9912
(9531,1) 9995
(33768,1) 9336
(75224,1) 9798
(61028,1) 9986
(24372,1) 9864
(79701,1) 9776
(10564,1) 9913
(48444,1) 9493
(82712,1) 9750
(68736,1) 9376
(37050,1) 9629
(37737,1) 9522
(30525,1) 9407
(85190,1) 10461
(7956,1) 10124
(71893,1) 10013
(51467,1) 9706
(34255,1) 10039
(88022,1) 10616
(15997,1) 9294
(53234,1) 9692
(94109,1) 10181
(83211,1) 9605
(33756,1) 10049
(6300,1) 9920
(81872,1) 9825
(11513,1) 10205
(46259,1) 9774
(74173,1) 9451
(63761,1) 9449
(62980,1) 9841
(75200,1) 9400
(25804,1) 9422
(69182,1) 9173
(51725,1) 10305
(24536,1) 9792
(10481,1) 9884
(38019,1) 10127
(22779,1) 9890
(4179,1) 9520
(48515,1) 9412
(81884,1) 9585
(77451,1) 9576
(6916,1) 9643
(23978,1) 9168
(2439,1) 9075
(35589,1) 9804
(88440,1) 9526
(55293,1) 9413
(1147,1) 10107
(84450,1) 9795
(82928,1) 10011
(48280,1) 9929
(4449,1) 9371
(29347,1) 9516
(58329,1) 9262
(43903,1) 9981
(24765,1) 9719
(7015,1) 9906
(56319,1) 9485
(7445,1) 9712
(51737,1) 9961
(16107,1) 9500
(45491,1) 9622
(10503,1) 9211
(17788,1) 9416
(93660,1) 9993
(61970,1) 9201
(55526,1) 9873
(28848,1) 10167
(59315,1) 9652
(15744,1) 9556
(55727,1) 9268
(84908,1) 9973
(18805,1) 9868
(24976,1) 9697
(47552,1) 9681
(25522,1) 9783
(82869,1) 9594
(47982,1) 9353
(89450,1) 9571
(65734,1) 9555
(85648,1) 10295
(13046,1) 9125
(58516,1) 9882
(96249,1) 9630
(80149,1) 10045
(32009,1) 9450
(10515,1) 9532
(35565,1) 9411
(45519,1) 9666
(69476,1) 9840
(94915,1) 9431
(68454,1) 9260
(59504,1) 9615
(26615,1) 9391
(22826,1) 9706
(44051,1) 10116
(99215,1) 9656
(60176,1) 10640
(51926,1) 9829
(95680,1) 9735
(92659,1) 10226
(14570,1) 10008
(57490,1) 10023
(80150,1) 9794
(26627,1) 10512
(77033,1) 10147
(10269,1) 10018
(97178,1) 9591
(54199,1) 10287
(35042,1) 9559
(44751,1) 9520
(46959,1) 9373
(376,1) 10175
(21315,1) 9624
(93905,1) 9878
(78907,1) 10114
(3403,1) 9578
(54565,1) 9546
(58801,1) 9615
(72114,1) 9600
(72596,1) 9625
(78417,1) 9097
(23018,1) 10087
(16964,1) 9500
(62426,1) 9119
(56666,1) 9869
(34754,1) 10319
(27542,1) 9899
(49339,1) 9408
(54920,1) 9379
(97418,1) 9539
(79182,1) 9510
(30345,1) 9352
(69734,1) 9942
(86875,1) 9489
(78544,1) 9183
(14095,1) 9702
(44510,1) 10277
(23947,1) 9681
(95432,1) 8811
(6971,1) 9728
(1615,1) 9682
(65235,1) 9226
(7173,1) 9931
(99131,1) 9125
(92739,1) 9716
(89809,1) 9208
(82145,1) 9572
(70917,1) 9610
(64114,1) 9490
(78430,1) 8483
(93195,1) 9434
(4468,1) 9804
(59830,1) 9805
(22712,1) 9776
(24813,1) 9758
(74514,1) 9244
(44738,1) 10145
(66090,1) 9665
(61548,1) 9695
(59805,1) 9347
(79194,1) 9666
(6983,1) 9910
(93297,1) 10173
(50421,1) 9898
(6193,1) 9639
(78327,1) 9447
(17107,1) 9607
(3439,1) 9160
(12705,1) 9385
(60476,1) 9352
(78507,1) 9223
(13226,1) 9794
(13287,1) 9727
(7415,1) 9222
(47251,1) 9469
(17829,1) 9202
(72893,1) 10026
(69163,1) 10002
(47503,1) 9618
(43527,1) 9840
(10624,1) 9231
(92371,1) 9962
(69885,1) 9462
(59715,1) 9838
(34134,1) 9834
(28536,1) 9405
(93387,1) 9715
(18582,1) 9619
(58849,1) 9304
(34592,1) 9363
(88027,1) 10137
(45665,1) 9464
(34195,1) 10426
(65386,1) 9862
(38633,1) 9178
(30990,1) 9950
(13469,1) 9891
(16125,1) 9428
(92854,1) 9890
(10189,1) 9428
(69241,1) 9946
(60403,1) 9119
(23753,1) 9940
(7554,1) 10075
(69048,1) 9653
(48449,1) 9994
(28728,1) 9349
(61663,1) 9345
(64138,1) 10102
(45170,1) 9500
(40628,1) 9780
(38567,1) 9464
(28167,1) 9047
(64301,1) 9201
(61276,1) 9586
(29468,1) 9764
(30646,1) 10129
(30411,1) 10370
(82538,1) 10328
(79563,1) 9516
(28561,1) 9761
(83188,1) 9336
(3638,1) 10038
(20168,1) 9752
(93793,1) 9424
(24886,1) 9813
(13380,1) 9387
(64427,1) 10157
(42710,1) 9999
(91817,1) 9464
(25809,1) 9604
(16101,1) 9982
(93351,1) 9736
(17318,1) 9490
(64415,1) 9770
(74677,1) 9962
(54745,1) 10121
(43806,1) 9648
(25553,1) 9819
(86213,1) 9696
(90761,1) 9469
(96045,1) 9958
(50148,1) 9389
(7148,1) 9337
(8502,1) 9884
(69783,1) 9621
(24468,1) 10106
(65065,1) 9383
(64439,1) 9289
(42722,1) 9674
(4701,1) 9916
(3777,1) 9346
(47709,1) 9434
(79121,1) 9944
(15229,1) 10381
(78340,1) 9901
(27362,1) 9746
(38608,1) 9932
(1676,1) 9900
(42580,1) 10160
(82436,1) 10034
(92805,1) 10229
(43702,1) 9822
(90622,1) 9816
(93467,1) 8898
(84084,1) 9654
(30085,1) 9837
(14263,1) 9545
(56871,1) 9291
(36057,1) 9835
(43515,1) 10158
(72730,1) 10097
(66192,1) 10186
(44279,1) 9625
(89594,1) 9889
(3789,1) 9352
(74706,1) 9328
(38580,1) 10042
(14311,1) 9861
(44116,1) 9881
(3619,1) 9371
(20680,1) 9081
(41080,1) 9504
(51570,1) 9994
(49243,1) 9942
(10462,1) 9254
(82133,1) 9265
(51684,1) 10398
(84214,1) 9776
(32142,1) 9681
(64520,1) 10336
(20565,1) 9218
(13482,1) 9783
(84059,1) 10385
(71670,1) 9656
(10335,1) 9910
(93768,1) 10216
(30610,1) 10099
(55545,1) 10526
(99638,1) 10246
(6210,1) 9861
(24294,1) 9659
(82935,1) 9471
(59764,1) 9656
(71146,1) 10223
(43933,1) 9344
(943,1) 9561
(23006,1) 9628
(20029,1) 9304
(28897,1) 10297
(31771,1) 9799
(47710,1) 9603
(96371,1) 9720
(71321,1) 9852
(2476,1) 10357
(88944,1) 9180
(45315,1) 9396
(26562,1) 9432
(38013,1) 10073
(75320,1) 9620
(53011,1) 9772
(82887,1) 9780
(76084,1) 9208
(10099,1) 9313
(63334,1) 10135
(71531,1) 9436
(28699,1) 10009
(65415,1) 9314
(48347,1) 9531
(45442,1) 9027
(70905,1) 9462
(89701,1) 10214
(72717,1) 9570
(39592,1) 10018
(61391,1) 9709
(95747,1) 9167
(51282,1) 9381
(21943,1) 9634
(69374,1) 9294
(50392,1) 10382
(5250,1) 9664
(94995,1) 9688
(19067,1) 9741
(63094,1) 9666
(90472,1) 9175
(86274,1) 9702
(11465,1) 9633
(64362,1) 9258
(44872,1) 9584
(77064,1) 9710
(6290,1) 10284
(967,1) 10021
(80360,1) 9917
(41170,1) 9465
(23139,1) 10097
(62123,1) 9968
(62707,1) 9551
(73263,1) 9765
(45417,1) 9974
(11190,1) 9649
(66131,1) 9782
(12916,1) 10208
(84940,1) 10029
(27306,1) 9316
(16603,1) 9086
(10413,1) 9513
(60285,1) 9764
(85992,1) 9520
(62330,1) 9893
(57837,1) 9781
(84939,1) 9242
(15713,1) 10016
(90862,1) 9838
(68370,1) 10382
(95565,1) 9415
(33183,1) 9778
(48948,1) 9650
(63369,1) 9137
(75409,1) 9654
(84964,1) 9787
(91030,1) 9522
(13932,1) 9818
(89883,1) 9614
(14696,1) 9217
(77283,1) 9427
(92046,1) 9414
(23415,1) 9243
(71985,1) 9566
(35820,1) 9480
(36771,1) 9332
(56647,1) 9840
(18003,1) 9395
(40430,1) 10015
(97334,1) 9983
(43831,1) 10148
(8999,1) 9872
(32118,1) 10096
(47437,1) 9976
(53785,1) 9551
(88716,1) 9399
(98439,1) 10049
(28046,1) 10097
(22870,1) 9912
(39807,1) 8886
(57091,1) 10363
(73913,1) 10116
(58156,1) 10019
(9943,1) 9715
(23152,1) 9215
(12079,1) 9334
(25631,1) 9608
(60597,1) 9391
(18660,1) 9391
(15725,1) 9869
(77361,1) 9500
(6107,1) 9452
(83728,1) 9464
(34657,1) 9650
(7488,1) 9423
(39957,1) 9371
(74599,1) 10134
(77624,1) 10069
(67236,1) 8814
(84988,1) 9827
(42381,1) 9163
(38930,1) 9759
(54488,1) 9605
(32106,1) 9946
(71231,1) 9537
(35215,1) 9053
(52537,1) 10015
(51594,1) 10356
(83018,1) 9513
(17379,1) 9750
(40039,1) 9773
(31873,1) 9621
(94573,1) 9992
(56399,1) 9428
(65512,1) 9870
(26695,1) 10117
(63411,1) 9345
(27476,1) 8909
(9570,1) 9302
(84542,1) 10142
(23870,1) 9774
(213,1) 9542
(81757,1) 9475
(90646,1) 10212
(99958,1) 9419
(20849,1) 9995
(79798,1) 9966
(448,1) 9491
(61597,1) 9757
(1286,1) 9296
(42567,1) 9271
(35240,1) 9741
(40575,1) 9858
(70280,1) 9717
(51124,1) 9507
(36795,1) 9989
(39041,1) 8754
(94029,1) 9382
(76778,1) 10265
(98261,1) 9486
(89611,1) 9502
(84359,1) 10121
(48624,1) 9439
(98037,1) 9630
(41563,1) 9779
(23882,1) 10562
(30394,1) 9768
(82080,1) 9861
(2960,1) 9693
(98845,1) 8713
(91589,1) 9355
(63394,1) 9175
(54156,1) 9757
(60025,1) 9444
(2566,1) 9550
(64610,1) 9414
(80558,1) 9418
(85311,1) 10271
(55854,1) 9668
(80988,1) 9481
(11652,1) 10176
(58290,1) 9510
(16639,1) 10534
(95801,1) 9631
(85534,1) 9481
(46482,1) 9646
(91590,1) 9872
(38917,1) 9613
(70068,1) 9439
(26906,1) 10546
(62069,1) 9776
(72560,1) 9722
(225,1) 9486
(46867,1) 9712
(63423,1) 9254
(84124,1) 9287
(63779,1) 10025
(5598,1) 9633
(30909,1) 9523
(97845,1) 8924
(88728,1) 9433
(91776,1) 8804
(97074,1) 9976
(39028,1) 9311
(93098,1) 9896
(31649,1) 10008
(10401,1) 9990
(54830,1) 9826
(65106,1) 9468
(4112,1) 8718
(94472,1) 9830
(52188,1) 10211
(72559,1) 9547
(99143,1) 9744
(33158,1) 9450
(33406,1) 10035
(52623,1) 9748
(63609,1) 9451
(39856,1) 9297
(2773,1) 9987
(42543,1) 9826
(61747,1) 9628
(30369,1) 9514
(54842,1) 9495
(24034,1) 10012
(41916,1) 9243
(73872,1) 9900
(3112,1) 10073
(95216,1) 9658
(40823,1) 9415
(1785,1) 9565
(50866,1) 9582
(77511,1) 9832
(27683,1) 9986
(94983,1) 9559
(60573,1) 9561
(79985,1) 9874
(83242,1) 9460
(75393,1) 9302
(25590,1) 10292
(4294,1) 9658
(95553,1) 9941
(21420,1) 9808
(11340,1) 9242
(32836,1) 10060
(23464,1) 9098
(77859,1) 9386
(71791,1) 9749
(47413,1) 9992
(67816,1) 9073
(19441,1) 9362
(18920,1) 9516
(16024,1) 10018
(24848,1) 9428
(83151,1) 9603
(14003,1) 9422
(31029,1) 10085
(99222,1) 9255
(74834,1) 9062
(62450,1) 9644
(85057,1) 9655
(37081,1) 9257
(48,1) 9400
(89889,1) 9513
(67507,1) 9605
(39675,1) 9775
(87742,1) 9732
(95650,1) 9278
(6386,1) 10250
(17522,1) 9567
(14015,1) 9305
(22025,1) 9677
(47583,1) 9303
(91619,1) 9721
(46989,1) 9900
(16928,1) 9325
(66238,1) 9113
(78749,1) 9141
(71671,1) 10499
(18950,1) 10022
(24861,1) 9246
(43300,1) 9433
(2585,1) 9338
(73361,1) 9991
(62437,1) 10119
(33141,1) 8898
(81932,1) 9855
(50970,1) 10076
(58355,1) 9326
(87983,1) 9627
(13708,1) 9869
(32698,1) 9308
(90477,1) 10261
(60645,1) 9160
(31934,1) 9162
(79183,1) 10178
(59816,1) 9982
(7643,1) 9680
(29185,1) 9936
(33931,1) 9513
(20155,1) 9671
(37617,1) 9878
(64320,1) 9595
(44154,1) 9981
(17681,1) 9555
(40353,1) 10090
(14039,1) 9426
(88908,1) 9257
(22978,1) 9848
(11838,1) 9673
(77366,1) 9872
(66963,1) 10548
(18069,1) 10086
(98170,1) 9330
(3637,1) 9546
(99361,1) 9570
(92474,1) 9453
(29095,1) 9945
(59877,1) 9495
(62221,1) 10224
(41826,1) 9425
(92347,1) 9707
(55950,1) 9795
(26706,1) 9993
(44281,1) 9882
(20143,1) 9694
(94188,1) 9768
(18082,1) 9458
(54746,1) 9332
(39626,1) 9255
(44142,1) 9608
(11195,1) 9829
(80192,1) 9513
(6169,1) 9441
(47113,1) 9499
(61156,1) 10047
(49338,1) 10314
(49961,1) 9383
(5093,1) 9880
(73385,1) 10115
(18274,1) 9790
(37732,1) 9707
(16114,1) 9285
(97340,1) 9659
(84456,1) 9730
(25564,1) 9134
(79110,1) 9908
(28584,1) 9781
(86236,1) 9441
(26689,1) 10450
(48286,1) 10071
(52942,1) 10125
(20982,1) 9245
(46380,1) 9702
(3198,1) 9914
(45615,1) 9311
(56302,1) 9926
(6452,1) 9564
(63755,1) 9852
(3662,1) 9830
(21510,1) 9274
(61722,1) 9620
(79109,1) 9567
(27922,1) 8933
(16331,1) 10082
(73655,1) 9493
(6464,1) 8880
(58523,1) 9929
(19563,1) 9680
(5315,1) 10021
(71622,1) 9322
(1165,1) 9175
(14424,1) 9352
(2548,1) 9714
(51932,1) 9976
(1526,1) 10579
(43606,1) 9632
(55835,1) 10021
(55860,1) 9851
(23228,1) 10100
(70365,1) 9239
(88004,1) 9747
(3523,1) 10180
(86109,1) 9878
(49068,1) 9593
(86375,1) 9656
(48159,1) 9585
(49985,1) 10002
(71761,1) 9854
(58380,1) 9413
(12301,1) 9657
(82991,1) 10016
(7606,1) 10132
(9370,1) 9598
(60580,1) 9995
(61848,1) 10338
(55045,1) 9972
(50777,1) 9601
(98055,1) 9907
(9684,1) 9802
(79212,1) 9761
(57729,1) 9936
(18913,1) 9063
(4418,1) 9983
(23760,1) 9535
(49020,1) 9772
(36487,1) 9620
(50245,1) 9527
(39512,1) 9832
(2291,1) 9669
(8105,1) 9417
(25413,1) 10128
(95560,1) 9400
(71532,1) 9485
(32539,1) 9141
(55998,1) 9701
(23518,1) 10103
(81040,1) 10175
(21612,1) 9834
(57603,1) 9915
(48021,1) 9944
(4804,1) 9287
(71217,1) 9983
(16355,1) 9454
(81412,1) 9247
(45652,1) 9800
(47419,1) 10199
(55708,1) 9453
(70390,1) 8963
(30506,1) 9564
(99475,1) 9821
(47407,1) 9122
(33853,1) 9616
(62462,1) 9014
(51232,1) 9952
(12296,1) 9983
(26551,1) 9505
(10275,1) 9503
(92257,1) 9365
(87922,1) 10394
(28306,1) 9670
(23772,1) 10154
(54836,1) 9397
(83199,1) 9335
(38791,1) 9806
(27307,1) 10177
(66938,1) 9680
(40702,1) 9849
(48418,1) 9621
(61193,1) 9835
(49302,1) 9984
(88118,1) 9676
(85901,1) 9766
(42862,1) 9469
(88559,1) 9628
(48033,1) 9852
(34164,1) 9874
(15140,1) 9627
(72349,1) 10093
(86056,1) 9880
(8309,1) 9744
(51889,1) 9050
(86973,1) 9140
(34989,1) 9307
(76392,1) 9514
(48237,1) 9701
(30145,1) 9375
(64671,1) 9431
(34977,1) 9608
(30935,1) 9469
(25962,1) 9843
(24499,1) 9864
(77509,1) 10128
(1243,1) 10062
(78389,1) 9631
(5261,1) 9906
(97871,1) 9460
(88547,1) 10218
(41171,1) 9404
(64807,1) 9049
(40063,1) 9447
(44540,1) 9276
(70696,1) 9728
(79532,1) 9748
(58831,1) 10003
(42976,1) 9901
(72362,1) 9550
(40980,1) 10197
(75018,1) 10004
(37912,1) 9220
(21919,1) 9649
(69132,1) 9609
(8654,1) 9935
(78390,1) 9740
(44424,1) 10165
(256,1) 10130
(88855,1) 10455
(9098,1) 10239
(24258,1) 10065
(51853,1) 8948
(15218,1) 9413
(53851,1) 10381
(55757,1) 10366
(2054,1) 9675
(80957,1) 9332
(96406,1) 9634
(20504,1) 9078
(35204,1) 9086
(99753,1) 9287
(29100,1) 9081
(31403,1) 9345
(5593,1) 9498
(81515,1) 9767
(56200,1) 9440
(63943,1) 10028
(23404,1) 9305
(8629,1) 9489
(65331,1) 10022
(80577,1) 9863
(69626,1) 9168
(91591,1) 9459
(89918,1) 9710
(63243,1) 9187
(15864,1) 9874
(44412,1) 9546
(65825,1) 9681
(58155,1) 9440
(1435,1) 9345
(50516,1) 9535
(1882,1) 9337
(75603,1) 9739
(26200,1) 10090
(23175,1) 9852
(82086,1) 9662
(10872,1) 9242
(71930,1) 9246
(32805,1) 9784
(42682,1) 9239
(61144,1) 9640
(28343,1) 10058
(66884,1) 9979
(28240,1) 9863
(66643,1) 9772
(64410,1) 9693
(40787,1) 9918
(71291,1) 9844
(71966,1) 10025
(38730,1) 8773
(9833,1) 9729
(88470,1) 9625
(94230,1) 9823
(91451,1) 10026
(67081,1) 9522
(38833,1) 9944
(62842,1) 9578
(4890,1) 9756
(76210,1) 9383
(90102,1) 9653
(53489,1) 9767
(38506,1) 9795
(47866,1) 9509
(62618,1) 9837
(26357,1) 9768
(68211,1) 9671
(36577,1) 9517
(69921,1) 10442
(94483,1) 8937
(69336,1) 9474
(66896,1) 8592
(13385,1) 9204
(12850,1) 9727
(9713,1) 10014
(34916,1) 9859
(310,1) 9865
(29389,1) 9709
(78684,1) 10007
(93436,1) 9547
(28367,1) 9689
(14515,1) 9243
(94832,1) 10588
(41802,1) 9888
(6796,1) 9417
(78804,1) 9215
(23055,1) 9556
(93357,1) 9614
(99994,1) 9764
(45718,1) 9498
(75652,1) 10507
(34086,1) 9611
(26370,1) 9205
(13618,1) 9355
(37405,1) 9123
(39470,1) 9994
(19326,1) 9417
(6121,1) 10047
(16977,1) 9973
(39295,1) 9312
(23441,1) 9394
(1857,1) 9801
(87054,1) 9860
(97635,1) 9647
(10341,1) 9573
(2332,1) 9412
(79556,1) 9925
(17420,1) 9914
(84709,1) 9531
(32474,1) 9511
(40390,1) 9740
(41146,1) 10038
(86857,1) 9334
(64152,1) 9961
(81732,1) 9841
(39283,1) 10397
(66304,1) 9454
(56224,1) 9913
(57676,1) 9509
(52376,1) 9750
(15839,1) 9548
(68778,1) 9467
(14383,1) 9666
(83567,1) 9672
(35693,1) 9661
(34671,1) 9362
(96680,1) 9026
(59455,1) 8992
(78672,1) 9619
(26743,1) 9126
(93718,1) 9427
(18486,1) 10159
(53506,1) 9471
(98959,1) 10019
(98645,1) 9430
(87730,1) 9371
(98387,1) 9227
(86280,1) 9701
(4033,1) 9499
(22369,1) 10372
(41404,1) 9968
(43987,1) 9322
(48002,1) 9893
(11115,1) 9978
(14702,1) 9754
(11905,1) 9731
(66595,1) 9661
(13812,1) 9465
(68730,1) 10193
(97660,1) 9077
(86520,1) 9556
(64814,1) 9495
(48804,1) 10222
(84499,1) 9794
(27851,1) 10008
(46107,1) 9574
(80824,1) 9905
(99566,1) 9672
(49568,1) 9939
(50295,1) 9783
(73257,1) 9976
(54336,1) 10107
(80572,1) 9373
(37172,1) 10135
(11001,1) 9134
(83381,1) 9741
(23121,1) 9401
(40262,1) 9597
(78841,1) 9744
(61880,1) 9761
(83597,1) 10132
(9755,1) 9570
(31591,1) 9247
(48906,1) 9165
(99578,1) 9734
(52190,1) 9217
(96896,1) 9754
(13009,1) 9899
(58137,1) 9512
(38416,1) 10759
(66835,1) 9303
(86519,1) 9949
(55226,1) 9669
(90157,1) 9159
(4859,1) 9894
(13926,1) 10112
(64838,1) 9299
(42204,1) 9974
(29733,1) 9742
(96794,1) 9672
(44787,1) 9263
(17764,1) 10139
(11140,1) 10133
(12657,1) 9711
(38164,1) 9398
(11942,1) 9792
(29117,1) 9862
(23296,1) 9430
(71441,1) 9627
(17649,1) 9146
(18527,1) 9602
(46120,1) 9748
(22165,1) 9254
(12784,1) 9610
(41930,1) 9616
(77698,1) 8886
(20312,1) 9045
(62680,1) 9552
(48014,1) 9279
(20451,1) 9745
(1109,1) 9424
(88149,1) 10163
(39241,1) 9683
(57272,1) 9602
(11954,1) 9124
(39318,1) 10242
(64000,1) 9459
(2126,1) 9907
(1876,1) 9663
(45869,1) 9735
(37358,1) 9758
(72318,1) 9818
(42132,1) 9621
(87260,1) 9784
(34705,1) 9558
(39380,1) 10482
(10950,1) 9367
(63858,1) 9393
(41792,1) 10027
(97485,1) 9607
(94247,1) 9516
(52370,1) 9104
(51702,1) 9441
(7921,1) 10244
(54276,1) 9258
(43118,1) 9946
(55389,1) 9660
(75217,1) 10247
(93116,1) 9585
(53500,1) 9831
(25341,1) 10189
(25328,1) 9754
(62860,1) 8971
(69554,1) 9360
(46735,1) 9626
(67436,1) 9563
(32679,1) 10050
(37713,1) 9703
(35457,1) 9998
(87573,1) 9786
(50560,1) 10096
(3090,1) 9530
(94826,1) 9520
(82292,1) 8937
(38501,1) 10032
(54637,1) 10414
(55418,1) 9495
(52731,1) 9451
(88703,1) 9339
(18191,1) 9326
(44014,1) 10037
(44033,1) 9494
(37725,1) 9527
(10160,1) 9051
(74992,1) 9604
(66510,1) 9465
(11302,1) 9595
(29154,1) 10205
(81901,1) 10027
(443,1) 10140
(97701,1) 9698
(82665,1) 9369
(64615,1) 10509
(98754,1) 9759
(6881,1) 9565
(80740,1) 9307
(54649,1) 9546
(3118,1) 10067
(53524,1) 9324
(61578,1) 9753
(32468,1) 9500
(98465,1) 9563
(62708,1) 9801
(77071,1) 9820
(22519,1) 9597
(98640,1) 9603
(43046,1) 9336
(17414,1) 9542
(58101,1) 10523
(30688,1) 9524
(40070,1) 8999
(85666,1) 9890
(92757,1) 9869
(85479,1) 10139
(47590,1) 9838
(71074,1) 9522
(81726,1) 9405
(39290,1) 9613
(13951,1) 9379
(6778,1) 10019
(36372,1) 10391
(50535,1) 9531
(39277,1) 9281
(83820,1) 8910
(27875,1) 9335
(44955,1) 9313
(95921,1) 9394
(6579,1) 10255
(36257,1) 9382
(36631,1) 9861
(18166,1) 9117
(78992,1) 10004
(32655,1) 9456
(60814,1) 9590
(96745,1) 9693
(59064,1) 9431
(32782,1) 9434
(72403,1) 9367
(33400,1) 9691
(25981,1) 9789
(56544,1) 9270
(36185,1) 9743
(15025,1) 9637
(24957,1) 9767
(87645,1) 8976
(89207,1) 9646
(2820,1) 9643
(17504,1) 9870
(2247,1) 9264
(29316,1) 9343
(41857,1) 10354
(74943,1) 10122
(83374,1) 9110
(58361,1) 9529
(64705,1) 10331
(10219,1) 10062
(95060,1) 10232
(82610,1) 9490
(67834,1) 9938
(85738,1) 9567
(38217,1) 10560
(60079,1) 9706
(67948,1) 9962
(92503,1) 9732
(85406,1) 9875
(69741,1) 9719
(83844,1) 9382
(93750,1) 9561
(75375,1) 9160
(42289,1) 9304
(154,1) 9580
(31939,1) 9371
(2832,1) 10031
(71127,1) 9786
(87313,1) 9613
(91511,1) 9594
(62811,1) 8827
(34851,1) 9845
(37303,1) 9929
(34278,1) 9271
(18256,1) 9988
(58921,1) 10064
(23621,1) 8846
(41833,1) 9176
(72107,1) 9820
(88674,1) 10035
(60320,1) 9650
(80106,1) 9422
(26189,1) 9858
(22491,1) 9825
(32956,1) 9799
(26280,1) 9416
(35318,1) 9808
(64145,1) 10168
(12204,1) 9721
(75285,1) 9839
(76290,1) 10100
(84414,1) 9613
(61234,1) 9573
(74918,1) 9611
(64899,1) 9709
(26599,1) 9594
(8950,1) 9739
(77180,1) 9689
(42837,1) 9637
(15917,1) 9466
(68814,1) 9848
(67286,1) 10136
(7547,1) 10203
(46241,1) 9114
(11646,1) 9225
(53682,1) 9310
(61976,1) 9751
(92872,1) 9645
(87337,1) 10470
(30972,1) 9884
(75297,1) 9738
(11248,1) 10591
(65952,1) 10151
(34254,1) 9709
(86767,1) 9561
(74781,1) 9895
(76427,1) 9638
(46626,1) 10038
(79139,1) 9531
(8564,1) 9517
(49966,1) 10360
(23048,1) 9863
(18841,1) 9424
(14480,1) 9606
(90393,1) 10023
(25896,1) 9336
(46042,1) 9848
(44666,1) 9511
(59299,1) 9325
(9839,1) 9815
(77752,1) 9647
(90332,1) 9677
(24945,1) 9670
(42452,1) 10042
(24681,1) 9188
(77179,1) 9933
(90965,1) 8818
(56134,1) 9149
(80053,1) 10063
(86195,1) 10025
(26587,1) 9019
(8503,1) 10002
(48135,1) 10087
(69566,1) 9661
(8697,1) 9358
(83097,1) 8803
(41435,1) 9604
(21462,1) 10393
(11821,1) 9610
(97218,1) 9898
(73643,1) 9019
(85564,1) 9614
(63749,1) 9949
(46030,1) 9537
(26798,1) 9879
(76675,1) 9446
(65060,1) 9332
(35011,1) 9273
(5677,1) 9538
(61831,1) 9651
(17106,1) 9971
(62039,1) 9501
(2301,1) 9947
(28137,1) 9646
(80650,1) 9498
(25117,1) 9345
(91892,1) 9467
(62956,1) 8987
(12151,1) 9658
(91681,1) 9810
(38960,1) 9566
(51576,1) 9546
(99867,1) 9049
(31790,1) 9861
(12187,1) 9857
(45248,1) 9936
(44480,1) 10014
(41671,1) 9968
(34217,1) 9516
(43342,1) 9591
(21859,1) 9885
(75338,1) 9190
(64278,1) 9224
(69578,1) 10127
(68441,1) 9543
(10865,1) 10259
(20758,1) 9486
(6819,1) 9886
(91324,1) 9967
(7601,1) 9686
(66546,1) 9662
(21896,1) 10450
(30802,1) 9755
(12946,1) 9779
(97749,1) 9163
(6657,1) 9714
(9093,1) 10003
(80276,1) 9751
(80089,1) 9549
(77010,1) 9856
(5308,1) 9778
(65433,1) 9971
(41086,1) 10002
(64489,1) 9648
(8738,1) 9442
(43565,1) 9872
(6820,1) 9966
(35379,1) 10092
(57621,1) 9277
(23381,1) 9895
(43739,1) 9952
(6061,1) 9977
(99072,1) 9558
(56093,1) 9240
(38018,1) 9491
(65806,1) 9245
(50994,1) 9573
(77208,1) 9932
(55527,1) 9440
(17475,1) 9517
(63900,1) 9708
(13885,1) 9883
(51552,1) 9666
(22255,1) 10056
(15779,1) 9709
(22442,1) 8977
(65234,1) 9812
(39343,1) 9920
(33099,1) 10111
(43938,1) 9165
(13305,1) 10074
(76265,1) 10157
(29076,1) 10126
(71338,1) 10162
(85207,1) 9140
(61632,1) 9561
