(89374,1) 14726
(38417,1) 1
(6593,1) 16843
(92108,1) 19949
(57819,1) 15038
(98767,1) 32531
(86142,1) 34227
(59153,1) 15743
(87479,1) 15052
(72412,1) 16922
(30929,1) 15267
(83517,1) 31043
(12612,1) 13694
(1454,1) 1
(96231,1) 19629
(62014,1) 15923
(44545,1) 15629
(99829,1) 14573
(95408,1) 14893
(37321,1) 6743
(89053,1) 14990
(25004,1) 15060
(15868,1) 15287
(41255,1) 14914
(72905,1) 14719
(45698,1) 15780
(71190,1) 15209
(25396,1) 16452
(97143,1) 15008
(27291,1) 15811
(45768,1) 15239
(74983,1) 14737
(9676,1) 15847
(54014,1) 15492
(6374,1) 30475
(99759,1) 18247
(51573,1) 14577
(41439,1) 15041
(26606,1) 33867
(3786,1) 15286
(21571,1) 14940
(44042,1) 18549
(7872,1) 15716
(39319,1) 15701
(22692,1) 15942
(98779,1) 30616
(17180,1) 15228
(60338,1) 18581
(39252,1) 15952
(47741,1) 15344
(12038,1) 14510
(38648,1) 28889
(169,1) 20699
(17901,1) 1
(69312,1) 15096
(9204,1) 14543
(14929,1) 2
(64541,1) 18046
(67280,1) 13246
(94621,1) 15364
(9365,1) 15477
(28800,1) 15496
(89155,1) 1
(62908,1) 15728
(25339,1) 14973
(78404,1) 18525
(48884,1) 14918
(3351,1) 15685
(95480,1) 16377
(18643,1) 14957
(43115,1) 20783
(47422,1) 15225
(56641,1) 15605
(15297,1) 15845
(31146,1) 15541
(88325,1) 17206
(68935,1) 15322
(20247,1) 14891
(70199,1) 15585
(85250,1) 1
(21595,1) 40475
(13398,1) 29767
(96379,1) 19448
(3649,1) 15173
(93998,1) 19221
(7692,1) 19288
(59738,1) 15844
(57100,1) 16901
(46048,1) 16267
(56745,1) 39539
(48174,1) 14807
(81922,1) 30515
(88540,1) 19894
(1259,1) 41383
(88265,1) 1
(83630,1) 14872
(10100,1) 16044
(46818,1) 16893
(17065,1) 15054
(82228,1) 16984
(71638,1) 15073
(80444,1) 1
(93364,1) 1
(94070,1) 30585
(28876,1) 15240
(86849,1) 38518
(47780,1) 15161
(28503,1) 15080
(40873,1) 14771
(33581,1) 15661
(44513,1) 15377
(8920,1) 1
(67494,1) 29614
(81082,1) 15265
(30750,1) 15240
(9953,1) 14734
(7577,1) 19272
(49589,1) 15678
(55217,1) 15512
(68320,1) 15285
(60266,1) 30554
(67562,1) 14625
(15985,1) 16882
(11078,1) 15067
(29967,1) 16422
(58335,1) 16809
(2685,1) 15069
(8988,1) 30152
(65122,1) 15674
(23074,1) 17950
(88315,1) 14371
(3328,1) 15215
(82527,1) 15093
(81448,1) 1
(60580,1) 15129
(83515,1) 15187
(22064,1) 15334
(6349,1) 31540
(41420,1) 15599
(93827,1) 29659
(11542,1) 14524
(16177,1) 19347
(48869,1) 15299
(69669,1) 16921
(74109,1) 1
(1396,1) 16816
(65742,1) 15572
(95256,1) 14953
(63008,1) 15301
(41211,1) 21036
(97838,1) 19709
(33610,1) 15390
(37873,1) 16215
(23132,1) 1
(32110,1) 1
(62345,1) 1
(4370,1) 20503
(28539,1) 16665
(30759,1) 14677
(64031,1) 14925
(36117,1) 14796
(56986,1) 15444
(80282,1) 1
(66321,1) 16016
(15399,1) 15436
(21239,1) 31122
(88024,1) 15626
(26738,1) 14717
(58206,1) 15281
(7638,1) 20110
(74564,1) 15323
(93444,1) 19089
(13624,1) 15083
(38350,1) 18155
(36594,1) 1
(7324,1) 1
(75855,1) 18681
(70983,1) 16698
(6090,1) 17118
(4734,1) 15614
(31236,1) 16987
(25600,1) 15289
(58812,1) 15487
(44884,1) 38228
(81689,1) 15898
(52580,1) 15968
(45838,1) 15161
(11671,1) 15002
(24308,1) 15480
(83318,1) 30384
(99860,1) 17350
(59973,1) 1
(79688,1) 14768
(20123,1) 16974
(9694,1) 15590
(57206,1) 19729
(73950,1) 15160
(19525,1) 14773
(84093,1) 20571
(92114,1) 17184
(76448,1) 30322
(98119,1) 27384
(15346,1) 14665
(21622,1) 17679
(99274,1) 31291
(11545,1) 15546
(97196,1) 15516
(30145,1) 15836
(33216,1) 15603
(22284,1) 31010
(8928,1) 15199
(14547,1) 15322
(76770,1) 15317
(66176,1) 15653
(71309,1) 16606
(98670,1) 15093
(60194,1) 20295
(25458,1) 14868
(87072,1) 15827
(8459,1) 15774
(45532,1) 19749
(29099,1) 15619
(1300,1) 29668
(80830,1) 1
(69592,1) 16080
(23735,1) 15141
(23276,1) 29950
(44217,1) 14817
(41171,1) 15995
(27237,1) 15216
(22330,1) 15406
(94043,1) 15659
(26920,1) 15154
(41949,1) 18439
(70133,1) 15085
(70099,1) 13507
(25915,1) 15329
(41524,1) 30185
(39599,1) 16274
(19125,1) 15904
(3469,1) 15144
(20639,1) 17036
(8320,1) 31279
(37442,1) 16042
(96053,1) 15159
(38951,1) 38210
(4978,1) 15138
(53725,1) 15168
(6610,1) 15142
(57814,1) 16239
(28347,1) 18612
(40406,1) 14901
(99217,1) 15720
(28333,1) 15347
(63000,1) 19389
(64844,1) 15228
(20585,1) 15072
(94286,1) 15762
(92964,1) 15549
(28998,1) 1
(609,1) 1
(38218,1) 1
(1324,1) 15808
(13992,1) 14977
(36000,1) 1
(55861,1) 1
(33034,1) 15378
(8664,1) 17386
(29910,1) 30516
(93748,1) 1
(15886,1) 15475
(56948,1) 15667
(22698,1) 18746
(13567,1) 1
(71435,1) 15114
(23404,1) 14266
(42848,1) 14886
(20516,1) 20820
(15302,1) 16876
(35155,1) 6673
(48582,1) 15557
(23461,1) 14737
(88319,1) 14736
(94605,1) 19038
(44434,1) 30113
(75433,1) 15508
(61999,1) 15281
(61680,1) 31177
(79360,1) 17782
(56762,1) 15226
(27250,1) 19259
(18201,1) 36855
(37143,1) 15200
(85587,1) 14922
(31719,1) 20382
(78753,1) 29263
(37135,1) 15735
(91451,1) 1
(46505,1) 1
(10091,1) 15032
(50405,1) 14829
(3794,1) 15829
(77335,1) 15318
(36182,1) 15322
(40534,1) 15515
(36474,1) 1
(36062,1) 13958
(67923,1) 14965
(29296,1) 15487
(32845,1) 15294
(98272,1) 15283
(81768,1) 15237
(77881,1) 30114
(52202,1) 19034
(81419,1) 15482
(13093,1) 6577
(78370,1) 15086
(1332,1) 1
(12267,1) 15365
(28418,1) 15517
(44761,1) 14947
(32127,1) 1
(26461,1) 16653
(1813,1) 18764
(10653,1) 31225
(81999,1) 1
(67631,1) 14957
(23743,1) 15075
(68022,1) 31172
(32243,1) 31686
(2376,1) 18141
(48601,1) 30092
(75952,1) 17547
(46598,1) 15347
(59374,1) 1
(26976,1) 15841
(62933,1) 19787
(69590,1) 2
(2612,1) 15097
(32766,1) 15601
(95554,1) 32863
(30103,1) 19189
(26662,1) 15185
(18651,1) 15850
(39727,1) 19575
(94891,1) 14912
(98539,1) 18191
(64830,1) 15540
(94962,1) 36504
(97343,1) 16531
(16117,1) 30703
(41390,1) 15003
(155,1) 15219
(27534,1) 1
(66724,1) 14663
(8131,1) 17606
(41495,1) 15216
(68768,1) 30377
(70433,1) 15720
(75605,1) 1
(67348,1) 15244
(58350,1) 20575
(54202,1) 15321
(48819,1) 18231
(51691,1) 13853
(57885,1) 15649
(37973,1) 18400
(30182,1) 15611
(81788,1) 19203
(76721,1) 14979
(14791,1) 31171
(83975,1) 15682
(27313,1) 1
(46051,1) 30100
(26193,1) 1
(71779,1) 27800
(49562,1) 30028
(79230,1) 19278
(70630,1) 15431
(5855,1) 15562
(46866,1) 1
(80894,1) 14685
(95168,1) 30468
(44377,1) 18625
(22767,1) 15477
(94856,1) 15045
(18000,1) 1
(60935,1) 15182
(32440,1) 6728
(17872,1) 30145
(32346,1) 15165
(62478,1) 15025
(20035,1) 1
(89076,1) 14794
(37424,1) 19626
(90821,1) 16618
(10065,1) 15902
(9882,1) 18227
(87811,1) 18375
(251,1) 14760
(15833,1) 15527
(59096,1) 15660
(21193,1) 15005
(88862,1) 14719
(25074,1) 15455
(3658,1) 14739
(89900,1) 17597
(29551,1) 20734
(44270,1) 15151
(48197,1) 15456
(28317,1) 29635
(80389,1) 14676
(50672,1) 14733
(80068,1) 15019
(9538,1) 18477
(72883,1) 15876
(21594,1) 15849
(28706,1) 15351
(54772,1) 15213
(26720,1) 15023
(57247,1) 15353
(14233,1) 15758
(60681,1) 16306
(70127,1) 15605
(29070,1) 15238
(68387,1) 15640
(30048,1) 1
(80550,1) 15019
(31945,1) 1
(1705,1) 6712
(48175,1) 14932
(89739,1) 31380
(74823,1) 1
(38441,1) 15298
(85206,1) 15042
(39834,1) 14910
(72056,1) 15537
(42467,1) 15775
(17672,1) 19714
(58986,1) 15623
(68110,1) 16900
(22851,1) 15511
(24952,1) 1
(90432,1) 15755
(3407,1) 16293
(2676,1) 15132
(49510,1) 14900
(85503,1) 15808
(96152,1) 14990
(5735,1) 15490
(72766,1) 1
(7851,1) 14842
(7630,1) 18633
(35359,1) 15779
(91446,1) 16074
(86992,1) 35294
(63453,1) 15085
(3534,1) 15820
(37045,1) 15619
(21375,1) 20127
(41782,1) 16574
(74031,1) 15161
(43462,1) 20945
(60989,1) 15054
(1066,1) 14798
(40364,1) 15404
(6559,1) 15512
(26904,1) 15318
(18333,1) 1
(89258,1) 15218
(62772,1) 19032
(57237,1) 15777
(77686,1) 14889
(83927,1) 15753
(7267,1) 14836
(37298,1) 17282
(38864,1) 15626
(14429,1) 19284
(62920,1) 15384
(94335,1) 15207
(61079,1) 14786
(69702,1) 18684
(2732,1) 15277
(3683,1) 30096
(57612,1) 15379
(58976,1) 14680
(69048,1) 15930
(33244,1) 15172
(50719,1) 14753
(28111,1) 15054
(35826,1) 13675
(30503,1) 15617
(85838,1) 15753
(14556,1) 18178
(30664,1) 15342
(25729,1) 16516
(19967,1) 15305
(941,1) 15067
(78002,1) 1
(33769,1) 15494
(23520,1) 15082
(27877,1) 15412
(28899,1) 15608
(34527,1) 14786
(56893,1) 14889
(25747,1) 14857
(72449,1) 15022
(73552,1) 14983
(3593,1) 15183
(69480,1) 17200
(65638,1) 19202
(51989,1) 1
(57731,1) 1
(92839,1) 30721
(21109,1) 15898
(52255,1) 16607
(55326,1) 14965
(65656,1) 15165
(72810,1) 30703
(953,1) 16267
(25553,1) 15198
(81831,1) 15477
(31026,1) 15180
(84518,1) 15130
(52170,1) 16905
(4140,1) 14933
(37558,1) 16198
(78736,1) 16888
(56427,1) 16275
(21888,1) 15286
(8484,1) 31443
(89744,1) 14968
(30204,1) 6781
(34746,1) 13983
(24759,1) 16376
(73095,1) 13428
(71365,1) 14681
(37685,1) 30622
(62927,1) 14870
(28780,1) 17026
(16984,1) 15315
(4350,1) 15237
(69143,1) 17318
(54606,1) 14870
(48498,1) 14822
(53827,1) 30547
(73494,1) 15472
(83215,1) 15952
(3118,1) 20236
(46859,1) 15614
(49894,1) 17085
(50883,1) 16765
(59252,1) 15335
(97909,1) 15207
(85560,1) 15524
(11962,1) 15425
(46662,1) 15140
(70309,1) 16402
(70344,1) 15036
(61882,1) 19234
(87466,1) 15259
(26467,1) 1
(20680,1) 19163
(51696,1) 15675
(50579,1) 15104
(40409,1) 1
(6861,1) 15385
(30318,1) 36335
(54755,1) 16661
(74600,1) 31170
(11180,1) 1
(29198,1) 32923
(24062,1) 14704
(23332,1) 17147
(70029,1) 19215
(63206,1) 17092
(38780,1) 30009
(20597,1) 1
(87514,1) 15729
(87841,1) 20041
(38129,1) 15002
(22413,1) 15179
(77738,1) 15665
(20404,1) 15517
(80936,1) 1
(81203,1) 15640
(51987,1) 29654
(24611,1) 13558
(67426,1) 15545
(53721,1) 15262
(28374,1) 1
(55088,1) 14878
(36141,1) 15221
(70483,1) 15764
(85736,1) 18199
(73063,1) 15158
(91807,1) 1
(43289,1) 34120
(11008,1) 18188
(37779,1) 15786
(31203,1) 14783
(94350,1) 15001
(85131,1) 1
(72542,1) 14656
(88608,1) 14762
(1619,1) 15492
(22190,1) 19293
(43734,1) 15297
(51277,1) 15372
(31913,1) 18624
(1234,1) 14467
(17563,1) 14819
(51965,1) 14049
(6987,1) 15218
(19738,1) 15496
(39431,1) 15118
(81970,1) 15692
(32176,1) 13503
(18574,1) 15829
(89944,1) 15722
(84445,1) 15575
(72134,1) 15312
(71856,1) 30223
(21074,1) 15332
(89185,1) 15437
(66284,1) 15587
(61828,1) 16056
(95609,1) 14944
(63094,1) 18026
(51385,1) 15816
(83912,1) 20798
(12057,1) 20409
(41182,1) 15812
(89448,1) 20460
(43717,1) 16111
(99870,1) 15197
(11224,1) 15200
(4967,1) 15005
(40452,1) 16763
(78435,1) 20203
(69522,1) 17081
(38858,1) 1
(66428,1) 15153
(85888,1) 18450
(19433,1) 18439
(23322,1) 15605
(14261,1) 15218
(41948,1) 18168
(24923,1) 1
(39795,1) 15765
(89357,1) 19352
(36242,1) 15363
(56580,1) 15072
(48123,1) 41422
(28528,1) 17152
(35627,1) 33875
(10885,1) 14882
(39840,1) 15097
(90862,1) 15276
(37544,1) 17091
(4154,1) 29882
(28839,1) 15061
(57540,1) 15316
(4611,1) 14696
(66096,1) 16093
(1781,1) 32144
(4313,1) 16230
(84642,1) 31383
(69650,1) 20515
(82897,1) 15620
(33984,1) 14003
(32144,1) 14660
(18394,1) 15428
(39670,1) 15271
(66818,1) 31506
(31976,1) 36470
(16121,1) 15866
(27113,1) 16910
(54365,1) 20513
(93555,1) 15301
(7385,1) 19723
(6805,1) 18087
(5284,1) 1
(63607,1) 15455
(86800,1) 16197
(81227,1) 15801
(2578,1) 14728
(15413,1) 15359
(23312,1) 1
(78459,1) 14890
(88866,1) 18461
(76599,1) 15046
(69384,1) 16107
(15792,1) 30236
(90585,1) 1
(17632,1) 18122
(25147,1) 30428
(25101,1) 19444
(15917,1) 15173
(7682,1) 14621
(85657,1) 15791
(37787,1) 14410
(55150,1) 1
(11111,1) 14872
(93759,1) 14918
(46780,1) 13950
(43902,1) 15531
(98648,1) 15203
(47991,1) 15266
(69956,1) 15232
(35605,1) 15403
(37099,1) 15464
(79658,1) 15223
(43892,1) 1
(90482,1) 20530
(11145,1) 14833
(63173,1) 1
(51787,1) 1
(79189,1) 18287
(60388,1) 15168
(27663,1) 15554
(77223,1) 15990
(32542,1) 15606
(20468,1) 39249
(97450,1) 1
(55139,1) 15508
(40271,1) 15466
(13199,1) 14803
(21671,1) 1
(23990,1) 20749
(26488,1) 14785
(74484,1) 15037
(39505,1) 19802
(19008,1) 14992
(87591,1) 15435
(10861,1) 1
(21120,1) 15203
(26140,1) 1
(59860,1) 16885
(33586,1) 15346
(92914,1) 17774
(23263,1) 20802
(68725,1) 6621
(78983,1) 30605
(22671,1) 18874
(64049,1) 15941
(30812,1) 15828
(44330,1) 16834
(71908,1) 15075
(76194,1) 17111
(64479,1) 14915
(80930,1) 37115
(52810,1) 29644
(96646,1) 34060
(70864,1) 15373
(20466,1) 15791
(98019,1) 15251
(96600,1) 15280
(69394,1) 15858
(8129,1) 15543
(61413,1) 17129
(12490,1) 15302
(29926,1) 13740
(6028,1) 13469
(87763,1) 16829
(96577,1) 15049
(87660,1) 20822
(65175,1) 15739
(73815,1) 16817
(36073,1) 13435
(74304,1) 2
(32408,1) 15172
(4260,1) 19261
(60735,1) 14663
(311,1) 15744
(17765,1) 18491
(28951,1) 15459
(48320,1) 1
(43050,1) 15219
(22860,1) 1
(81672,1) 14952
(69428,1) 1
(95447,1) 14892
(6239,1) 14678
(18851,1) 15001
(78312,1) 14942
(45845,1) 17937
(14303,1) 14478
(40975,1) 1
(88136,1) 15199
(59957,1) 1
(85055,1) 15349
(43040,1) 15116
(64595,1) 14678
(70464,1) 14837
(75338,1) 15733
(70852,1) 16083
(60769,1) 15219
(45030,1) 30475
(38917,1) 16363
(74975,1) 15403
(62981,1) 18694
(69686,1) 14842
(9645,1) 15521
(7572,1) 29046
(97531,1) 15271
(20987,1) 33279
(20127,1) 15203
(51856,1) 29148
(51097,1) 15859
(80745,1) 15463
(28494,1) 15333
(56807,1) 1
(17617,1) 13912
(85021,1) 15728
(47575,1) 15576
(51308,1) 15223
(40845,1) 14795
(67372,1) 15048
(3156,1) 16972
(39134,1) 1
(11853,1) 15381
(86939,1) 15063
(26788,1) 16922
(59186,1) 15121
(43378,1) 19768
(99214,1) 15728
(86615,1) 15368
(61340,1) 15669
(73697,1) 19205
(14339,1) 15302
(59432,1) 15189
(18023,1) 1
(25511,1) 15432
(82929,1) 16276
(48133,1) 19803
(17629,1) 18631
(98050,1) 1
(14629,1) 1
(60050,1) 16891
(52937,1) 14845
(36404,1) 19232
(55864,1) 15548
(22850,1) 15763
(9771,1) 1
(8633,1) 15166
(44459,1) 15223
(49457,1) 1
(34136,1) 18557
(83171,1) 18603
(71290,1) 15215
(8397,1) 15341
(85566,1) 14727
(55505,1) 6504
(70245,1) 2
(63934,1) 15182
(14256,1) 15036
(73498,1) 14989
(96190,1) 15035
(14944,1) 17185
