(72,1) 485550
(20,1) 454386
(66,1) 499871
(28,1) 468798
(89,1) 460206
(43,1) 498476
(37,1) 468793
(3,1) 494243
(14,1) 468809
(40,1) 468808
(52,1) 468799
(92,1) 460215
(75,1) 452518
(48,1) 454383
(23,1) 454351
(69,1) 484336
(86,1) 452533
(83,1) 494243
(34,1) 494224
(17,1) 454353
(55,1) 452526
(6,1) 494251
(97,1) 460196
(51,1) 499889
(26,1) 484359
(80,1) 452524
(41,1) 499901
(68,1) 498490
(49,1) 475856
(12,1) 488524
(35,1) 485546
(54,1) 460211
(5,1) 485517
(94,1) 454374
(71,1) 454374
(77,1) 468825
(21,1) 489890
(29,1) 460233
(63,1) 452529
(46,1) 468799
(88,1) 460193
(60,1) 485544
(15,1) 498472
(0,1) 475864
(91,1) 452540
(8,1) 494245
(32,1) 460213
(57,1) 498448
(74,1) 498488
(24,1) 452552
(47,1) 498481
(99,1) 485546
(82,1) 452548
(85,1) 454390
(33,1) 494242
(10,1) 468825
(7,1) 489919
(79,1) 468817
(18,1) 460210
(56,1) 488504
(73,1) 468806
(96,1) 488513
(44,1) 484342
(27,1) 460207
(65,1) 499893
(2,1) 452522
(62,1) 468796
(13,1) 521067
(30,1) 454354
(38,1) 468804
(93,1) 494231
(76,1) 468802
(59,1) 499902
(22,1) 460218
(45,1) 498472
(64,1) 499908
(87,1) 460206
(84,1) 499898
(61,1) 452544
(1,1) 454395
(31,1) 460175
(16,1) 452530
(9,1) 452532
(39,1) 485576
(90,1) 460201
(58,1) 454360
(50,1) 498491
(25,1) 454364
(98,1) 498502
(42,1) 452530
(81,1) 499914
(67,1) 485578
(36,1) 494251
(4,1) 475868
(11,1) 489915
(78,1) 454402
(53,1) 485536
(19,1) 494228
(70,1) 454373
(95,1) 499894
