(72,1) 464552
(20,1) 463789
(66,1) 463848
(28,1) 454196
(89,1) 500243
(43,1) 506888
(37,1) 464541
(3,1) 463846
(14,1) 506818
(40,1) 506901
(52,1) 500316
(75,1) 506907
(92,1) 464540
(48,1) 454163
(23,1) 486952
(69,1) 454255
(86,1) 506950
(83,1) 497022
(34,1) 459088
(17,1) 454254
(55,1) 496767
(6,1) 487432
(97,1) 463788
(51,1) 496806
(26,1) 490248
(80,1) 454266
(41,1) 464587
(49,1) 454219
(68,1) 497419
(12,1) 463878
(35,1) 454157
(54,1) 497218
(5,1) 500266
(94,1) 459029
(71,1) 463926
(77,1) 458996
(21,1) 506787
(29,1) 463881
(63,1) 463844
(88,1) 500272
(46,1) 496823
(60,1) 454248
(15,1) 490269
(0,1) 454195
(91,1) 454259
(8,1) 454225
(32,1) 463895
(57,1) 463830
(74,1) 463905
(24,1) 500314
(47,1) 497340
(99,1) 497326
(82,1) 497257
(85,1) 487420
(33,1) 497283
(10,1) 464421
(7,1) 464484
(79,1) 459044
(18,1) 464437
(56,1) 459076
(73,1) 490219
(96,1) 463784
(44,1) 496822
(27,1) 506972
(65,1) 506803
(2,1) 459027
(62,1) 464479
(13,1) 500215
(30,1) 497309
(38,1) 458933
(93,1) 497313
(59,1) 454160
(76,1) 464503
(22,1) 496854
(45,1) 458935
(64,1) 496683
(87,1) 496799
(84,1) 486962
(61,1) 497281
(1,1) 459102
(31,1) 500244
(16,1) 459006
(39,1) 454221
(9,1) 507039
(90,1) 463759
(58,1) 496845
(50,1) 458966
(25,1) 496851
(98,1) 464517
(42,1) 459099
(81,1) 496802
(67,1) 464672
(36,1) 486928
(4,1) 496801
(11,1) 459044
(78,1) 487441
(53,1) 500229
(19,1) 464454
(70,1) 464563
(95,1) 500300
