(72,1) 366998
(20,1) 426050
(66,1) 362287
(89,1) 425404
(28,1) 431242
(43,1) 366849
(37,1) 372297
(3,1) 430972
(14,1) 425997
(40,1) 426559
(52,1) 433300
(92,1) 366821
(75,1) 372318
(48,1) 366252
(23,1) 430834
(69,1) 426880
(86,1) 362382
(83,1) 431247
(34,1) 425218
(17,1) 430340
(55,1) 425408
(6,1) 367038
(97,1) 362324
(26,1) 429559
(51,1) 431372
(80,1) 372237
(41,1) 435164
(68,1) 429701
(49,1) 430872
(12,1) 429761
(35,1) 426686
(54,1) 431442
(5,1) 425653
(94,1) 372257
(71,1) 430845
(77,1) 372346
(21,1) 429718
(29,1) 425074
(63,1) 424399
(46,1) 428873
(88,1) 433255
(60,1) 431030
(15,1) 426589
(0,1) 366920
(91,1) 432025
(8,1) 425213
(32,1) 362328
(57,1) 429606
(74,1) 429944
(24,1) 430346
(47,1) 428625
(99,1) 366156
(82,1) 428627
(85,1) 427801
(33,1) 366032
(10,1) 426691
(7,1) 366137
(79,1) 427021
(18,1) 424374
(56,1) 366978
(73,1) 429486
(96,1) 435190
(44,1) 427027
(27,1) 426956
(65,1) 365970
(2,1) 431807
(62,1) 430927
(13,1) 372347
(30,1) 430327
(38,1) 430021
(93,1) 430782
(59,1) 366075
(76,1) 430683
(22,1) 372323
(45,1) 362259
(64,1) 425925
(87,1) 426914
(84,1) 366945
(61,1) 425349
(1,1) 366129
(31,1) 431089
(16,1) 362403
(39,1) 424330
(9,1) 431332
(90,1) 427583
(58,1) 362236
(25,1) 425676
(98,1) 425581
(50,1) 426851
(42,1) 431997
(81,1) 433412
(67,1) 435279
(36,1) 431211
(4,1) 428934
(11,1) 430096
(78,1) 426681
(53,1) 427719
(19,1) 428918
(70,1) 428697
(95,1) 427122
