(72,1) 325367
(20,1) 503203
(66,1) 500970
(28,1) 506514
(89,1) 498966
(43,1) 502575
(3,1) 503166
(37,1) 501397
(14,1) 488215
(40,1) 485589
(52,1) 493948
(92,1) 509072
(75,1) 489630
(48,1) 495738
(23,1) 337170
(69,1) 509346
(86,1) 492528
(83,1) 493117
(34,1) 520775
(17,1) 495405
(55,1) 332749
(6,1) 506305
(97,1) 492820
(51,1) 514210
(26,1) 495749
(80,1) 490465
(41,1) 514701
(68,1) 497643
(49,1) 501014
(12,1) 494611
(35,1) 526016
(54,1) 499846
(5,1) 343030
(94,1) 505048
(71,1) 509974
(77,1) 325372
(21,1) 499566
(29,1) 510207
(63,1) 513415
(88,1) 507007
(46,1) 332731
(60,1) 500863
(15,1) 501443
(0,1) 515137
(91,1) 503051
(8,1) 504885
(32,1) 492682
(57,1) 498599
(74,1) 504578
(24,1) 517466
(47,1) 501931
(99,1) 507633
(82,1) 490792
(85,1) 487575
(33,1) 505114
(10,1) 504047
(7,1) 497280
(79,1) 498260
(18,1) 501190
(56,1) 504315
(73,1) 488051
(96,1) 499986
(44,1) 487882
(27,1) 517892
(65,1) 523126
(2,1) 332726
(62,1) 337170
(13,1) 325377
(30,1) 492290
(38,1) 506054
(93,1) 509976
(76,1) 509553
(59,1) 492209
(22,1) 343045
(45,1) 490468
(87,1) 504145
(64,1) 508239
(84,1) 498173
(61,1) 508128
(1,1) 497201
(31,1) 518576
(16,1) 504230
(9,1) 509411
(39,1) 515137
(90,1) 503045
(58,1) 497992
(50,1) 509213
(25,1) 506021
(98,1) 337192
(42,1) 503636
(81,1) 501254
(67,1) 505893
(36,1) 500713
(4,1) 343044
(11,1) 493258
(78,1) 496181
(53,1) 490735
(19,1) 506470
(70,1) 495690
(95,1) 489001
