(20239,1) 39273
(92710,1) 43615
(18555,1) 2
(21937,1) 44244
(51442,1) 20213
(34731,1) 39700
(23964,1) 20170
(16368,1) 38728
(39199,1) 38558
(14783,1) 44865
(36832,1) 44531
(47707,1) 44770
(74026,1) 39690
(5238,1) 38658
(59096,1) 78591
(18847,1) 39198
(76380,1) 3
(47410,1) 45181
(79142,1) 3
(55558,1) 19636
(41209,1) 39592
(95100,1) 43790
(91905,1) 44638
(86497,1) 44356
(29247,1) 1
(50511,1) 38170
(42031,1) 45409
(37299,1) 39437
(98240,1) 44221
(78114,1) 3
(91861,1) 19775
(79280,1) 88949
(76500,1) 44593
(81280,1) 38258
(69684,1) 38986
(56242,1) 43945
(55838,1) 2
(67828,1) 44814
(48467,1) 44492
(77172,1) 44920
(77487,1) 20310
(79995,1) 89227
(24269,1) 43988
(34506,1) 41708
(19938,1) 44038
(76295,1) 38863
(50843,1) 45092
(55334,1) 2
(95821,1) 39044
(91562,1) 19990
(73172,1) 87471
(74188,1) 3
(71283,1) 44281
(92802,1) 45353
(24813,1) 39422
(27978,1) 3
(92459,1) 44627
(50689,1) 45272
(83351,1) 90191
(54266,1) 38849
(10483,1) 43846
(75106,1) 38983
(54753,1) 45117
(61571,1) 40234
(23831,1) 39077
(59216,1) 39114
(94111,1) 38542
(86298,1) 37402
(57539,1) 44899
(25597,1) 39451
(65241,1) 44540
(25459,1) 44120
(2721,1) 44257
(39298,1) 19578
(3468,1) 87873
(22038,1) 44986
(47581,1) 39055
(53052,1) 19682
(75422,1) 38828
(58914,1) 44181
(39974,1) 2
(42903,1) 38810
(62592,1) 20129
(62256,1) 39749
(30659,1) 44052
(66306,1) 2
(46361,1) 39519
(35388,1) 42071
(22416,1) 37208
(77603,1) 39490
(82586,1) 39121
(41838,1) 45155
(66501,1) 44204
(39054,1) 39334
(94749,1) 2
(88380,1) 89838
(95259,1) 89646
(92079,1) 77280
(53542,1) 38839
(26724,1) 2
(5297,1) 3
(85179,1) 44373
(21214,1) 43849
(29308,1) 43388
(72297,1) 40171
(65492,1) 38792
(66078,1) 44090
(63282,1) 37244
(83494,1) 77920
(2699,1) 44649
(64661,1) 2
(58695,1) 44475
(77403,1) 19720
(43813,1) 78491
(51703,1) 39781
(4683,1) 42620
(48519,1) 39322
(6327,1) 43914
(21511,1) 44637
(78222,1) 89333
(57634,1) 38810
(53933,1) 44658
(40804,1) 38252
(88430,1) 44357
(96555,1) 77197
(12518,1) 38848
(46631,1) 39294
(99503,1) 37358
(94335,1) 44998
(79507,1) 38233
(1265,1) 3
(1397,1) 45082
(35248,1) 44860
(28751,1) 38999
(81373,1) 38796
(77047,1) 38707
(93738,1) 39424
(4626,1) 38607
(50637,1) 39425
(93183,1) 78459
(74478,1) 44724
(95154,1) 44650
(66369,1) 37157
(69478,1) 19566
(86965,1) 39959
(65958,1) 89472
(67077,1) 44394
(16533,1) 37329
(13947,1) 20254
(78536,1) 3
(1715,1) 43850
(73312,1) 39010
(91722,1) 87846
(19378,1) 38815
(49613,1) 38145
(97323,1) 44452
(43341,1) 39337
(81058,1) 79016
(30703,1) 45222
(47745,1) 39474
(29342,1) 43948
(5607,1) 39548
(98564,1) 39282
(49210,1) 41774
(41436,1) 44884
(78918,1) 44283
(72724,1) 39060
(78621,1) 43978
(8049,1) 38522
(9833,1) 39626
(32370,1) 2
(45988,1) 44598
(40386,1) 39344
(15298,1) 39222
(3089,1) 39611
(17731,1) 78522
(55332,1) 38444
(7755,1) 38966
(80036,1) 44191
(51616,1) 42681
(12582,1) 44715
(51875,1) 44393
(68355,1) 39187
(85284,1) 39400
(37645,1) 44638
(24742,1) 44655
(57261,1) 44749
(37553,1) 44933
(34860,1) 39633
(50307,1) 3
(37117,1) 38786
(30903,1) 44250
(89908,1) 2
(96508,1) 88664
(92214,1) 83876
(70165,1) 38947
(2869,1) 39612
(71135,1) 39136
(59460,1) 38664
(11766,1) 39506
(62417,1) 37678
(24737,1) 3
(2685,1) 44777
(52850,1) 19776
(72758,1) 78610
(80638,1) 43907
(52250,1) 39385
(40644,1) 38823
(51582,1) 2
(85684,1) 3
(5477,1) 78928
(31492,1) 38259
(34672,1) 38893
(14374,1) 3
(14563,1) 42074
(34916,1) 2
(53224,1) 42197
(96389,1) 43657
(32707,1) 44781
(1246,1) 44311
(6010,1) 45467
(4913,1) 44831
(29664,1) 85028
(95967,1) 44638
(30445,1) 38532
(97066,1) 3
(26971,1) 39646
(28611,1) 39375
(63160,1) 19431
(45410,1) 2
(73248,1) 89354
(56925,1) 41962
(70026,1) 44255
(47592,1) 39136
(66976,1) 77009
(1784,1) 43555
(68092,1) 44942
(47264,1) 38929
(3772,1) 44722
(39149,1) 39862
(37719,1) 2
(11485,1) 77946
(94211,1) 79917
(41664,1) 44486
(50476,1) 42027
(5498,1) 44702
(14283,1) 2
(20008,1) 20229
(93780,1) 44437
(29002,1) 39823
(70839,1) 39054
(55766,1) 39163
(82643,1) 39165
(99358,1) 44967
(5111,1) 78391
(56478,1) 39518
(87503,1) 42189
(30567,1) 42129
(81219,1) 45154
(23854,1) 20354
(26103,1) 44694
(11472,1) 39274
(66250,1) 3
(11197,1) 39040
(36570,1) 39000
(88768,1) 39636
(37706,1) 44353
(86217,1) 43809
(22216,1) 38618
(81529,1) 44505
(47696,1) 39928
(18104,1) 2
(23100,1) 39793
(48511,1) 42015
(31749,1) 39387
(66691,1) 38918
(3795,1) 38644
(26622,1) 3
(86230,1) 44853
(30799,1) 38824
(66641,1) 43820
(67657,1) 41959
(97926,1) 44711
(31935,1) 39325
(78610,1) 39214
(87279,1) 44919
(16607,1) 39671
(84505,1) 39103
(95216,1) 39643
(56677,1) 44689
(3972,1) 38787
(49347,1) 44824
(65007,1) 42082
(15768,1) 38320
(23051,1) 39332
(27114,1) 44369
(84467,1) 44643
(1890,1) 38599
(97100,1) 44843
(54595,1) 44999
(74161,1) 90099
(89327,1) 44184
(11396,1) 39056
(38168,1) 43751
(8253,1) 39690
(79264,1) 38730
(30110,1) 43692
(34824,1) 45123
(91328,1) 75187
(9997,1) 38460
(95641,1) 37579
(40201,1) 38959
(36896,1) 39445
(85626,1) 44131
(19078,1) 39057
(53022,1) 44931
(49160,1) 42497
(46651,1) 40000
(7089,1) 42520
(54126,1) 44564
