(43656,1) 243075
(35218,1) 259974
(78310,1) 254808
(52086,1) 258989
(54221,1) 244557
(57669,1) 250571
(52856,1) 262942
(52554,1) 256140
(86681,1) 248141
(48971,1) 248079
(93958,1) 250455
(98686,1) 248511
(851,1) 258648
(66973,1) 240580
(20206,1) 243190
(53812,1) 269925
(16306,1) 254271
(13940,1) 257833
(77569,1) 259736
(12490,1) 243482
(58686,1) 258344
(68279,1) 262404
(9632,1) 258071
(91650,1) 247019
(56916,1) 238928
(78357,1) 246339
(51850,1) 246731
(50280,1) 247761
(88460,1) 244095
(85171,1) 256977
(30781,1) 255706
(39253,1) 247453
(30471,1) 262372
(99344,1) 245738
(67572,1) 241478
(46925,1) 260428
(18114,1) 245524
(29994,1) 261081
(96215,1) 261035
(22568,1) 259902
(39069,1) 257150
(78371,1) 229855
(42094,1) 259568
(92719,1) 260244
(88341,1) 262572
(42209,1) 256622
(14900,1) 262513
(89596,1) 257135
(72937,1) 245262
(90035,1) 244778
(55071,1) 244454
(25302,1) 260437
(77573,1) 245436
(77682,1) 257036
(55940,1) 245538
(50432,1) 245965
(61402,1) 252225
(68027,1) 261483
(50398,1) 240918
(5903,1) 246448
(22831,1) 257639
(25457,1) 253302
(9477,1) 261788
(78617,1) 258544
(20550,1) 260337
(3731,1) 247103
(29245,1) 245752
(93927,1) 241161
(64188,1) 242256
(19056,1) 241963
(80057,1) 260162
(42584,1) 241591
(80573,1) 261436
(89218,1) 257838
(18938,1) 254796
(16816,1) 262260
(59222,1) 244735
(24761,1) 243940
(20112,1) 247101
(24465,1) 236159
(64604,1) 242934
(45605,1) 252000
(18764,1) 263652
(34317,1) 244005
(46200,1) 243568
(78511,1) 254528
(77971,1) 244495
(66307,1) 247704
(40113,1) 261358
(13513,1) 244120
(47117,1) 243649
(44988,1) 256166
(39206,1) 240830
(18607,1) 255473
(86563,1) 246541
(20169,1) 246306
