(32504,1) 609362
(68083,1) 608944
(85938,1) 602232
(42311,1) 625739
(8827,1) 618572
(67118,1) 598591
(22772,1) 614834
(43952,1) 611969
(45675,1) 619381
(49267,1) 606648
(77817,1) 624156
(19283,1) 603179
(65568,1) 501023
(78543,1) 609938
(88583,1) 614489
(6681,1) 596809
(1009,1) 606805
(54827,1) 606574
(39779,1) 612744
(39421,1) 606491
(95223,1) 613447
(24306,1) 611719
(64516,1) 611912
(63053,1) 614064
(29935,1) 596778
(93706,1) 617177
(26159,1) 602623
(84367,1) 610436
(77282,1) 612434
(88288,1) 605359
(91735,1) 616657
(9624,1) 614777
(70159,1) 614920
(28079,1) 597348
(14701,1) 618360
(98687,1) 617245
(81093,1) 607599
(39774,1) 617302
(67136,1) 608503
(35276,1) 595598
(84925,1) 610247
(41693,1) 604370
(1730,1) 615166
(36745,1) 589916
(71483,1) 593354
(65784,1) 597528
(5521,1) 614207
(19311,1) 610655
