(73864,1) 14339
(39468,1) 15568
(1386,1) 14950
(14565,1) 13875
(36798,1) 15801
(47090,1) 15689
(14324,1) 29423
(34857,1) 13934
(35667,1) 1
(39182,1) 15921
(23202,1) 7540
(30127,1) 14117
(18319,1) 16275
(60876,1) 15858
(97247,1) 14417
(81531,1) 16462
(60715,1) 14418
(85847,1) 13822
(43643,1) 16186
(99898,1) 29818
(3590,1) 15940
(13903,1) 16229
(54462,1) 14853
(21376,1) 14836
(46118,1) 16653
(48278,1) 16183
(51448,1) 14293
(19909,1) 30433
(45287,1) 14650
(33658,1) 1
(81954,1) 28429
(55340,1) 15879
(27186,1) 15668
(67073,1) 14613
(98915,1) 14477
(30827,1) 15366
(18950,1) 14745
(40525,1) 14494
(5474,1) 15311
(7850,1) 14700
(73715,1) 14222
(41897,1) 15784
(6454,1) 28891
(52465,1) 14534
(91873,1) 14091
(53275,1) 15772
(11231,1) 14605
(96724,1) 15816
(23819,1) 15629
(30139,1) 14516
(8246,1) 15309
(82365,1) 15535
(88530,1) 15855
(64815,1) 13976
(82030,1) 5327
(84498,1) 14477
(50491,1) 31363
(58895,1) 1
(46108,1) 15522
(55789,1) 14934
(71673,1) 32152
(35932,1) 14717
(34706,1) 16064
(4707,1) 13595
(26008,1) 16505
(1651,1) 15818
(11403,1) 16051
(37148,1) 15520
(97578,1) 15917
(83989,1) 16049
(63429,1) 16079
(93651,1) 14783
(20026,1) 14319
(85884,1) 14564
(78129,1) 14479
(67887,1) 14228
(67644,1) 14492
(64849,1) 32670
(35551,1) 14641
(42568,1) 15573
(26135,1) 29334
(67979,1) 15747
(79399,1) 15660
(64894,1) 16000
(57487,1) 1
(79068,1) 16206
(88401,1) 14616
(60029,1) 14154
(47031,1) 14840
(35149,1) 15410
(64402,1) 14663
(34790,1) 14345
(82995,1) 15234
(12177,1) 7335
(9355,1) 15066
(7344,1) 30565
(1177,1) 14247
(55972,1) 16439
(38038,1) 1
(83024,1) 15600
(89808,1) 16376
(98687,1) 14780
(82316,1) 14452
(91722,1) 15731
(12486,1) 15503
(83938,1) 14333
(59407,1) 14034
(82228,1) 27373
(44032,1) 29452
(60966,1) 15168
(31318,1) 1
(83537,1) 15882
(96056,1) 15061
(76165,1) 14558
(12799,1) 16492
(2725,1) 1
(59586,1) 15691
(20982,1) 31788
(57399,1) 28754
(90749,1) 15617
(56543,1) 16469
(73924,1) 1
(39115,1) 15033
(18833,1) 14623
(67704,1) 14034
(37370,1) 14498
(61814,1) 15009
(30307,1) 13658
(32902,1) 14440
(46305,1) 1
(69388,1) 14473
(38838,1) 14576
(29279,1) 31569
(55859,1) 16255
(54099,1) 14785
(20111,1) 14523
(6103,1) 15771
(2524,1) 16376
(42665,1) 16515
(19414,1) 1
(4002,1) 14506
(90737,1) 16499
(14727,1) 13835
(15367,1) 14954
(32758,1) 15892
(14458,1) 16042
(59482,1) 31482
(47884,1) 16127
(40290,1) 15974
(92712,1) 13863
(24295,1) 16303
(88778,1) 1
(25213,1) 15741
(23508,1) 31731
(83914,1) 1
(72031,1) 15139
(47952,1) 16345
(17386,1) 16348
(1767,1) 16275
(75482,1) 15399
(75853,1) 14307
(45559,1) 15791
(80310,1) 14337
(58649,1) 14900
(46638,1) 14768
(84279,1) 13535
(52547,1) 14033
(87036,1) 29994
(93839,1) 14978
(93396,1) 14277
(61148,1) 15777
(85015,1) 15912
(83562,1) 14457
(68843,1) 15459
(8523,1) 1
(19412,1) 15952
(20415,1) 14732
(71272,1) 14707
(17598,1) 15119
(35196,1) 32923
(38221,1) 16075
(12869,1) 5408
(85969,1) 16172
(21205,1) 14584
(30258,1) 15022
(72133,1) 14521
(97712,1) 16412
(27400,1) 16378
(99105,1) 14755
(88185,1) 15289
(94988,1) 15439
(80679,1) 5389
(27830,1) 15845
(36499,1) 16215
(32981,1) 14735
(61369,1) 14428
(2326,1) 1
(48672,1) 1
(25505,1) 14803
(72262,1) 1
(13031,1) 14561
(38861,1) 1
(2305,1) 28502
(87361,1) 15779
(21097,1) 16109
(91306,1) 14642
(15822,1) 1
(44630,1) 16068
(11450,1) 14272
(16437,1) 28958
(78633,1) 14590
(60044,1) 14962
(34198,1) 16276
(18294,1) 1
(23667,1) 16075
(5700,1) 14758
(81832,1) 15731
(89488,1) 14308
(32584,1) 14758
(93327,1) 14517
(29702,1) 16093
(49545,1) 16179
(58472,1) 15476
(90306,1) 14536
(19110,1) 16218
(86433,1) 14620
(47998,1) 16157
(1245,1) 15749
(6908,1) 15737
(80215,1) 14601
(18028,1) 28190
(55870,1) 15665
(19166,1) 14259
(34923,1) 16134
(38106,1) 16023
(54376,1) 15692
(38744,1) 15858
(15243,1) 14359
(4784,1) 15288
(75799,1) 1
(33091,1) 15760
(67353,1) 31318
(84597,1) 15965
(31459,1) 13760
(86159,1) 15566
(64201,1) 15625
(45682,1) 31159
(21394,1) 14284
(75856,1) 16336
(3606,1) 16365
(72075,1) 1
(36277,1) 1
(67409,1) 32290
(54388,1) 15981
(9108,1) 15319
(92940,1) 16008
(81697,1) 1
(49483,1) 15006
(1300,1) 15317
(60124,1) 27742
(53818,1) 15225
(97791,1) 1
(50208,1) 14218
(84746,1) 14706
(21062,1) 14987
(88912,1) 1
(22330,1) 14357
(24544,1) 15459
(92986,1) 14181
(74576,1) 15673
(417,1) 15877
(56327,1) 15002
(41572,1) 31983
(17378,1) 14508
(43625,1) 15444
(63621,1) 14945
(21749,1) 14656
(88569,1) 16042
(10095,1) 1
(9212,1) 15728
(5638,1) 16360
(22627,1) 32365
(42266,1) 1
(3973,1) 14649
(49105,1) 15780
(91672,1) 14497
(97174,1) 14652
(48513,1) 16118
(75352,1) 1
(94809,1) 16202
(76037,1) 16310
(32233,1) 14933
(96089,1) 14590
(65182,1) 14152
(54867,1) 15035
(57873,1) 13362
(59470,1) 15681
(55932,1) 15846
(81985,1) 14873
(61243,1) 14732
(54973,1) 13953
(90278,1) 16080
(70639,1) 15634
(19228,1) 1
(74806,1) 16067
(4003,1) 16239
(96510,1) 1
(97461,1) 14359
(32943,1) 14800
(72050,1) 10460
(53175,1) 32073
(41412,1) 14587
(14275,1) 27353
(67275,1) 16103
(8449,1) 14572
(99603,1) 15691
(40866,1) 31755
(87336,1) 14729
(12552,1) 1
(97917,1) 1
(30823,1) 16268
(46631,1) 15921
(7443,1) 16155
(35248,1) 14465
(80724,1) 16074
(92848,1) 1
(2329,1) 15083
(9762,1) 16460
(72301,1) 13921
(82565,1) 16069
(83454,1) 1
(64486,1) 14410
(56909,1) 13816
(62960,1) 15326
(71219,1) 14650
(65882,1) 15739
(38941,1) 15788
(53064,1) 15651
(96269,1) 14898
(31427,1) 14469
(27940,1) 16213
(12478,1) 15951
(96085,1) 15065
(13557,1) 30265
(81648,1) 14438
(85346,1) 14619
(43761,1) 30007
(59861,1) 15756
(90812,1) 32828
(21035,1) 15470
(75682,1) 15689
(44318,1) 15849
(77536,1) 5899
(62888,1) 14509
(40684,1) 16047
(94144,1) 1
(48292,1) 16133
(22676,1) 16176
(36182,1) 13545
(9248,1) 14517
(14081,1) 32033
(34459,1) 29308
(11663,1) 1
(69159,1) 1
(4179,1) 14657
(5206,1) 14678
(51565,1) 14200
(58735,1) 30921
(78718,1) 14785
(8571,1) 1
(74406,1) 15733
(35287,1) 15673
(99901,1) 16088
(60237,1) 15799
(91627,1) 14368
(59581,1) 1
(75069,1) 14672
(67653,1) 15673
(99247,1) 7390
(82263,1) 15884
(12267,1) 1
(6624,1) 28147
(13527,1) 1
(51214,1) 14762
(59490,1) 15504
(9885,1) 15937
(37784,1) 16033
(29542,1) 29688
(6029,1) 32686
(2192,1) 14396
(49596,1) 13911
(21045,1) 16370
(29682,1) 16169
(68488,1) 1
(53656,1) 14743
(91461,1) 14650
(52204,1) 14331
(10736,1) 14486
(57703,1) 16556
(65233,1) 15843
(10562,1) 15620
(82720,1) 16056
(85869,1) 15647
(92018,1) 15706
(56329,1) 14692
(27219,1) 16104
(29217,1) 14826
(30221,1) 15970
(64687,1) 15808
(80149,1) 15995
(63269,1) 13489
(33638,1) 15642
(73966,1) 16177
(98970,1) 15107
(86963,1) 31974
(45471,1) 14783
(56401,1) 7518
(57268,1) 28871
(55121,1) 1
(8271,1) 15769
(23674,1) 14558
(936,1) 15808
(15129,1) 15435
(97690,1) 16596
(45144,1) 14140
(3460,1) 14846
(38739,1) 15299
(3961,1) 14547
(86391,1) 16507
(20092,1) 14410
(91670,1) 16282
(32661,1) 15425
(31066,1) 14996
(18194,1) 7329
(6017,1) 14306
(55902,1) 14759
(88599,1) 16248
(8307,1) 15171
(33391,1) 13895
(41075,1) 13908
(25485,1) 16301
(97679,1) 14354
(16184,1) 14592
(70421,1) 1
(5518,1) 13542
(35951,1) 15630
(75662,1) 15092
(56609,1) 15532
(63257,1) 15941
(74789,1) 14623
(96586,1) 14900
(27952,1) 16240
(5204,1) 15937
(89508,1) 14550
(20607,1) 31698
(98144,1) 16252
(68184,1) 7368
(93905,1) 15608
(69965,1) 14871
(72630,1) 15586
(71144,1) 14476
(69380,1) 15947
(18148,1) 14209
(23419,1) 14060
(3063,1) 15681
(41966,1) 16078
(55535,1) 16108
(11471,1) 14697
(79548,1) 16348
(9641,1) 31010
(89477,1) 29170
(53354,1) 30485
(69700,1) 16595
(30116,1) 28386
(54209,1) 14708
(75060,1) 14539
(54920,1) 16105
(64574,1) 28830
(46451,1) 15011
(19507,1) 15561
(56231,1) 14829
(9573,1) 15639
(698,1) 14696
(25475,1) 31594
(50295,1) 14750
(69173,1) 14272
(37356,1) 13671
(54611,1) 14256
(62782,1) 16489
(92178,1) 14379
(37493,1) 16324
(70094,1) 15125
(49145,1) 14650
(19405,1) 14403
(29929,1) 15110
(29070,1) 31565
(42122,1) 15981
(22472,1) 14668
(98457,1) 14467
(79777,1) 14347
(6627,1) 29677
(69712,1) 15835
(2987,1) 29701
(89283,1) 14820
(82215,1) 14756
(97567,1) 15635
(51916,1) 15643
(71373,1) 15998
(34893,1) 15555
(72331,1) 14442
(53974,1) 16331
(60899,1) 5803
(37767,1) 1
(39639,1) 29246
(46944,1) 15689
(90157,1) 5877
(94634,1) 1
(30530,1) 14564
(16896,1) 15008
(98607,1) 14756
(47822,1) 14257
(85058,1) 13603
(48530,1) 14357
(25900,1) 30704
(46473,1) 14362
(66538,1) 14142
(99544,1) 1
(26100,1) 15550
(84007,1) 31644
(67703,1) 31287
(5495,1) 15706
(51484,1) 14280
(28407,1) 14379
(7816,1) 15166
(22781,1) 11453
(20760,1) 14394
(12657,1) 13833
(48233,1) 16423
(26822,1) 32264
(24687,1) 14502
(36249,1) 31720
(28342,1) 14711
(42832,1) 15387
(84971,1) 15724
(87721,1) 15071
(4825,1) 15286
(43095,1) 15415
(66892,1) 14480
(23731,1) 15986
(6719,1) 16271
(16986,1) 29632
(20224,1) 14237
(53792,1) 14600
(89353,1) 16260
(25373,1) 1
(1281,1) 1
(51632,1) 15847
(33465,1) 16295
(4677,1) 15960
(44099,1) 14953
(32309,1) 14449
(72793,1) 15994
(23857,1) 28723
(9239,1) 31257
(49536,1) 15880
(6582,1) 14956
(82927,1) 15072
(86359,1) 15709
(34492,1) 15057
(77389,1) 14848
(37633,1) 31072
(48806,1) 14553
(218,1) 15742
(80020,1) 15508
(29045,1) 14332
(96886,1) 1
(87860,1) 14774
(17224,1) 32816
(32618,1) 13577
(26355,1) 15741
(61915,1) 1
(50968,1) 14248
(39720,1) 16054
(65237,1) 1
(83027,1) 15961
(60661,1) 15966
(62493,1) 14915
(75281,1) 1
(95172,1) 16097
(42487,1) 14628
(80248,1) 14608
(10915,1) 7518
(50829,1) 13966
(56056,1) 14325
(8731,1) 29185
(59878,1) 14600
(74356,1) 15442
(38455,1) 14833
(73552,1) 14851
(89383,1) 16130
(58587,1) 14335
(40386,1) 14619
(93197,1) 1
(10835,1) 14924
(85809,1) 15405
(91817,1) 14541
(34373,1) 28655
(57811,1) 14137
(69251,1) 14947
(83400,1) 31612
(73666,1) 15634
(86861,1) 13761
(85610,1) 16534
(56359,1) 1
(90687,1) 14513
(89886,1) 16011
(98977,1) 5314
(79716,1) 13743
(55973,1) 1
(35046,1) 1
(47487,1) 15183
(7221,1) 14487
(67076,1) 16165
(66006,1) 14630
(82915,1) 16101
(45055,1) 16202
(75613,1) 16342
(11262,1) 16568
(46701,1) 14540
(86873,1) 14468
(72073,1) 15218
(44194,1) 14875
(27574,1) 13907
(52182,1) 28081
(94464,1) 5409
(93385,1) 14527
(69199,1) 31567
(90350,1) 15714
(53473,1) 1
(58811,1) 15774
(16364,1) 15664
(58179,1) 1
(93173,1) 16110
(74831,1) 14443
(96653,1) 15772
(7255,1) 15960
(38127,1) 14917
(42654,1) 16030
(57,1) 15399
(73718,1) 5822
(85746,1) 16335
(66821,1) 1
(88400,1) 13881
(82294,1) 15941
(48299,1) 15863
(82875,1) 14328
(45711,1) 1
(66553,1) 15856
(29699,1) 14279
(55009,1) 15167
(20273,1) 15843
(90235,1) 15319
(74612,1) 15731
(46172,1) 28602
(92477,1) 15939
(83491,1) 16046
(46788,1) 14463
(42431,1) 15200
(73028,1) 15391
(55104,1) 15893
(33164,1) 15336
(9170,1) 13607
(32643,1) 29620
(99883,1) 1
(79478,1) 16101
(73355,1) 15860
(10496,1) 1
(33433,1) 1
(83551,1) 16200
(88723,1) 13911
(9964,1) 15797
(99556,1) 15235
(14904,1) 15051
(34246,1) 14222
(2421,1) 1
(51557,1) 14010
(27038,1) 16528
(46314,1) 27367
(14063,1) 1
(16680,1) 5894
(44700,1) 14928
(64390,1) 15869
(19215,1) 14899
(95267,1) 13792
(65636,1) 14157
(5371,1) 15993
(12670,1) 14793
(75854,1) 14292
(52299,1) 14064
(34654,1) 14798
(13191,1) 29678
(84094,1) 15673
(2443,1) 14287
(11753,1) 14619
(90538,1) 15996
(3558,1) 16224
(28714,1) 1
(86620,1) 15533
(6497,1) 15167
(64797,1) 28976
(37327,1) 16353
(44128,1) 14763
(57323,1) 5250
(55048,1) 15833
(53188,1) 14302
(17264,1) 14298
(99926,1) 16033
(99595,1) 15541
(80703,1) 16033
(43145,1) 14620
(81949,1) 15548
(25320,1) 1
(44115,1) 14406
(84917,1) 15733
(96924,1) 16108
(86183,1) 14192
(64934,1) 5745
(53532,1) 32339
(94604,1) 27402
(64499,1) 1
(68907,1) 15727
(50724,1) 1
(73709,1) 15152
(49059,1) 14380
(56809,1) 14498
(68576,1) 15663
(82357,1) 15946
(28931,1) 16025
(52126,1) 1
(63128,1) 14640
(4497,1) 15569
(72636,1) 15382
(21599,1) 14068
(2807,1) 13714
(8700,1) 16083
(32806,1) 14608
(47737,1) 15650
(73791,1) 15555
(20034,1) 30840
(60914,1) 16285
(99216,1) 1
(1643,1) 15273
(55702,1) 15541
(42255,1) 15311
(21,1) 1
(30100,1) 15279
(47165,1) 14286
(78951,1) 14676
(25985,1) 15537
(13131,1) 14351
(25400,1) 30120
(47346,1) 16263
(69443,1) 1
(41561,1) 15308
(2546,1) 14527
(23771,1) 1
(85075,1) 14400
(33822,1) 14978
(71125,1) 13900
(62926,1) 14587
(24693,1) 15859
(94821,1) 29063
(4797,1) 15662
(56547,1) 15199
(90267,1) 14530
(33,1) 15409
(49163,1) 1
(35743,1) 15818
(90908,1) 15177
(2120,1) 1
(21405,1) 15042
(87220,1) 15635
(91865,1) 1
(1920,1) 15041
(3379,1) 15643
(51292,1) 16340
(73880,1) 31420
(82448,1) 15743
(65413,1) 14952
(65952,1) 29769
(32327,1) 29098
(54091,1) 15976
(40739,1) 15344
(62755,1) 14657
(9507,1) 1
(67824,1) 16038
(25251,1) 14270
(53201,1) 15893
(90470,1) 32338
(16924,1) 14691
(1907,1) 13927
(12376,1) 15328
(71859,1) 14704
(75410,1) 14093
(48030,1) 15769
(76631,1) 16275
(76990,1) 16281
(49035,1) 1
(90965,1) 1
(9613,1) 15660
(80362,1) 15862
(82757,1) 15779
(20584,1) 28640
(38264,1) 14506
(81217,1) 14888
(43236,1) 30869
(76565,1) 16321
(53316,1) 15114
(23702,1) 15053
(280,1) 15697
(65528,1) 14812
(22549,1) 15583
(47025,1) 14992
(21391,1) 14661
(351,1) 15522
(83325,1) 13576
(98111,1) 13788
(96251,1) 15103
(31966,1) 1
(47774,1) 15936
(47636,1) 32713
(85804,1) 15847
(65128,1) 13802
(98587,1) 15773
(85369,1) 14574
(61327,1) 14671
(60678,1) 14765
(64674,1) 14903
(65490,1) 16285
(21442,1) 1
(36893,1) 13341
(88252,1) 14615
(7107,1) 14610
(4311,1) 32829
(2491,1) 14323
(44668,1) 13952
(93179,1) 14596
(93993,1) 31651
(13151,1) 14849
(79975,1) 14352
(57318,1) 15601
(12163,1) 14428
(50903,1) 14287
(10062,1) 16237
(80838,1) 14846
(82509,1) 16130
(29589,1) 1
(50274,1) 15724
(73941,1) 14362
(14900,1) 15139
(11244,1) 1
(23439,1) 14530
(94963,1) 14077
(12266,1) 13696
(4448,1) 16104
(36800,1) 16448
(40403,1) 14247
(19500,1) 16067
(94727,1) 14466
(11794,1) 15967
(37227,1) 1
(90285,1) 14601
(7594,1) 14334
(65116,1) 13781
(46981,1) 14332
(12632,1) 1
(58592,1) 15540
(51188,1) 29501
(61339,1) 15225
(25462,1) 15244
(67792,1) 14565
(16698,1) 16251
(86986,1) 1
(50670,1) 14140
(90251,1) 1
(79860,1) 1
(11686,1) 16379
(45678,1) 14978
(61212,1) 14848
(34556,1) 15981
(91508,1) 15819
(44449,1) 14704
(43693,1) 15119
(38588,1) 1
(83475,1) 28827
(52564,1) 13901
(25545,1) 14653
(39785,1) 16424
(76429,1) 15988
(88262,1) 15942
(16011,1) 15713
(16278,1) 16138
(62236,1) 5396
(74381,1) 15541
(36063,1) 16348
(48772,1) 16325
(38296,1) 14919
(25336,1) 13637
(75336,1) 15086
(33193,1) 1
(25032,1) 15369
(21432,1) 16038
(92405,1) 16364
(50458,1) 16358
(44971,1) 14566
(70304,1) 15776
(68394,1) 32066
(92961,1) 1
(66244,1) 15854
(39284,1) 14593
(26579,1) 5296
(3866,1) 1
(59290,1) 14621
(30662,1) 14535
(42113,1) 1
(77088,1) 16332
(2844,1) 15199
(55188,1) 15188
(76137,1) 14414
(5601,1) 16365
(31534,1) 14823
(96167,1) 29697
(54095,1) 1
(18288,1) 13861
(42774,1) 14489
(3112,1) 13724
(32055,1) 5774
(1124,1) 14785
(29472,1) 14572
(3542,1) 16199
(11037,1) 15520
(71618,1) 7569
(63082,1) 14088
(48902,1) 28879
(64421,1) 14859
(75221,1) 15436
(60666,1) 14673
(26709,1) 5863
(58829,1) 14624
(57400,1) 15887
(65305,1) 16427
(21734,1) 13712
(18617,1) 15847
(75628,1) 14433
(48622,1) 14637
(87509,1) 14823
(5959,1) 29896
(30721,1) 16065
(90798,1) 14499
(75314,1) 14829
