(46345,1) 20
(83591,1) 412665
(91083,1) 435015
(90802,1) 432519
(32879,1) 412829
(93675,1) 853828
(34084,1) 427180
(27107,1) 420670
(69695,1) 21
(99955,1) 402703
(49474,1) 402473
(60437,1) 419684
(44527,1) 413338
(94786,1) 434689
(68988,1) 427116
(80240,1) 22
(97125,1) 402974
(84230,1) 426163
(55019,1) 433568
(57343,1) 432977
(67471,1) 840539
(24924,1) 419604
(16027,1) 433215
(26728,1) 419379
(91009,1) 420260
(96856,1) 22
(50171,1) 428512
(24824,1) 434604
(68768,1) 435606
(65211,1) 401157
(40043,1) 420318
(66844,1) 402878
(59917,1) 420739
(20224,1) 420082
(35170,1) 22
(97581,1) 434995
(6191,1) 433865
(31762,1) 412850
(37029,1) 840576
(40153,1) 21
(74970,1) 419948
(95688,1) 413002
(98816,1) 427598
(71142,1) 419661
(33522,1) 402090
(2020,1) 413558
(82244,1) 419905
(3579,1) 434308
(95562,1) 402697
(18803,1) 402228
(94637,1) 420526
(94175,1) 21
(93077,1) 433951
(74897,1) 23
(94274,1) 427002
(83980,1) 866931
(14123,1) 870520
(92919,1) 435449
(72267,1) 426945
(75311,1) 432894
(23866,1) 428166
(79816,1) 435605
(77419,1) 433773
(67983,1) 433677
(13195,1) 411768
(44707,1) 805161
(85937,1) 435047
(76724,1) 434119
(81850,1) 419511
(83393,1) 420553
(32331,1) 433867
(90322,1) 420140
(69208,1) 825265
(95628,1) 434704
(7142,1) 433443
(55035,1) 420678
(79802,1) 433908
(71485,1) 412768
(64428,1) 433531
(64684,1) 866355
