(72,1) 496602
(20,1) 497806
(66,1) 497949
(89,1) 496600
(28,1) 497882
(43,1) 496597
(37,1) 496586
(3,1) 496609
(14,1) 496582
(40,1) 496614
(52,1) 497868
(92,1) 497852
(75,1) 497842
(48,1) 496591
(23,1) 496596
(69,1) 497903
(86,1) 497847
(83,1) 496615
(34,1) 496622
(17,1) 497849
(55,1) 373387
(6,1) 497889
(97,1) 496615
(51,1) 497873
(26,1) 497837
(80,1) 496585
(41,1) 497819
(68,1) 497873
(49,1) 497881
(12,1) 497826
(35,1) 497880
(54,1) 372445
(5,1) 496555
(94,1) 496586
(71,1) 496573
(77,1) 496590
(21,1) 497846
(29,1) 497832
(88,1) 497811
(63,1) 496609
(46,1) 497875
(60,1) 497846
(15,1) 496606
(0,1) 496593
(91,1) 496601
(8,1) 497895
(32,1) 496609
(57,1) 497852
(74,1) 497828
(24,1) 496570
(47,1) 497868
(99,1) 497862
(82,1) 496581
(85,1) 497888
(33,1) 497903
(10,1) 497860
(7,1) 497853
(79,1) 496592
(18,1) 497910
(56,1) 496573
(73,1) 497843
(96,1) 496609
(44,1) 496583
(27,1) 496631
(65,1) 497863
(2,1) 496557
(62,1) 497839
(13,1) 497884
(30,1) 497863
(38,1) 497832
(93,1) 496595
(59,1) 497867
(76,1) 496559
(22,1) 496617
(45,1) 497911
(64,1) 496598
(87,1) 497819
(84,1) 496585
(61,1) 496607
(1,1) 496563
(31,1) 496551
(16,1) 496621
(39,1) 496577
(9,1) 497839
(90,1) 497815
(58,1) 496576
(98,1) 496571
(50,1) 496600
(25,1) 496578
(42,1) 497873
(81,1) 496572
(67,1) 496623
(36,1) 497865
(4,1) 496561
(11,1) 497833
(78,1) 496630
(53,1) 497895
(19,1) 496604
(70,1) 497893
(95,1) 497879
