(94989,1) 8836
(76832,1) 14519
(4354,1) 18053
(19118,1) 15346
(75667,1) 8697
(13331,1) 15314
(92682,1) 12657
(36832,1) 13880
(97819,1) 15381
(39307,1) 15200
(8430,1) 13764
(95718,1) 14591
(15879,1) 34951
(85275,1) 14088
(83013,1) 12114
(54702,1) 13518
(98275,1) 29845
(52601,1) 1
(25189,1) 1
(70311,1) 12315
(480,1) 1
(91905,1) 18032
(15844,1) 16806
(29230,1) 1
(26537,1) 18133
(43575,1) 15511
(52337,1) 19176
(60234,1) 12344
(85458,1) 1
(77631,1) 14940
(24562,1) 16356
(30563,1) 17771
(76122,1) 13814
(61640,1) 15920
(34285,1) 14427
(63855,1) 14620
(35851,1) 14042
(73532,1) 32547
(5198,1) 12212
(70127,1) 13290
(22713,1) 14300
(61112,1) 13768
(33750,1) 15155
(17304,1) 6833
(68662,1) 13281
(43356,1) 14881
(11884,1) 16564
(46129,1) 1
(44189,1) 16301
(82420,1) 11965
(97053,1) 1
(10843,1) 14156
(93470,1) 14292
(17121,1) 17325
(15122,1) 28236
(1351,1) 12081
(19784,1) 15179
(35655,1) 17078
(73715,1) 30138
(11505,1) 18726
(21169,1) 15389
(40686,1) 23743
(3681,1) 16891
(91392,1) 14421
(94014,1) 1
(68491,1) 6976
(90421,1) 33698
(42490,1) 1
(16585,1) 14127
(48082,1) 13715
(87123,1) 11987
(37767,1) 1
(1442,1) 16284
(7745,1) 16291
(64802,1) 1
(1054,1) 12423
(33177,1) 9175
(7872,1) 12088
(57191,1) 16302
(93790,1) 16850
(37436,1) 15625
(74686,1) 1
(80229,1) 16968
(11045,1) 16367
(26217,1) 1
(18559,1) 18006
(9711,1) 16605
(80367,1) 16595
(61664,1) 5880
(67357,1) 15487
(61308,1) 15235
(27873,1) 14066
(7630,1) 15217
(47901,1) 14169
(98147,1) 31099
(42213,1) 18882
(95695,1) 16770
(97257,1) 13714
(65313,1) 17985
(80940,1) 16152
(73510,1) 7111
(77801,1) 12860
(63078,1) 1
(86827,1) 15175
(94094,1) 9043
(39203,1) 15601
(86418,1) 16833
(26184,1) 11801
(67906,1) 12587
(88359,1) 15326
(37183,1) 12386
(49730,1) 16349
(54268,1) 17188
(59453,1) 1
(7390,1) 13997
(48482,1) 14676
(70264,1) 27727
(45769,1) 9063
(8967,1) 14587
(39126,1) 16580
(25966,1) 1
(60129,1) 14495
(31670,1) 14316
(7588,1) 15219
(10536,1) 1
(46702,1) 15067
(36809,1) 17239
(28419,1) 16238
(51939,1) 14704
(51175,1) 5722
(51345,1) 16447
(34133,1) 15344
(2859,1) 12086
(15992,1) 18280
(4478,1) 32229
(60692,1) 30566
(23054,1) 1
(14567,1) 15752
(92684,1) 1
(88401,1) 13174
(69125,1) 12120
(56895,1) 14930
(30630,1) 18141
(3991,1) 19013
(71302,1) 14656
(25797,1) 16392
(55091,1) 36263
(94406,1) 1
(85722,1) 16377
(92418,1) 1
(57685,1) 6100
(88678,1) 15915
(15672,1) 1
(65282,1) 1
(56493,1) 16526
(37242,1) 16855
(71199,1) 14211
(86017,1) 12716
(7619,1) 16396
(72182,1) 36922
(2219,1) 15969
(99279,1) 13877
(46416,1) 13920
(19395,1) 13256
(7817,1) 13220
(44363,1) 12871
(50224,1) 19014
(46351,1) 12346
(21374,1) 15441
(72264,1) 14128
(52438,1) 12116
(16286,1) 16494
(23362,1) 1
(80122,1) 14536
(83457,1) 15104
(24594,1) 14533
(95195,1) 16379
(24995,1) 13842
(31238,1) 25631
(28372,1) 14211
(21551,1) 14471
(13855,1) 14245
(84026,1) 1
(41362,1) 14091
(34527,1) 1
(94631,1) 16077
(57565,1) 18805
(29371,1) 14743
(22378,1) 13937
(38455,1) 17094
(52393,1) 16266
(75005,1) 15484
(40013,1) 12556
(94792,1) 7058
(557,1) 24743
(55894,1) 14434
(77456,1) 18910
(34551,1) 1
(25758,1) 18565
(81082,1) 16126
(38684,1) 34437
(6922,1) 1
(1045,1) 13256
(21940,1) 16161
(81934,1) 18844
(91187,1) 12964
(70308,1) 11955
(47859,1) 27606
(92105,1) 13924
(54522,1) 18502
(9569,1) 14017
(54000,1) 13582
(56239,1) 13882
(16038,1) 28520
(48779,1) 1
(11680,1) 18922
(99764,1) 26910
(49755,1) 17476
(86305,1) 15182
(11135,1) 15294
(47791,1) 17513
(81351,1) 13340
(76634,1) 14566
(49336,1) 12385
(25706,1) 1
(48010,1) 15016
(40071,1) 37776
(86196,1) 17488
(99408,1) 8948
(25948,1) 18269
(17214,1) 27827
(54487,1) 13499
(88595,1) 35475
(98358,1) 16245
(35476,1) 14590
(61534,1) 14018
(6079,1) 26724
(3546,1) 14166
(41108,1) 1
(58878,1) 14168
(52013,1) 12230
(3410,1) 12174
(59825,1) 14620
(1246,1) 1
(84548,1) 12710
(13541,1) 16010
(23692,1) 18227
(43639,1) 16086
(89526,1) 18105
(61287,1) 17235
(12754,1) 17884
(43195,1) 13619
(98661,1) 6425
(45290,1) 16415
(94453,1) 1
(3381,1) 11987
(78084,1) 17842
(10078,1) 12735
(88699,1) 16410
(60288,1) 15349
(67356,1) 13840
(42142,1) 15096
(93912,1) 18520
(60603,1) 19103
(7974,1) 17516
(26959,1) 17966
(36875,1) 16225
(15509,1) 36161
(5200,1) 18903
(13626,1) 18605
(24248,1) 32816
(54590,1) 14171
(11670,1) 14253
(44305,1) 13458
(36618,1) 18869
(49114,1) 33608
(2234,1) 14344
(81423,1) 12317
(37420,1) 15218
(66553,1) 17186
(60860,1) 14659
(69959,1) 14194
(65459,1) 16338
(53963,1) 1
(53556,1) 18811
(13438,1) 14981
(1768,1) 18847
(93235,1) 9333
(21426,1) 18597
(46128,1) 17091
(92654,1) 1
(91305,1) 24594
(93246,1) 14416
(28373,1) 26474
(20937,1) 12247
(27082,1) 18769
(14670,1) 14656
(30144,1) 15250
(30610,1) 14210
(95245,1) 14903
(7137,1) 8561
(20100,1) 14438
(75820,1) 1
(24481,1) 25734
(27027,1) 15028
(3327,1) 6375
(99799,1) 5753
(19573,1) 14442
(44013,1) 17409
(48194,1) 1
(97894,1) 13330
(77936,1) 32196
(25132,1) 5854
(32094,1) 16411
(47766,1) 28516
(79886,1) 24529
(52684,1) 17404
(83281,1) 16773
(91945,1) 14786
(44360,1) 15970
(88197,1) 1
(36058,1) 8929
(39838,1) 13366
(19016,1) 5708
(19469,1) 16026
(56963,1) 13338
(92291,1) 16074
(93817,1) 16273
(51965,1) 29287
(95383,1) 14190
(52314,1) 1
(52127,1) 17378
(31214,1) 16143
(71097,1) 12305
(95734,1) 16417
(88806,1) 13465
(14426,1) 16091
(96244,1) 14149
(19422,1) 12445
(72521,1) 18030
(88891,1) 12784
(97802,1) 13616
(22615,1) 12808
(23528,1) 18922
(36425,1) 1
(65596,1) 13572
(68965,1) 29293
(61966,1) 18095
(19262,1) 8908
(27433,1) 11872
(63849,1) 1
(26990,1) 13492
(53107,1) 8793
(4669,1) 12770
(29465,1) 18276
(32842,1) 18259
(30443,1) 33027
(99056,1) 12958
(66806,1) 14528
(18806,1) 29363
(89516,1) 16170
(50505,1) 15273
(30328,1) 12775
(63001,1) 16839
(87725,1) 12029
(16144,1) 13827
(57836,1) 16409
(67742,1) 33089
(68655,1) 17670
(19457,1) 16174
(96705,1) 16240
(97367,1) 15905
(71516,1) 14518
(92401,1) 7090
(94227,1) 15335
(27627,1) 13462
(95954,1) 16929
(73148,1) 17040
(96007,1) 16147
(11728,1) 19057
(50815,1) 14528
(22822,1) 8876
(36918,1) 17831
(29145,1) 15027
(84322,1) 15154
(27365,1) 17161
(1621,1) 24484
(82244,1) 14673
(16305,1) 14692
(50587,1) 16107
(27204,1) 16151
(52986,1) 16474
(79693,1) 13393
(77728,1) 14499
(21931,1) 28205
(34496,1) 16024
(92768,1) 14796
(61302,1) 13199
(81434,1) 5658
(72636,1) 1
(6414,1) 16417
(55288,1) 14109
(38172,1) 13828
(15116,1) 18069
(57276,1) 16494
(29763,1) 18695
(93544,1) 16352
(99547,1) 26829
(40267,1) 1
(38951,1) 13973
(44526,1) 14210
(94170,1) 17189
(77396,1) 13370
(28517,1) 15090
(40737,1) 12915
(80324,1) 17015
(38161,1) 14567
(87646,1) 15354
(59261,1) 15994
(81892,1) 37438
(50551,1) 19065
(43603,1) 13359
(62958,1) 8682
(9373,1) 7052
(24305,1) 13937
(1149,1) 13829
(25124,1) 1
(2375,1) 1
(31163,1) 16304
(78285,1) 12557
(81478,1) 18927
(2590,1) 12211
(73193,1) 14803
(57045,1) 12554
(97735,1) 14614
(81489,1) 11536
(74703,1) 12747
(13143,1) 18419
(9191,1) 16289
(4588,1) 15460
(9210,1) 15307
(67893,1) 6399
(55828,1) 18339
(16831,1) 34950
(76252,1) 28609
(92872,1) 17070
(33630,1) 13988
(7521,1) 12393
(22625,1) 17372
(57564,1) 17312
(3732,1) 19073
(10895,1) 15238
(43660,1) 18409
(29925,1) 14203
(13716,1) 30391
(38551,1) 13455
(65056,1) 17545
(79189,1) 16381
(80851,1) 31010
(95986,1) 18763
(8686,1) 16895
(18509,1) 18012
(90493,1) 30826
(94836,1) 12094
(30625,1) 17143
(1474,1) 17250
(82036,1) 16323
(71759,1) 15136
(5846,1) 17998
(70307,1) 15198
(42986,1) 16329
(4979,1) 18977
(69829,1) 1
(47449,1) 13181
(81916,1) 16157
(70143,1) 17169
(7327,1) 31995
(19444,1) 11945
(51934,1) 6310
(35628,1) 1
(7967,1) 13856
(47769,1) 14374
(69671,1) 16633
(15825,1) 13299
(55805,1) 15447
(2799,1) 15161
(90507,1) 12437
(3677,1) 1
(96980,1) 14746
(12815,1) 30285
(41605,1) 17205
(62685,1) 12964
(67,1) 1
(45609,1) 15759
(58750,1) 38457
(46603,1) 13364
(68609,1) 14288
(70947,1) 15573
(16787,1) 15524
(26431,1) 12144
(83566,1) 13345
(25243,1) 15313
(27023,1) 18145
(45111,1) 8782
(31639,1) 15057
(30755,1) 19149
(40231,1) 19095
(50600,1) 14299
(85105,1) 18040
(54471,1) 13741
(37485,1) 14436
(92880,1) 18145
(42458,1) 15986
(74201,1) 17731
(61058,1) 1
(80873,1) 16259
(84182,1) 32289
(81356,1) 12409
(88785,1) 15134
(25815,1) 13309
(74860,1) 16278
(72736,1) 15360
(40207,1) 17854
(73546,1) 29053
(56623,1) 15237
(35773,1) 12252
(46145,1) 15495
(34963,1) 12753
(28951,1) 13316
(632,1) 13950
(67814,1) 1
(98576,1) 13831
(86586,1) 7028
(90532,1) 15522
(48165,1) 15639
(57686,1) 16950
(76985,1) 1
(74922,1) 1
(4295,1) 13857
(38169,1) 15385
(52187,1) 13680
(47539,1) 17939
(6258,1) 1
(20804,1) 16660
(40545,1) 7059
(38656,1) 16425
(15235,1) 15437
(84718,1) 1
(30521,1) 14603
(4282,1) 13751
(38053,1) 18134
(10922,1) 13607
(14872,1) 13868
(26696,1) 14046
(46969,1) 14605
(47666,1) 14599
(61166,1) 1
(26218,1) 16423
(47717,1) 16164
(51508,1) 14608
(6096,1) 14151
(62852,1) 16332
(56945,1) 15601
(28522,1) 6494
(3692,1) 17319
(18244,1) 15350
(74546,1) 12916
(22686,1) 12253
(51375,1) 16150
(44796,1) 14837
(87286,1) 15662
(62666,1) 13765
(98038,1) 37441
(30627,1) 13898
(24068,1) 16612
(70244,1) 18150
(56373,1) 14587
(37085,1) 14495
(3832,1) 16543
(32439,1) 13842
(6307,1) 12351
(19836,1) 14385
(59968,1) 18458
(63269,1) 12160
(26430,1) 14486
(61573,1) 16642
(15410,1) 5794
(56317,1) 11769
(49759,1) 13802
(18837,1) 15267
(93020,1) 14268
(76965,1) 14484
(9714,1) 13617
(89730,1) 12280
(74850,1) 12746
(7028,1) 5821
(15129,1) 1
(5414,1) 25627
(47772,1) 18387
(44332,1) 17577
(87682,1) 16541
(34099,1) 33266
(56886,1) 19126
(56677,1) 15646
(73195,1) 12756
(50294,1) 1
(28604,1) 27738
(87020,1) 18861
(18464,1) 1
(46843,1) 12295
(66327,1) 1
(16872,1) 16653
(49947,1) 8714
(69943,1) 29287
(6215,1) 32586
(93322,1) 12955
(9445,1) 9132
(54969,1) 18645
(16371,1) 36413
(75580,1) 18463
(40158,1) 19068
(50156,1) 15253
(15955,1) 17980
(84802,1) 1
(70081,1) 1
(57841,1) 1
(58373,1) 18112
(95377,1) 6417
(15641,1) 16967
(58945,1) 6448
(64197,1) 31216
(77799,1) 12781
(47271,1) 13707
(22606,1) 12810
(57478,1) 15401
(4096,1) 15026
(86192,1) 15488
(44403,1) 1
(94927,1) 16944
(3388,1) 19325
