(72,1) 459605
(20,1) 453886
(66,1) 480005
(89,1) 466352
(28,1) 389108
(43,1) 456798
(37,1) 480009
(3,1) 453888
(14,1) 402514
(40,1) 457238
(52,1) 468210
(92,1) 313103
(75,1) 461492
(48,1) 461495
(23,1) 387894
(69,1) 387860
(86,1) 452732
(83,1) 395099
(34,1) 358895
(17,1) 429484
(55,1) 432379
(6,1) 361247
(97,1) 362113
(26,1) 466352
(51,1) 468202
(80,1) 362137
(41,1) 274552
(49,1) 275308
(68,1) 385814
(12,1) 451874
(35,1) 358891
(54,1) 457107
(5,1) 452703
(94,1) 456803
(71,1) 275312
(77,1) 359941
(21,1) 362128
(29,1) 319472
(63,1) 480016
(46,1) 457221
(88,1) 274544
(60,1) 366018
(15,1) 281608
(0,1) 366168
(91,1) 468193
(8,1) 358897
(32,1) 457092
(57,1) 395120
(74,1) 402510
(24,1) 389097
(47,1) 385796
(99,1) 402504
(82,1) 269802
(85,1) 366022
(33,1) 274545
(10,1) 429487
(7,1) 432359
(79,1) 362989
(18,1) 366019
(56,1) 275302
(73,1) 459598
(96,1) 416391
(44,1) 395115
(27,1) 362129
(65,1) 387879
(2,1) 466344
(62,1) 287349
(13,1) 451890
(30,1) 361263
(38,1) 366156
(93,1) 486972
(76,1) 362140
(59,1) 452690
(22,1) 359915
(45,1) 466328
(64,1) 456809
(87,1) 287342
(84,1) 362984
(61,1) 319472
(1,1) 466373
(31,1) 389107
(16,1) 459611
(39,1) 269051
(9,1) 457246
(90,1) 451899
(58,1) 359917
(98,1) 416416
(25,1) 432380
(50,1) 461489
(42,1) 362991
(81,1) 287350
(67,1) 429485
(36,1) 385800
(4,1) 416410
(11,1) 366152
(78,1) 466323
(53,1) 319486
(19,1) 457102
(70,1) 362120
(95,1) 361243
