(72,1) 446125
(20,1) 460850
(66,1) 312852
(28,1) 453151
(89,1) 359846
(43,1) 440673
(37,1) 462615
(3,1) 370213
(40,1) 460831
(14,1) 369095
(52,1) 462847
(92,1) 455790
(75,1) 369402
(48,1) 440020
(23,1) 385253
(69,1) 455723
(86,1) 454928
(83,1) 455731
(34,1) 440774
(17,1) 433314
(55,1) 312943
(6,1) 444429
(97,1) 282625
(51,1) 385220
(26,1) 369494
(80,1) 306546
(41,1) 453281
(68,1) 439875
(49,1) 341846
(12,1) 450894
(35,1) 443925
(54,1) 406861
(5,1) 461828
(94,1) 386312
(71,1) 406636
(77,1) 385593
(21,1) 461616
(29,1) 348664
(88,1) 363205
(46,1) 385920
(63,1) 348897
(60,1) 468522
(15,1) 385471
(0,1) 369208
(91,1) 268120
(8,1) 368800
(32,1) 365777
(57,1) 467701
(74,1) 386515
(24,1) 370187
(47,1) 451009
(99,1) 460955
(82,1) 468618
(85,1) 385440
(33,1) 363384
(10,1) 363250
(7,1) 389840
(79,1) 378558
(18,1) 370037
(56,1) 367946
(73,1) 369721
(96,1) 453095
(44,1) 273629
(27,1) 406550
(65,1) 282453
(2,1) 446005
(62,1) 348713
(13,1) 365683
(30,1) 276888
(38,1) 378650
(93,1) 454799
(59,1) 359968
(76,1) 440195
(22,1) 367590
(45,1) 389838
(87,1) 365694
(64,1) 389957
(84,1) 454485
(61,1) 282637
(1,1) 367721
(31,1) 467455
(16,1) 369225
(39,1) 451030
(9,1) 368729
(90,1) 462678
(58,1) 273763
(25,1) 312834
(98,1) 433390
(50,1) 468499
(42,1) 368656
(81,1) 378774
(67,1) 440722
(36,1) 433244
(4,1) 386432
(11,1) 446015
(78,1) 444274
(53,1) 467507
(19,1) 273819
(70,1) 461559
(95,1) 360082
