(55799,1) 13459
(95214,1) 14358
(6077,1) 12912
(3487,1) 13292
(80080,1) 14689
(62095,1) 12711
(46165,1) 13421
(33405,1) 13215
(52601,1) 13172
(7849,1) 13935
(35701,1) 13629
(97190,1) 13507
(12498,1) 14414
(45183,1) 13635
(62656,1) 13357
(41038,1) 13565
(14438,1) 14233
(49786,1) 14242
(46279,1) 14201
(35139,1) 13977
(56757,1) 13740
(4102,1) 12990
(30140,1) 13896
(663,1) 13576
(31592,1) 14040
(53492,1) 13006
(70941,1) 13029
(71374,1) 13907
(81954,1) 12769
(47388,1) 14191
(84339,1) 13377
(68614,1) 13854
(28397,1) 13051
(49569,1) 13818
(63728,1) 13075
(13481,1) 13630
(76706,1) 12708
(21675,1) 13510
(45171,1) 13662
(26090,1) 13534
(11505,1) 14395
(446,1) 13048
(15076,1) 14095
(24904,1) 13458
(47123,1) 14307
(79308,1) 13536
(41714,1) 14043
(44786,1) 13818
(8119,1) 12749
(4916,1) 14391
(29024,1) 13553
(68180,1) 13968
(16848,1) 13832
(63041,1) 13177
(60373,1) 13106
(11709,1) 12967
(19680,1) 14604
(9331,1) 14493
(40883,1) 13226
(30344,1) 13693
(93184,1) 13962
(93925,1) 12825
(17500,1) 12897
(88038,1) 13029
(91744,1) 13760
(7493,1) 13720
(13329,1) 13589
(61470,1) 13939
(89352,1) 14235
(8234,1) 13831
(9686,1) 13459
(85563,1) 13198
(50087,1) 14214
(49100,1) 13203
(34194,1) 13575
(49582,1) 13566
(62299,1) 14189
(79447,1) 13991
(34833,1) 13311
(51974,1) 14078
(62325,1) 13430
(54921,1) 12997
(14667,1) 14130
(11861,1) 12621
(39170,1) 13103
(56196,1) 13532
(88600,1) 14366
(43677,1) 13504
(51438,1) 13740
(35585,1) 13292
(83333,1) 12860
(5620,1) 13916
(85309,1) 13201
(66649,1) 13592
(20808,1) 13216
(60030,1) 13684
(45527,1) 12236
(17192,1) 14074
(13673,1) 14079
(62668,1) 13498
(87936,1) 13598
(57993,1) 13931
(67083,1) 12946
(51504,1) 13233
(18940,1) 13353
(91195,1) 13488
(63982,1) 13314
(81647,1) 13170
(84581,1) 13278
(66126,1) 13366
(36441,1) 13278
(76223,1) 14241
(81840,1) 13387
(73555,1) 14537
(80857,1) 13862
(5693,1) 13880
(37231,1) 13633
(38683,1) 14198
(49009,1) 14046
(65300,1) 13755
(22682,1) 13532
(80690,1) 13381
(59179,1) 13655
(37816,1) 13443
(15715,1) 13026
(56033,1) 13699
(20145,1) 13627
(7543,1) 13431
(66380,1) 13091
(55927,1) 13581
(33340,1) 13804
(35573,1) 13669
(34121,1) 13775
(75916,1) 13453
(19144,1) 12949
(95022,1) 13003
(11554,1) 13642
(8868,1) 13635
(25656,1) 13568
(20259,1) 13386
(9392,1) 13514
(8640,1) 13452
(20006,1) 13714
(78912,1) 13405
(4724,1) 14436
(83549,1) 14070
(42045,1) 13487
(47196,1) 12962
(21180,1) 13339
(70507,1) 13261
(66764,1) 13727
(8778,1) 14104
(80448,1) 13122
(98998,1) 13710
(85808,1) 13152
(49275,1) 13022
(53161,1) 13945
(37537,1) 13575
(11389,1) 13592
(19971,1) 13703
(954,1) 13680
(31924,1) 12895
(66482,1) 14249
(78109,1) 13860
(95316,1) 13259
(6777,1) 13076
(96768,1) 12968
(58009,1) 14126
(29421,1) 14480
(51581,1) 13803
(6221,1) 12973
(53836,1) 13935
(34935,1) 13599
(37091,1) 12717
(80436,1) 13011
(86840,1) 13508
(55276,1) 12834
(96630,1) 14035
(22084,1) 12923
(20960,1) 13266
(66494,1) 13306
(4289,1) 12572
(12311,1) 13831
(76121,1) 13684
(96106,1) 14122
(62963,1) 14075
(38977,1) 13401
(22915,1) 13973
(94421,1) 13203
(72041,1) 13094
(89327,1) 13161
(7579,1) 12950
(4674,1) 14178
(3652,1) 13302
(92967,1) 13653
(13075,1) 13220
(83853,1) 13382
(85142,1) 14098
(11951,1) 14307
(98045,1) 13307
(68855,1) 14026
(38712,1) 13939
(72994,1) 13728
(85040,1) 14205
(73858,1) 14394
(26737,1) 13016
(20136,1) 13916
(44229,1) 13444
(84631,1) 13690
(4405,1) 13716
(49987,1) 12982
(44905,1) 12961
(40428,1) 13519
(2636,1) 12981
(4634,1) 12904
(33204,1) 14069
(72818,1) 13085
(30192,1) 12954
(97321,1) 14006
(92940,1) 13461
(75408,1) 13769
(49483,1) 14095
(10448,1) 13747
(32807,1) 13909
(94296,1) 13601
(76173,1) 14292
(15736,1) 13725
(35409,1) 13591
(43272,1) 12931
(29613,1) 13246
(79141,1) 13987
(49229,1) 13821
(29581,1) 13085
(20067,1) 13284
(84916,1) 13792
(27317,1) 13610
(95164,1) 13916
(24878,1) 14071
(54,1) 13238
(16260,1) 13983
(85395,1) 13746
(90185,1) 13784
(62972,1) 13641
(27846,1) 12901
(39268,1) 13935
(30569,1) 13067
(14835,1) 13768
(32373,1) 13425
(53108,1) 12926
(36391,1) 13285
(4429,1) 14019
(78895,1) 14166
(76473,1) 13559
(47036,1) 12792
(52686,1) 14100
(25124,1) 13069
(43235,1) 12618
(4175,1) 13413
(19295,1) 14257
(24532,1) 13851
(52494,1) 13597
(82608,1) 13565
(33172,1) 13833
(94755,1) 13751
(38445,1) 13927
(44824,1) 13701
(3411,1) 14057
(81328,1) 13289
(22236,1) 13850
(79679,1) 13514
(81867,1) 13385
(64122,1) 14501
(57755,1) 14135
(29237,1) 13433
(88754,1) 13936
(93073,1) 13576
(54477,1) 13586
(42126,1) 14260
(93820,1) 13954
(65231,1) 12665
(88958,1) 13919
(12552,1) 12891
(72831,1) 13835
(83361,1) 13427
(72991,1) 13805
(65078,1) 13343
(65859,1) 14149
(10343,1) 13672
(49675,1) 13245
(63393,1) 13695
(87837,1) 14128
(76619,1) 13002
(49839,1) 13507
(70033,1) 13459
(67604,1) 13052
(81410,1) 13832
(5263,1) 13710
(47438,1) 13433
(60949,1) 13712
(25092,1) 14029
(63004,1) 12947
(64886,1) 13522
(47373,1) 12796
(92181,1) 14163
(20443,1) 13638
(59666,1) 13427
(91404,1) 12892
(20873,1) 14104
(59912,1) 14076
(91834,1) 13796
(43996,1) 13342
(36302,1) 13894
(19442,1) 13696
(6320,1) 13606
(36044,1) 13633
(74998,1) 14035
(76944,1) 14080
(92369,1) 13209
(74522,1) 13694
(17892,1) 13996
(44795,1) 13547
(39563,1) 13645
(39133,1) 13653
(32729,1) 13236
(84577,1) 13916
(85169,1) 14320
(38312,1) 13477
(57256,1) 13507
(70932,1) 13780
(93615,1) 13236
(1521,1) 13146
(19671,1) 14233
(76824,1) 13949
(90554,1) 12990
(75315,1) 12954
(45741,1) 13667
(36096,1) 13373
(15628,1) 14666
(81139,1) 13192
(64621,1) 13582
(42773,1) 13419
(65026,1) 13189
(29950,1) 13281
(25731,1) 13318
(94006,1) 13033
(16452,1) 13541
(76502,1) 13614
(72025,1) 13763
(34693,1) 14224
(24392,1) 12811
(72118,1) 13188
(63699,1) 13427
(17744,1) 13083
(13697,1) 13212
(64979,1) 13704
(97493,1) 13161
(61225,1) 13117
(87879,1) 13788
(98679,1) 13818
(45552,1) 14077
(13432,1) 13454
(78428,1) 13956
(72372,1) 13905
(84312,1) 12721
(23382,1) 13586
(87880,1) 13603
(56688,1) 13333
(44377,1) 13698
(29637,1) 13382
(16046,1) 13705
(59900,1) 13978
(38052,1) 13566
(69580,1) 13021
(87285,1) 13391
(6843,1) 12833
(16242,1) 14142
(17774,1) 13655
(93893,1) 14171
(74376,1) 13565
(35885,1) 13386
(57591,1) 13686
(65738,1) 13556
(99440,1) 13678
(88667,1) 13924
(20703,1) 14258
(59188,1) 13806
(28581,1) 13671
(3612,1) 13706
(47421,1) 13783
(18858,1) 13844
(43953,1) 13965
(51688,1) 13479
(58699,1) 13990
(99199,1) 13543
(79583,1) 13656
(90192,1) 13592
(54772,1) 13427
(2104,1) 13926
(67954,1) 13691
(38922,1) 12664
(12774,1) 13126
(2425,1) 12769
(37057,1) 13579
(24412,1) 13307
(29219,1) 13561
(99748,1) 14289
(4160,1) 13007
(98216,1) 13551
(88518,1) 13668
(98126,1) 13563
(91930,1) 14208
(30691,1) 13328
(9067,1) 13436
(25991,1) 13446
(77425,1) 13843
(77985,1) 13805
(40595,1) 13570
(39353,1) 13710
(63236,1) 13508
(80148,1) 13739
(99290,1) 13105
(20919,1) 14035
(9310,1) 13180
(84729,1) 14128
(6900,1) 13094
(99544,1) 13108
(93447,1) 13292
(45583,1) 14239
(32162,1) 13255
(23075,1) 14611
(35474,1) 13693
(65634,1) 14126
(46361,1) 13382
(22781,1) 13928
(29618,1) 13582
(51918,1) 13746
(63353,1) 14177
(78636,1) 12873
(27051,1) 13402
(94325,1) 14545
(26642,1) 13717
(68158,1) 13829
(47572,1) 13031
(18206,1) 13857
(71088,1) 12994
(89615,1) 13858
(19785,1) 14252
(61045,1) 13583
(86282,1) 13059
(89854,1) 13756
(35325,1) 14249
(33740,1) 13803
(15604,1) 13592
(13574,1) 12367
(68467,1) 13597
(6098,1) 13601
(87789,1) 13657
(49867,1) 14232
(64435,1) 13557
(57464,1) 13745
(24262,1) 14312
(7141,1) 13348
(58424,1) 13210
(79811,1) 13930
(13809,1) 13587
(98906,1) 14230
(32123,1) 12981
(7537,1) 13391
(85343,1) 13964
(38281,1) 13318
(29045,1) 13434
(3522,1) 12864
(31697,1) 13011
(46246,1) 13047
(66207,1) 13631
(47802,1) 13451
(50732,1) 13555
(48263,1) 13477
(27270,1) 14517
(33690,1) 13357
(77238,1) 12849
(79769,1) 14286
(2141,1) 13566
(18168,1) 13337
(62601,1) 14324
(17399,1) 13553
(54465,1) 13303
(89222,1) 14019
(34734,1) 13764
(77656,1) 12995
(53242,1) 13729
(68938,1) 12940
(49360,1) 14270
(68521,1) 13490
(94568,1) 13579
(40970,1) 13568
(57857,1) 13424
(29107,1) 12992
(65008,1) 13067
(46896,1) 13194
(89932,1) 14119
(87396,1) 13718
(81831,1) 13088
(73775,1) 13259
(91611,1) 13515
(57067,1) 13038
(49984,1) 12651
(88222,1) 14036
(14189,1) 13114
(4631,1) 13366
(87980,1) 13543
(72353,1) 13192
(88595,1) 13727
(45713,1) 13238
(14470,1) 13705
(73879,1) 12853
(1291,1) 13589
(65906,1) 13614
(6768,1) 13888
(6338,1) 13279
(92655,1) 12818
(50441,1) 13318
(60407,1) 13247
(66541,1) 14144
(21098,1) 14063
(82818,1) 13773
(95257,1) 13400
(84107,1) 13498
(11182,1) 14332
(93700,1) 13568
(27574,1) 13276
(42142,1) 13973
(23468,1) 13640
(18295,1) 12529
(66334,1) 13236
(10721,1) 13822
(19688,1) 13383
(54940,1) 13598
(16217,1) 14175
(81083,1) 13091
(21809,1) 13894
(19550,1) 13601
(17749,1) 13780
(14598,1) 13954
(59521,1) 12899
(34328,1) 13868
(59086,1) 13615
(61882,1) 14100
(17188,1) 13923
(29922,1) 13302
(55416,1) 13367
(87372,1) 13847
(45150,1) 13225
(79794,1) 13888
(56241,1) 13830
(1768,1) 12831
(97475,1) 13764
(72251,1) 13328
(69738,1) 13351
(96200,1) 12934
(78714,1) 13191
(97744,1) 13459
(16344,1) 13575
(69564,1) 13263
(37162,1) 13486
(20309,1) 14311
(8265,1) 12792
(8099,1) 13675
(44185,1) 13210
(22447,1) 13716
(65239,1) 12949
(41477,1) 13085
(13834,1) 14081
(32330,1) 14075
(10847,1) 13536
(86257,1) 12627
(16205,1) 13350
(81704,1) 13774
(3943,1) 13901
(88338,1) 13001
(78688,1) 13278
(58996,1) 13282
(33946,1) 13695
(28082,1) 12855
(17750,1) 14105
(55858,1) 12942
(21403,1) 12988
(50513,1) 13093
(71191,1) 12604
(69971,1) 14029
(27423,1) 14431
(43211,1) 12858
(24237,1) 14161
(57671,1) 13403
(77644,1) 14042
(80761,1) 13517
(11229,1) 13294
(84688,1) 13420
(74645,1) 13541
(17401,1) 12993
(36483,1) 12744
(63929,1) 13225
(89586,1) 13928
(36608,1) 12765
(34966,1) 13937
(46973,1) 12501
(71356,1) 13520
(83156,1) 13609
(18428,1) 13523
(61199,1) 13911
(31642,1) 13319
(21164,1) 13269
(41376,1) 12982
(17895,1) 13318
(10769,1) 13136
(65423,1) 12843
(62455,1) 13292
(84814,1) 13631
(17619,1) 13685
(26886,1) 12909
(46811,1) 13815
(84104,1) 13503
(88822,1) 14494
(12344,1) 13618
(79084,1) 13420
(21188,1) 13443
(78319,1) 13986
(22707,1) 13452
(25963,1) 13637
(58476,1) 12323
(57412,1) 13813
(6530,1) 13603
(92516,1) 13025
(81080,1) 13562
(15563,1) 13027
(3939,1) 13636
(69958,1) 13814
(83339,1) 13617
(60045,1) 13536
(26464,1) 12809
(26521,1) 14189
(20331,1) 13963
(14640,1) 14354
(81399,1) 13944
(34256,1) 13172
(36001,1) 13122
(77145,1) 13809
(80659,1) 12905
(4736,1) 13536
(27420,1) 13996
(6554,1) 13621
(2375,1) 13849
(41924,1) 13307
(13518,1) 13335
(34337,1) 13099
(96212,1) 14216
(39220,1) 13384
(35969,1) 13466
(60070,1) 13048
(30536,1) 13407
(74300,1) 12797
(50952,1) 13607
(80108,1) 14265
(93683,1) 13220
(89802,1) 13804
(59638,1) 13664
(95115,1) 13600
(911,1) 13614
(63276,1) 14052
(45165,1) 13317
(79965,1) 13931
(86173,1) 13485
(6566,1) 14519
(75235,1) 14152
(15027,1) 13755
(76129,1) 13418
(10210,1) 14157
(77879,1) 14200
(99228,1) 13418
(55850,1) 13957
(25582,1) 13039
(78162,1) 13412
(43214,1) 13706
(89721,1) 13124
(66556,1) 13433
(32910,1) 14181
(39142,1) 14578
(5923,1) 14752
(46340,1) 14036
(96626,1) 13025
(65435,1) 12197
(64155,1) 12670
(54432,1) 13422
(55196,1) 12611
(84745,1) 13352
(94160,1) 14333
(22549,1) 13419
(32394,1) 13680
(28943,1) 13569
(89485,1) 13182
(72004,1) 13579
(84128,1) 13450
(49307,1) 14019
(64760,1) 13502
(95143,1) 14165
(28801,1) 13554
(55063,1) 12818
(95086,1) 14127
(935,1) 13476
(70348,1) 12587
(78449,1) 12568
(2193,1) 14012
(71616,1) 12947
(61934,1) 12900
(728,1) 13689
(68630,1) 13979
(92111,1) 13869
(51680,1) 13715
(97983,1) 13098
(76628,1) 13626
(7898,1) 14046
(62585,1) 13738
(62727,1) 13274
(37008,1) 13654
(70628,1) 12963
(87510,1) 13105
(21768,1) 13824
(28366,1) 13088
(55107,1) 14049
(15591,1) 13295
(85919,1) 13821
(93054,1) 13634
(37073,1) 13694
(44880,1) 13385
(77393,1) 14124
(65674,1) 13230
(93459,1) 14163
(74941,1) 13129
(33191,1) 14128
(72608,1) 13596
(63630,1) 13678
(27314,1) 13736
(22675,1) 13382
(8736,1) 13951
(1566,1) 13906
(16806,1) 13709
(2416,1) 13844
(44019,1) 14373
(12291,1) 14112
(69195,1) 13370
(6282,1) 13884
(15502,1) 13233
(55781,1) 12989
(47177,1) 12674
(17360,1) 12881
(89367,1) 13594
(76965,1) 13626
(55456,1) 12879
(25253,1) 13477
(98309,1) 13161
(24590,1) 14116
(89972,1) 13988
(17266,1) 13582
(32126,1) 13241
(83615,1) 13137
(39178,1) 13880
(84907,1) 13279
(36763,1) 13910
(96889,1) 13379
(72498,1) 13009
(9412,1) 12977
(82627,1) 13933
(42064,1) 14284
(38613,1) 13119
(24501,1) 13405
(58594,1) 13535
(18789,1) 13481
(4156,1) 13060
(65305,1) 13903
(81347,1) 14191
(80826,1) 13702
(529,1) 13568
(38706,1) 13649
(68861,1) 13328
(47271,1) 12539
(44575,1) 13205
(32881,1) 14114
(90297,1) 13317
(76523,1) 13516
(92042,1) 14340
(8613,1) 13900
(94725,1) 12669
(70472,1) 13662
(49191,1) 13407
(25818,1) 13197
(23637,1) 14095
(19531,1) 13457
(53973,1) 14045
(98526,1) 13794
(42558,1) 13042
(94049,1) 13700
(17350,1) 14068
(88449,1) 13829
(14404,1) 14190
(84121,1) 13711
(70873,1) 13495
(30850,1) 13873
(14599,1) 13943
(77837,1) 13351
(57786,1) 14459
(35633,1) 13703
(69483,1) 12515
(38681,1) 14136
(36397,1) 12966
(65453,1) 14155
(65178,1) 13661
(65703,1) 13689
(30346,1) 13845
(84775,1) 13183
(44110,1) 12816
(29607,1) 13881
(47799,1) 13950
(77813,1) 12871
(13021,1) 13631
(3293,1) 13298
(17624,1) 13107
(57234,1) 12608
(58768,1) 13235
(42960,1) 13534
(12522,1) 13700
(62199,1) 13186
(13974,1) 13602
(71303,1) 14034
(11343,1) 13099
(12795,1) 13249
(38087,1) 13677
(57684,1) 13009
(42869,1) 14044
(64930,1) 14842
(80069,1) 13291
(74584,1) 13862
(86293,1) 13739
(1055,1) 12936
(75714,1) 13917
(9995,1) 13398
(7332,1) 13343
(36132,1) 13830
(77801,1) 13995
(70771,1) 14076
(22769,1) 13625
(41965,1) 13460
(13638,1) 12972
(10914,1) 13329
(12534,1) 13340
(4193,1) 13665
(24136,1) 12867
(43725,1) 12815
(42755,1) 13077
(73324,1) 13429
(22176,1) 13456
(89947,1) 13300
(93398,1) 14216
(67609,1) 12986
(11425,1) 13626
(63407,1) 14080
(75841,1) 12824
(63337,1) 13799
(48769,1) 13134
(64803,1) 13760
(44637,1) 13375
(29943,1) 13584
(30653,1) 13226
(36876,1) 14158
(53961,1) 13042
(27827,1) 13053
(45594,1) 14204
(7757,1) 13681
(30322,1) 13355
(43298,1) 12804
(75702,1) 13737
(19874,1) 13551
(5048,1) 13667
(89808,1) 14452
(48217,1) 14077
(50901,1) 13956
(78278,1) 13270
(34982,1) 13390
(10926,1) 13210
(24353,1) 14158
(77760,1) 13393
(84697,1) 13728
(49371,1) 14037
(74739,1) 13669
(98988,1) 13444
(47825,1) 12605
(18478,1) 12815
(26935,1) 13432
(28829,1) 13585
(52742,1) 12960
(3358,1) 13924
(24415,1) 13235
(58311,1) 13078
(45918,1) 12999
(3306,1) 13207
(19993,1) 13085
(75979,1) 12669
(23096,1) 13903
(78152,1) 14134
(53511,1) 13389
(56416,1) 12918
(36852,1) 13820
(10010,1) 13427
(30096,1) 14115
(91816,1) 14448
(44662,1) 13863
(54775,1) 12641
(82934,1) 13913
(52569,1) 13627
(81739,1) 12911
(79900,1) 12605
(45582,1) 13706
(93374,1) 14799
(23355,1) 13378
(59321,1) 13286
(7974,1) 13501
(20614,1) 13527
(54464,1) 13835
(51485,1) 13635
(24403,1) 13745
(26865,1) 13221
(72227,1) 13249
(80250,1) 13375
(9545,1) 13449
(72984,1) 13271
(54452,1) 13318
(3477,1) 13817
(98497,1) 12273
(93117,1) 14098
(23948,1) 14002
(10206,1) 13821
(6150,1) 13022
(86306,1) 13167
(591,1) 13361
(53883,1) 12867
(2827,1) 13402
(83269,1) 13670
(15156,1) 13672
(72239,1) 13696
(51011,1) 13691
(81924,1) 13798
(97486,1) 13999
(6964,1) 14235
(56682,1) 13872
(63043,1) 13496
(68563,1) 13756
(83609,1) 13611
(988,1) 14002
(18855,1) 13373
(31341,1) 12994
(63648,1) 13470
(64521,1) 13610
(61010,1) 13572
(2222,1) 13437
(22017,1) 13286
(66295,1) 13691
(84714,1) 13603
(71949,1) 13154
(45116,1) 14036
(38476,1) 14304
(7254,1) 13832
(88036,1) 13245
(86956,1) 13778
(50965,1) 13113
(45943,1) 14332
(3465,1) 14044
(41036,1) 13845
(98464,1) 13773
(98288,1) 14392
(73762,1) 13128
(9754,1) 13273
(99766,1) 13481
(8302,1) 13784
(99254,1) 13314
(94361,1) 13445
(81110,1) 14235
(33010,1) 13323
(86194,1) 13547
(88490,1) 12679
(16454,1) 14111
(22615,1) 13897
(72968,1) 12823
(11201,1) 13116
(47542,1) 13121
(53405,1) 14321
(50277,1) 13727
(45223,1) 13571
(61692,1) 13042
(99893,1) 13079
(44276,1) 13331
(16969,1) 13605
(91418,1) 12914
(77591,1) 13345
(32429,1) 13362
(56648,1) 13105
(33182,1) 13384
(66439,1) 13164
(49265,1) 14124
(15530,1) 13158
(94250,1) 13817
(36196,1) 14776
(10127,1) 13316
(68758,1) 13325
(72453,1) 14085
(40692,1) 12956
(8195,1) 13378
(86228,1) 13090
(70615,1) 13977
(99513,1) 13758
(82943,1) 13224
(78411,1) 12864
(33857,1) 12708
(22500,1) 13546
(37993,1) 14644
(96684,1) 14460
(13462,1) 12963
(36403,1) 13258
(47621,1) 12778
(18748,1) 12545
(35407,1) 12967
(57938,1) 13600
(3720,1) 13219
(93178,1) 13960
(83948,1) 13058
(29063,1) 14006
(5626,1) 13195
(13132,1) 13170
(897,1) 13389
(73986,1) 13806
(77408,1) 13551
(8354,1) 13687
(62728,1) 13009
(63562,1) 13474
(63046,1) 13712
(92001,1) 12981
(12586,1) 14026
(52548,1) 13198
(45672,1) 13008
(33034,1) 14020
(16478,1) 12878
(93842,1) 12855
(26751,1) 13482
(71678,1) 13632
(69730,1) 13903
(37899,1) 14113
(98099,1) 14259
(67446,1) 13913
(81020,1) 13612
(18840,1) 13623
(51703,1) 13099
(72637,1) 13719
(29684,1) 13513
(16892,1) 13098
(66876,1) 13119
(4693,1) 13686
(82508,1) 13941
(73021,1) 13304
(52135,1) 13103
(53587,1) 13129
(18405,1) 13282
(15726,1) 13048
(57861,1) 13585
(73974,1) 13802
(96120,1) 13693
(83454,1) 14010
(83007,1) 13824
(10139,1) 13443
(90343,1) 14142
(9624,1) 13757
(72703,1) 13583
(60822,1) 12898
(96099,1) 13787
(11716,1) 13804
(95219,1) 14255
(94491,1) 13224
(15918,1) 13669
(64611,1) 13174
(51317,1) 13631
(57954,1) 13746
(97736,1) 13698
(60174,1) 13461
(29795,1) 13835
(4528,1) 13012
(78942,1) 13369
(78426,1) 12978
(15464,1) 13571
(94144,1) 13926
(79964,1) 13546
(34786,1) 13338
(19849,1) 13134
(79379,1) 13573
(71445,1) 13547
(20477,1) 13957
(97073,1) 13332
(56944,1) 13776
(22148,1) 13772
(34533,1) 13276
(29755,1) 13379
(97748,1) 13867
(15807,1) 12676
(43389,1) 13468
(13024,1) 13726
(30113,1) 13199
(81338,1) 14324
(86953,1) 14275
(69537,1) 13625
(93219,1) 13366
(60689,1) 14368
(30440,1) 13825
(22069,1) 13728
(45868,1) 13310
(90497,1) 12652
(5573,1) 13827
(25954,1) 13324
(95178,1) 13772
(11290,1) 13380
(72920,1) 13116
(21591,1) 13343
(62196,1) 13761
(95670,1) 14422
(6938,1) 13605
(99071,1) 13338
(93866,1) 14040
(57978,1) 13388
(92077,1) 13091
(50916,1) 13868
(73070,1) 12747
(97375,1) 13087
(22922,1) 13329
(47448,1) 12910
(56571,1) 13699
(25637,1) 13178
(21305,1) 13838
(76487,1) 13609
(73418,1) 12790
(40706,1) 13167
(7238,1) 13346
(77566,1) 13882
(67860,1) 13557
(14923,1) 13938
(42227,1) 13941
(60665,1) 13194
(95984,1) 12926
(14712,1) 13559
(47915,1) 13554
(12923,1) 13408
(3993,1) 13720
(2300,1) 13297
(71408,1) 13874
(93296,1) 13598
(72288,1) 14790
(66476,1) 13457
(45542,1) 13400
(40731,1) 13698
(86462,1) 13842
(79753,1) 14289
(48397,1) 12870
(46596,1) 13874
(20851,1) 13747
(61935,1) 12460
(668,1) 14266
(77871,1) 13773
(83208,1) 13773
(39238,1) 13003
(33648,1) 13931
(9688,1) 13792
(13990,1) 13370
(8236,1) 13418
(83044,1) 12956
(87951,1) 13565
(72674,1) 14069
(26522,1) 13678
(93670,1) 14597
(81523,1) 14160
(59885,1) 13496
(42404,1) 13478
(30452,1) 13846
(27765,1) 14151
(52600,1) 12965
(53936,1) 12914
(53364,1) 13431
(39074,1) 12847
(71630,1) 14102
(34405,1) 14373
(66267,1) 13900
(92601,1) 13333
(21433,1) 13305
(5129,1) 13922
(31121,1) 13971
(6535,1) 13467
(69700,1) 13250
(15913,1) 13487
(23340,1) 13637
(52865,1) 13974
(63363,1) 13037
(29952,1) 13632
(62461,1) 13517
(6146,1) 13801
(62186,1) 13438
(25750,1) 13469
(16013,1) 13382
(31695,1) 13597
(72562,1) 14418
(31509,1) 13721
(43654,1) 14306
(80791,1) 13293
(96186,1) 12809
(77781,1) 12864
(95571,1) 12964
(89385,1) 13067
(5117,1) 14580
(13629,1) 13647
(16174,1) 13576
(67381,1) 14442
(6007,1) 14074
(21019,1) 14062
(26365,1) 14011
(48357,1) 13267
(99977,1) 13729
(10203,1) 13766
(58182,1) 13225
(9860,1) 13736
(961,1) 13438
(98584,1) 13464
(55662,1) 13592
(64380,1) 13565
(58949,1) 13432
(31133,1) 12459
(10593,1) 14196
(75723,1) 14259
(95583,1) 13914
(96198,1) 13553
(60716,1) 12871
(56576,1) 13655
(22539,1) 12494
(25852,1) 13379
(37655,1) 13722
(91266,1) 13412
(92397,1) 14271
(34295,1) 13544
(82889,1) 12767
(64392,1) 14259
(36831,1) 13865
(72297,1) 13880
(16504,1) 13933
(32514,1) 13644
(20794,1) 13080
(77403,1) 13355
(17268,1) 13833
(32262,1) 13476
(57994,1) 13136
(3648,1) 13634
(36452,1) 14002
(67015,1) 12343
(49135,1) 13234
(79309,1) 13961
(14208,1) 13155
(4478,1) 13771
(26389,1) 13249
(71132,1) 13832
(34557,1) 14079
(63639,1) 14225
(59815,1) 13499
(79536,1) 13298
(99702,1) 13066
(86804,1) 14859
(72010,1) 14392
(98846,1) 13612
(82409,1) 13413
(44935,1) 13336
(14369,1) 13547
(93766,1) 13376
(39776,1) 13781
(77290,1) 14278
(59336,1) 12988
(6560,1) 12753
(70188,1) 13146
(67229,1) 14254
(10239,1) 13497
(62762,1) 13818
(28320,1) 12740
(71719,1) 13959
(30806,1) 12821
(71480,1) 13522
(40139,1) 13816
(21333,1) 13372
(37003,1) 12587
(91583,1) 13426
(96222,1) 14002
(64834,1) 13529
(37919,1) 13913
(7778,1) 13718
(53930,1) 13527
(44897,1) 13047
(16239,1) 13576
(19602,1) 13467
(36038,1) 12526
(79386,1) 13196
(40593,1) 13650
(89703,1) 12918
(36789,1) 13861
(20730,1) 13234
(2662,1) 14348
(54076,1) 13496
(69112,1) 13160
(39197,1) 13230
(43337,1) 13987
(13564,1) 14087
(41184,1) 13406
(33667,1) 13657
(37932,1) 13173
(46650,1) 13319
(9393,1) 14383
(46115,1) 13266
(73678,1) 13816
(36663,1) 13252
(19247,1) 13632
(67039,1) 13051
(83727,1) 13538
(1142,1) 13678
(7301,1) 13981
(57239,1) 14262
(48297,1) 14106
(36538,1) 13597
(77793,1) 13641
(57357,1) 14119
(55044,1) 13432
(99335,1) 13800
(40164,1) 13451
(60604,1) 14383
(27165,1) 12955
(41570,1) 13694
(74205,1) 13752
(66075,1) 13253
(13415,1) 14117
(76562,1) 13602
(22540,1) 12980
(14180,1) 13924
(5910,1) 13831
(88256,1) 13398
(13868,1) 13787
(96361,1) 13510
(76447,1) 13740
(3012,1) 13375
(68084,1) 14153
(85280,1) 13013
(11159,1) 13993
(29234,1) 14278
(92572,1) 13699
(89081,1) 13836
(21007,1) 13590
(29258,1) 13389
(55463,1) 14078
(2068,1) 13492
(11775,1) 13156
(58008,1) 14692
(43002,1) 14213
(86702,1) 13810
(79561,1) 13480
(12905,1) 12761
(18110,1) 13559
(8137,1) 13816
(44700,1) 12996
(6848,1) 13724
(6523,1) 12972
(72399,1) 14310
(54406,1) 14402
(67205,1) 12992
(92186,1) 13242
(7474,1) 13058
(28770,1) 13132
(63416,1) 13779
(33643,1) 13404
(95080,1) 13511
(89361,1) 13313
(19925,1) 14732
(92560,1) 13334
(50012,1) 13123
(73732,1) 13440
(59800,1) 13761
(71196,1) 13592
(76987,1) 13140
(39233,1) 13108
(31230,1) 13912
(5937,1) 13495
(32647,1) 13495
(62765,1) 13052
(25137,1) 13284
(11946,1) 13953
(95381,1) 13886
(54021,1) 13700
(88913,1) 13608
(81158,1) 13416
(64774,1) 13700
(76655,1) 14178
(3126,1) 12897
(46882,1) 13835
(64762,1) 13500
(80199,1) 13515
(13337,1) 13802
(46273,1) 13929
(96900,1) 13172
(43971,1) 14645
(71184,1) 13442
(96327,1) 14174
(14662,1) 12807
(96786,1) 13135
(8402,1) 14251
(70100,1) 13223
(33571,1) 13583
(84642,1) 13651
(36988,1) 13792
(55402,1) 12074
(13244,1) 13823
(40805,1) 13743
(48674,1) 13718
(70419,1) 13904
(25985,1) 13033
(89665,1) 13997
(76999,1) 13287
(38846,1) 14029
(61449,1) 13454
(99332,1) 13761
(24145,1) 13942
(61899,1) 13422
(15138,1) 13756
(73707,1) 13855
(78058,1) 14113
(10954,1) 13133
(74083,1) 12716
(1527,1) 13811
(49163,1) 13662
(15313,1) 13326
(85966,1) 13482
(93567,1) 13658
(19284,1) 13179
(92616,1) 13948
(9989,1) 13082
(67996,1) 13804
(15759,1) 13917
(68165,1) 14035
(55321,1) 13240
(10541,1) 13687
(22235,1) 13640
(14435,1) 13897
(43480,1) 13387
(89848,1) 13755
(97450,1) 13298
(38298,1) 13833
(36209,1) 12982
(13418,1) 13504
(70282,1) 12329
(53840,1) 12841
(8746,1) 14530
(17207,1) 13992
(77488,1) 13836
(60867,1) 13951
(29348,1) 12828
(54856,1) 14370
(87942,1) 13075
(13678,1) 13669
(22170,1) 13629
(43066,1) 13736
(75201,1) 14022
(26024,1) 14326
(59162,1) 13056
(45403,1) 13796
(40764,1) 14267
(6028,1) 13859
(13386,1) 13782
(72788,1) 13614
(41017,1) 13582
(75756,1) 13683
(37335,1) 13871
(9901,1) 13503
(5751,1) 13220
(22515,1) 13663
(86483,1) 12786
(48366,1) 13575
(28624,1) 13369
(23068,1) 13492
(99705,1) 13345
(17021,1) 13636
(73201,1) 13552
(38249,1) 13452
(62831,1) 12964
(37031,1) 14319
(69148,1) 14606
(98575,1) 13996
(81637,1) 13329
(50166,1) 13123
(82045,1) 13634
(44050,1) 13875
(48646,1) 13470
(72501,1) 13135
(45030,1) 14056
(51426,1) 13586
(45135,1) 13641
(9328,1) 13679
(75196,1) 14181
(9645,1) 13129
(16978,1) 13241
(69372,1) 14109
(3925,1) 13436
(96749,1) 13770
(56410,1) 12545
(39493,1) 13691
(17617,1) 13277
(48167,1) 13564
(40103,1) 13393
(43983,1) 14395
(10212,1) 13455
(87706,1) 14930
(4321,1) 12408
(17033,1) 13555
(51134,1) 13715
(19220,1) 13378
(95133,1) 13428
(81077,1) 13994
(9353,1) 12960
(99214,1) 13388
(83544,1) 13541
(8308,1) 13418
(29604,1) 13717
(22299,1) 14028
(2812,1) 13718
(96774,1) 13525
(29417,1) 13568
(71756,1) 13477
(49561,1) 13433
(52365,1) 13816
(32392,1) 14247
(28754,1) 13280
(65652,1) 13599
(33148,1) 13740
(72420,1) 12705
(7446,1) 13277
(18370,1) 13882
(55864,1) 13278
(98283,1) 13778
(27137,1) 13470
(88669,1) 13749
(53308,1) 14034
(48143,1) 13555
(62060,1) 13714
(1284,1) 13930
(91928,1) 13022
(83836,1) 13596
(89239,1) 13435
(5073,1) 13586
(95811,1) 12879
(98189,1) 14171
(80138,1) 14752
(50937,1) 13805
(50844,1) 13677
(24860,1) 13251
(41707,1) 13135
(42845,1) 14079
(92973,1) 13420
(2551,1) 13982
(14840,1) 13442
(91253,1) 13174
(18767,1) 13911
(37722,1) 13027
(37161,1) 13102
(1466,1) 13324
(29425,1) 13546
(96151,1) 13207
(28214,1) 13513
(42638,1) 13744
(43608,1) 13414
(64780,1) 12787
(59520,1) 13024
(73829,1) 12499
(33257,1) 13978
(12658,1) 13785
(56917,1) 12531
(84704,1) 13928
(28582,1) 14157
(89626,1) 13988
(48723,1) 13281
(70564,1) 13448
(98103,1) 13546
(6811,1) 12947
(1213,1) 13743
(53550,1) 13473
(37263,1) 13505
(80366,1) 13049
(34203,1) 13682
(93892,1) 14236
(56905,1) 13514
(96265,1) 13712
(14393,1) 13530
(29630,1) 13413
(70425,1) 14071
(93790,1) 13820
(49246,1) 13962
(65050,1) 13017
(25648,1) 13634
(15719,1) 14257
(84933,1) 13842
(25279,1) 13406
(4401,1) 13696
(62586,1) 13267
(75118,1) 13927
(91838,1) 13648
(54163,1) 13127
(14381,1) 13349
(46885,1) 13188
(69526,1) 13186
(34558,1) 13122
(72770,1) 13512
(25394,1) 13336
(50169,1) 14246
(98905,1) 13715
(41987,1) 13664
(15297,1) 12668
(7129,1) 13229
(43060,1) 12909
(48543,1) 13685
(70474,1) 13868
(31383,1) 13530
(15732,1) 13431
(92121,1) 13950
(96379,1) 13594
(70908,1) 14293
(63376,1) 13002
(10326,1) 13892
(55972,1) 13879
(85849,1) 13159
(91470,1) 13432
(62255,1) 13612
(36854,1) 12754
(9437,1) 13353
(35172,1) 13901
(90971,1) 13986
(53664,1) 13878
(11116,1) 12887
(45572,1) 13563
(88452,1) 14291
(20522,1) 13879
(74594,1) 13726
(97566,1) 13690
(63159,1) 13502
(95550,1) 13353
(29233,1) 13092
(46185,1) 13323
(27424,1) 12644
(49451,1) 14016
(57707,1) 14274
(58971,1) 12570
(49692,1) 13178
(7996,1) 14332
(59379,1) 13095
(6429,1) 14040
(74786,1) 14011
(96686,1) 13378
(35361,1) 13454
(26896,1) 12752
(49336,1) 13772
(63773,1) 13678
(81504,1) 13212
(72679,1) 13826
(39059,1) 13725
(58717,1) 14310
(36318,1) 13529
(97313,1) 13602
(14521,1) 13936
(18374,1) 13652
(85305,1) 13203
(2268,1) 12489
(88235,1) 13160
(48023,1) 13823
(48694,1) 13380
(1057,1) 14148
(63417,1) 13866
(21528,1) 13585
(45265,1) 13474
(26478,1) 13455
(93001,1) 13895
(17622,1) 13708
(20345,1) 12926
(51701,1) 13999
(3713,1) 13521
(99264,1) 12646
(78433,1) 12661
(62075,1) 13600
(57302,1) 13855
(24261,1) 14096
(33540,1) 13810
(76456,1) 13194
(19332,1) 12896
(37696,1) 14041
(40610,1) 13599
(35222,1) 13399
(80877,1) 13461
(31830,1) 12834
(59785,1) 13482
(69959,1) 13631
(29515,1) 13523
(36306,1) 12544
(73178,1) 13350
(95525,1) 13726
(21899,1) 13979
(75969,1) 12903
(69727,1) 14142
(4338,1) 13821
(36117,1) 13535
(70041,1) 14152
(40989,1) 13021
(68634,1) 13430
(77352,1) 12761
(90373,1) 13204
(64334,1) 12983
(56659,1) 14336
(34292,1) 13290
(50591,1) 12446
(58742,1) 14140
(94723,1) 13608
(80772,1) 13339
(32071,1) 12998
(60009,1) 13534
(78703,1) 13523
(81832,1) 14185
(78457,1) 13119
(98651,1) 14021
(17773,1) 13649
(62218,1) 13285
(97079,1) 12864
(1163,1) 14227
(47486,1) 13669
(87560,1) 13436
(54126,1) 12355
(36322,1) 14116
(70065,1) 13773
(25927,1) 13622
(21863,1) 14954
(39096,1) 14291
(83935,1) 13694
(87129,1) 13178
(31677,1) 13537
(4806,1) 14192
(67754,1) 12918
(9131,1) 13612
(11820,1) 13019
(47347,1) 13208
(19926,1) 13441
(65709,1) 13289
(85796,1) 12197
(9143,1) 13996
(48363,1) 13590
(62868,1) 13527
(1884,1) 13002
(12343,1) 12963
(63953,1) 13616
(70236,1) 13830
(84115,1) 13612
(36277,1) 13786
(44986,1) 14165
(77946,1) 13263
(91854,1) 13731
(80784,1) 13536
(77258,1) 13616
(65687,1) 13536
(29053,1) 13461
(42552,1) 13496
(47233,1) 13445
(29500,1) 13470
(84781,1) 13062
(25264,1) 13721
(81066,1) 14097
(26773,1) 14190
(41996,1) 12970
(90369,1) 13685
(58258,1) 13759
(61633,1) 13446
(52035,1) 13287
(82736,1) 13628
(55563,1) 12646
(16730,1) 13324
(91191,1) 12951
(76988,1) 13437
(51867,1) 13714
(60458,1) 13471
(17228,1) 13230
(32098,1) 13184
(22191,1) 13577
(31894,1) 13441
(67661,1) 13550
(87575,1) 13057
(47495,1) 13397
(63977,1) 14270
(87953,1) 13500
(86364,1) 13222
(11590,1) 14324
(50287,1) 13093
(83098,1) 14079
(38115,1) 14004
(59470,1) 13088
(61862,1) 14137
(29375,1) 14093
(98852,1) 13205
(68990,1) 13431
(38032,1) 14367
(60409,1) 13392
(32316,1) 14224
(74197,1) 14769
(70843,1) 13429
(24753,1) 13034
(37398,1) 13320
(2108,1) 13822
(87027,1) 12672
(89462,1) 13087
(76333,1) 13059
(90210,1) 12711
(62481,1) 13395
(20881,1) 13479
(69693,1) 13197
(89049,1) 13361
(58370,1) 14093
(67813,1) 12664
(32074,1) 13784
(43109,1) 13242
(90057,1) 13226
(1859,1) 12767
(72352,1) 13850
(98588,1) 12947
(84827,1) 12844
(45213,1) 13605
(61233,1) 13665
(65381,1) 14052
(68643,1) 12508
(72258,1) 13459
(40761,1) 14135
(81995,1) 13722
(46594,1) 13437
(3103,1) 13854
(44491,1) 12816
(10004,1) 13578
(41436,1) 12838
(42647,1) 13658
(43669,1) 13349
(19798,1) 13738
(47957,1) 13434
(68160,1) 13680
(50703,1) 13160
(23325,1) 12761
(49949,1) 15159
(21499,1) 13713
(20047,1) 13927
(14299,1) 13435
(25116,1) 13442
(8656,1) 13524
(50693,1) 13358
(14046,1) 13654
(79495,1) 13233
(83452,1) 14165
(92112,1) 13506
(52273,1) 13398
(34460,1) 13410
(73814,1) 13193
(79905,1) 14065
(6482,1) 13264
(70195,1) 13084
(62967,1) 13187
(13923,1) 14504
(1204,1) 13507
(53516,1) 13323
(34624,1) 13705
(21769,1) 13684
(46677,1) 13188
(70818,1) 13866
(28554,1) 13203
(37668,1) 13191
(31405,1) 13573
(48714,1) 12678
(23836,1) 13594
(35683,1) 13494
(42623,1) 12772
(11468,1) 13267
(21475,1) 13246
(27392,1) 14217
(18805,1) 13412
(73350,1) 12860
(63306,1) 13301
(82869,1) 13521
(56037,1) 13456
(38597,1) 13980
(66756,1) 13436
(55808,1) 13291
(57059,1) 12901
(10527,1) 13773
(58583,1) 13356
(43939,1) 13036
(21163,1) 13845
(85720,1) 14370
(20571,1) 14249
(16931,1) 12597
(20816,1) 13445
(32803,1) 13618
(53189,1) 13888
(50727,1) 13475
(69117,1) 12976
(3597,1) 13452
(2833,1) 13702
(53447,1) 13334
(7281,1) 13897
(20828,1) 12979
(85973,1) 13687
(71558,1) 12894
(49292,1) 14189
(33997,1) 13674
(63385,1) 13505
(95262,1) 13650
(16267,1) 13394
(48903,1) 13507
(67361,1) 13815
(6017,1) 13589
(38691,1) 14257
(56479,1) 13122
(45178,1) 13852
(48110,1) 13237
(3668,1) 13555
(27907,1) 13582
(55386,1) 13515
(12896,1) 14215
(66933,1) 13793
(10456,1) 13333
(92461,1) 13723
(971,1) 13261
(5518,1) 12968
(59163,1) 13122
(22337,1) 14696
(74954,1) 14029
(59698,1) 13892
(50926,1) 13770
(8902,1) 14751
(81695,1) 13406
(39261,1) 14019
(82788,1) 14339
(98888,1) 13864
(34648,1) 12926
(90305,1) 13832
(7265,1) 13819
(81943,1) 13023
(81153,1) 14581
(86887,1) 13111
(85550,1) 13612
(89557,1) 13839
(30036,1) 12580
(58011,1) 12985
(16757,1) 13826
(57087,1) 12907
(7197,1) 13633
(65945,1) 13626
(70608,1) 13006
(46864,1) 13777
(84545,1) 14066
(52992,1) 13838
(1295,1) 13090
(89684,1) 13127
(95111,1) 13939
(79422,1) 13172
(55421,1) 13973
(23947,1) 13071
(11162,1) 12430
(55788,1) 13583
(25796,1) 12675
(12119,1) 13010
(4205,1) 13933
(12040,1) 13166
(99038,1) 13151
(13318,1) 13111
(664,1) 13734
(70621,1) 13829
(4801,1) 13381
(29735,1) 13873
(20210,1) 13698
(43093,1) 13318
(33876,1) 13635
(45194,1) 13729
(27634,1) 13769
(90237,1) 13117
(97842,1) 13942
(40298,1) 13944
(62633,1) 14107
(3843,1) 13922
(11757,1) 13926
(96667,1) 13244
(91219,1) 12864
(63066,1) 12580
(11298,1) 12987
(84441,1) 14109
(45859,1) 13480
(44797,1) 13661
(36429,1) 13345
(2469,1) 13383
(16072,1) 14091
(35138,1) 13590
(88371,1) 13553
(51083,1) 14228
(59842,1) 13773
(34248,1) 13823
(7355,1) 13542
(38109,1) 13152
(37194,1) 13884
(49685,1) 14070
(88015,1) 13771
(96504,1) 13203
(47503,1) 13698
(71936,1) 12967
(81290,1) 13915
(75905,1) 13271
(13161,1) 13229
(45769,1) 14373
(615,1) 13741
(46840,1) 13399
(21764,1) 13245
(8233,1) 13153
(72357,1) 13750
(78977,1) 13288
(11733,1) 13997
(84326,1) 13824
(87894,1) 13916
(32013,1) 13431
(65500,1) 13328
(13814,1) 13538
(62645,1) 13889
(58023,1) 12896
(86838,1) 13205
(10558,1) 14056
(54383,1) 13621
(28663,1) 12175
(93022,1) 13237
(62784,1) 12603
(7554,1) 13814
(17076,1) 12675
(83448,1) 12804
(99472,1) 13496
(17742,1) 13591
(14474,1) 13651
(49101,1) 13942
(38567,1) 14394
(1457,1) 13884
(28167,1) 13949
(26355,1) 13754
(81724,1) 13481
(57419,1) 13343
(66638,1) 13608
(81636,1) 13588
(1829,1) 13343
(27911,1) 13018
(29772,1) 13290
(79563,1) 13783
(89737,1) 13709
(73260,1) 13349
(47722,1) 13897
(30841,1) 13639
(75762,1) 13100
(9558,1) 13811
(49708,1) 13301
(93363,1) 12865
(19018,1) 14123
(4546,1) 13572
(94642,1) 13086
(87121,1) 14188
(43766,1) 13907
(17318,1) 13747
(16898,1) 13719
(80375,1) 14101
(17680,1) 13142
(87923,1) 13608
(21447,1) 13803
(52432,1) 14302
(19793,1) 13306
(25759,1) 12983
(9419,1) 13867
(71742,1) 13643
(40913,1) 13025
(84582,1) 13996
(97152,1) 13030
(82773,1) 13090
(78197,1) 12807
(35726,1) 13721
(77085,1) 13360
(15903,1) 13295
(97358,1) 13374
(13802,1) 13244
(38747,1) 13907
(28780,1) 12590
(43702,1) 13711
(28350,1) 14733
(3067,1) 13476
(56871,1) 14040
(48498,1) 12522
(62950,1) 13816
(44141,1) 13483
(19959,1) 13686
(39361,1) 14115
(26727,1) 12973
(22480,1) 13153
(93338,1) 13899
(38150,1) 13263
(57311,1) 13885
(9837,1) 13779
(67240,1) 13709
(99089,1) 13807
(86736,1) 13159
(71300,1) 13395
(10462,1) 13529
(81469,1) 14361
(59553,1) 13586
(74994,1) 13737
(23309,1) 13826
(28808,1) 14550
(88003,1) 13630
(60731,1) 13841
(20565,1) 13686
(36665,1) 12945
(26609,1) 12817
(48754,1) 13471
(45222,1) 13612
(99221,1) 14090
(88383,1) 13989
(6210,1) 13118
(42197,1) 13333
(46919,1) 13727
(85258,1) 13608
(3080,1) 13704
(26318,1) 12740
(82225,1) 13716
(74028,1) 12532
(43503,1) 13492
(13891,1) 13222
(58671,1) 12632
(19947,1) 13893
(53172,1) 13831
(86153,1) 14238
(20030,1) 13667
(98221,1) 13352
(36780,1) 13788
(85912,1) 13364
(71007,1) 13567
(27374,1) 13269
(5453,1) 12615
(55907,1) 13947
(45442,1) 12956
(79015,1) 13733
(48104,1) 13859
(39657,1) 13532
(88891,1) 13468
(78709,1) 13445
(41559,1) 13348
(73835,1) 14260
(69431,1) 13592
(18956,1) 13520
(17688,1) 13995
(88696,1) 12757
(98143,1) 14550
(761,1) 13421
(1116,1) 13804
(14765,1) 14359
(26371,1) 14143
(16327,1) 12922
(1448,1) 13702
(68151,1) 13509
(69568,1) 13734
(88959,1) 14008
(89793,1) 13597
(94707,1) 12795
(14124,1) 14102
(48295,1) 13122
(6679,1) 13197
(46502,1) 13666
(73628,1) 14173
(19055,1) 13640
(30832,1) 13508
(44047,1) 14029
(57837,1) 13175
(11624,1) 14205
(34118,1) 13675
(7006,1) 13446
(59513,1) 13970
(63369,1) 13612
(81708,1) 12869
(12802,1) 13128
(4038,1) 14302
(89071,1) 13396
(63460,1) 13327
(71552,1) 13144
(13932,1) 13638
(5432,1) 13669
(6448,1) 13816
(13762,1) 12894
(83659,1) 14625
(16936,1) 13608
(12482,1) 14041
(82770,1) 13837
(73194,1) 13357
(46709,1) 12865
(485,1) 12510
(22788,1) 14104
(7660,1) 13168
(57562,1) 13989
(22845,1) 13685
(54181,1) 13609
(99720,1) 13906
(15952,1) 13462
(29143,1) 13034
(66406,1) 12689
(87838,1) 13212
(12814,1) 13579
(49470,1) 12846
(72511,1) 13826
(50164,1) 13325
(82620,1) 12915
(94423,1) 14810
(98978,1) 13868
(59562,1) 14650
(98374,1) 13445
(31885,1) 13796
(28768,1) 13520
(86011,1) 13311
(29074,1) 13389
(11936,1) 13261
(68792,1) 14249
(5099,1) 13999
(14684,1) 13526
(89517,1) 13925
(55046,1) 13757
(13899,1) 13582
(88591,1) 13871
(5181,1) 13864
(93808,1) 14087
(58419,1) 13578
(45088,1) 13024
(34657,1) 13363
(99305,1) 14233
(49664,1) 13452
(21671,1) 13409
(24444,1) 13325
(74142,1) 14206
(20720,1) 13625
(49035,1) 14243
(25273,1) 12992
(5274,1) 13561
(39198,1) 14096
(47356,1) 13540
(510,1) 13420
(69362,1) 13001
(71231,1) 13498
(8972,1) 13204
(44445,1) 13389
(67264,1) 12722
(2672,1) 13676
(26712,1) 13400
(47713,1) 14299
(48664,1) 13253
(65220,1) 14297
(33929,1) 13704
(27533,1) 13655
(84112,1) 13842
(32942,1) 13980
(43113,1) 13287
(25862,1) 13567
(99958,1) 13781
(96216,1) 13672
(78965,1) 13973
(95378,1) 12803
(58289,1) 14042
(98747,1) 13472
(41928,1) 12929
(2250,1) 14087
(84404,1) 13512
(33500,1) 13799
(48384,1) 13116
(26407,1) 13067
(8530,1) 12972
(35544,1) 13846
(34998,1) 14161
(1274,1) 13327
(53225,1) 12865
(59196,1) 13401
(75068,1) 14085
(64902,1) 14248
(71766,1) 13327
(7400,1) 13685
(14384,1) 13073
(63394,1) 13920
(24638,1) 14000
(33763,1) 13554
(60025,1) 13551
(63828,1) 13035
(30252,1) 13989
(64467,1) 13932
(68986,1) 13285
(46482,1) 13850
(73466,1) 13207
(44300,1) 13680
(77778,1) 13419
(71778,1) 13055
(39110,1) 12933
(69256,1) 13802
(50217,1) 13972
(5168,1) 13842
(18907,1) 13277
(57862,1) 13631
(28857,1) 13660
(38471,1) 13600
(54225,1) 14937
(96123,1) 13506
(60585,1) 13347
(24022,1) 13637
(26501,1) 13420
(62666,1) 13313
(98772,1) 12780
(84148,1) 13317
(79169,1) 13740
(47750,1) 13161
(42356,1) 13393
(49899,1) 13241
(8809,1) 13476
(92180,1) 14080
(27160,1) 14207
(35191,1) 12366
(72012,1) 14167
(49177,1) 13784
(44470,1) 13241
(70515,1) 12401
(80347,1) 14432
(76997,1) 14314
(98167,1) 13350
(99017,1) 13095
(40742,1) 13313
(70279,1) 14043
(58874,1) 13975
(98784,1) 13080
(21419,1) 14426
(8375,1) 13811
(62934,1) 13378
(96541,1) 13295
(48271,1) 13893
(52144,1) 13349
(50343,1) 12890
(91334,1) 13674
(50530,1) 13449
(43007,1) 13549
(96403,1) 12822
(16745,1) 13399
(95029,1) 13601
(75299,1) 13747
(67629,1) 13896
(90484,1) 13619
(52809,1) 13342
(39789,1) 13229
(76339,1) 12823
(60829,1) 14244
(39548,1) 13694
(9549,1) 13731
(6031,1) 13427
(47055,1) 12954
(67187,1) 12885
(33325,1) 13956
(72137,1) 13640
(75095,1) 13873
(27393,1) 12182
(16539,1) 13061
(95146,1) 14217
(57406,1) 13473
(50867,1) 13571
(45423,1) 13289
(65281,1) 13431
(49110,1) 13212
(43631,1) 13834
(81117,1) 13412
(80388,1) 14437
(86715,1) 13018
(89787,1) 13891
(29046,1) 13307
(73876,1) 14048
(99119,1) 14041
(56461,1) 13465
(59943,1) 13565
(18573,1) 12634
(14461,1) 12991
(62712,1) 13756
(6043,1) 13276
(68296,1) 13510
(18986,1) 13689
(52222,1) 13617
(33279,1) 13652
(87652,1) 13447
(92683,1) 13495
(45710,1) 13552
(31246,1) 13415
(31521,1) 13174
(33452,1) 14043
(41131,1) 13621
(16953,1) 14369
(54382,1) 13696
(99762,1) 14063
(84407,1) 13913
(41875,1) 13753
(39638,1) 13442
(7312,1) 14281
(91369,1) 12756
(90453,1) 13836
(38407,1) 13098
(60518,1) 13349
(79916,1) 13679
(93149,1) 13446
(92359,1) 12425
(31910,1) 13974
(74985,1) 12519
(80892,1) 13302
(20429,1) 12997
(65511,1) 13610
(74858,1) 13721
(22589,1) 13184
(29095,1) 13406
(95572,1) 13901
(42247,1) 13368
(9333,1) 13961
(42386,1) 13071
(5945,1) 13886
(97544,1) 13131
(23555,1) 13251
(14506,1) 13547
(17031,1) 14520
(95732,1) 13265
(65523,1) 13783
(56436,1) 13687
(62773,1) 13466
(30378,1) 14009
(24746,1) 12766
(37253,1) 13770
(48069,1) 14398
(57431,1) 13190
(37997,1) 14075
(87492,1) 13579
(92761,1) 13879
(55811,1) 13653
(67666,1) 13673
(43242,1) 13869
(22037,1) 13267
(68170,1) 13369
(10156,1) 13436
(88392,1) 13445
(61156,1) 14033
(82774,1) 13501
(65293,1) 12623
(89661,1) 14007
(35690,1) 14122
(68108,1) 13420
(18274,1) 12852
(51747,1) 13273
(60088,1) 13375
(14309,1) 13842
(44485,1) 13236
(81981,1) 12739
(89955,1) 13702
(49044,1) 13930
(77215,1) 14237
(77972,1) 13313
(60764,1) 14533
(19224,1) 14035
(91394,1) 14011
(40443,1) 13395
(81191,1) 13399
(46392,1) 13110
(75108,1) 13875
(60752,1) 14037
(65461,1) 13141
(2548,1) 13148
(15876,1) 12911
(13867,1) 13717
(19613,1) 13619
(56616,1) 13565
(4570,1) 14014
(49674,1) 14014
(41454,1) 13663
(6079,1) 13898
(86035,1) 13505
(24800,1) 13884
(32036,1) 13554
(92187,1) 13978
(95212,1) 13307
(9181,1) 13440
(87431,1) 13652
(82750,1) 13253
(54987,1) 13032
(79981,1) 13026
(23531,1) 13446
(37175,1) 12864
(77960,1) 13733
(40505,1) 14025
(9472,1) 13383
(57893,1) 13466
(89979,1) 13253
(25425,1) 14549
(32073,1) 13994
(87946,1) 12468
(95056,1) 13888
(12918,1) 13533
(95744,1) 13789
(49441,1) 13116
(83396,1) 13311
(75459,1) 13357
(70542,1) 13577
(28900,1) 13275
(17598,1) 13805
(12439,1) 14247
(23518,1) 13358
(79609,1) 13679
(58032,1) 13606
(51850,1) 12815
(48021,1) 13402
(96034,1) 13450
(27082,1) 14055
(82914,1) 13980
(56485,1) 13608
(31749,1) 13522
(25925,1) 13645
(49523,1) 13763
(67470,1) 13644
(49032,1) 13349
(37163,1) 13227
(90621,1) 14023
(30468,1) 13457
(33153,1) 13454
(79224,1) 13289
(32131,1) 12642
(32527,1) 13159
(59427,1) 13595
(98894,1) 13718
(72889,1) 13092
(24308,1) 13474
(53953,1) 14229
(75308,1) 13413
(29235,1) 14054
(65146,1) 13386
(74204,1) 13729
(84329,1) 13468
(30633,1) 13415
(37933,1) 12918
(94757,1) 12982
(5674,1) 13292
(79519,1) 14276
(70684,1) 13384
(51580,1) 13781
(13520,1) 12925
(44527,1) 12943
(80864,1) 14148
(68621,1) 14227
(26153,1) 13317
(26394,1) 13301
(64683,1) 13919
(46021,1) 13909
(88867,1) 13454
(80933,1) 14010
(56808,1) 14091
(77522,1) 12852
(62387,1) 13710
(44379,1) 13981
(30821,1) 13984
(37843,1) 13276
(23838,1) 13953
(25102,1) 13976
(11957,1) 13584
(38435,1) 12922
(31206,1) 14359
(84665,1) 14046
(69867,1) 13749
(27640,1) 13578
(33801,1) 12648
(94100,1) 13581
(79920,1) 13951
(11695,1) 13667
(64807,1) 13566
(29751,1) 12936
(38354,1) 13170
(84563,1) 13143
(51052,1) 13676
(12825,1) 13993
(83076,1) 13397
(92629,1) 13905
(37912,1) 13937
(38342,1) 13918
(89105,1) 14203
(64304,1) 14487
(68129,1) 13702
(65572,1) 13734
(37818,1) 14313
(2521,1) 13028
(92205,1) 14126
(55769,1) 13507
(32727,1) 13530
(51567,1) 13671
(86997,1) 13131
(80270,1) 13361
(61840,1) 13862
(78458,1) 13611
(58167,1) 13193
(48201,1) 14422
(47357,1) 12785
(68391,1) 13792
(21219,1) 13388
(82460,1) 13460
(7762,1) 13652
(281,1) 13495
(90244,1) 13653
(91706,1) 13878
(98817,1) 13078
(90232,1) 13476
(80736,1) 13657
(90920,1) 13423
(60012,1) 13651
(22193,1) 13471
(43089,1) 13669
(80852,1) 13157
(32739,1) 13414
(72386,1) 13795
(28288,1) 13882
(25008,1) 14066
(63837,1) 13580
(22258,1) 14127
(73615,1) 14153
(17186,1) 13599
(57733,1) 12582
(42485,1) 13583
(8163,1) 13614
(98235,1) 13158
(50577,1) 13029
(1137,1) 13522
(68714,1) 13638
(80786,1) 13801
(86628,1) 13762
(98416,1) 13646
(89287,1) 14015
(97093,1) 13928
(57597,1) 13143
(67159,1) 13169
(7593,1) 13312
(57266,1) 13666
(86150,1) 13222
(69147,1) 12519
(84162,1) 13777
(42682,1) 13459
(93690,1) 13594
(85730,1) 14452
(58352,1) 13423
(5739,1) 13656
(20340,1) 13640
(27745,1) 13837
(21522,1) 13394
(56165,1) 13321
(7411,1) 13799
(44834,1) 13967
(49817,1) 13328
(33231,1) 13171
(80803,1) 14029
(39597,1) 13844
(31663,1) 13944
(1366,1) 13242
(19150,1) 13784
(62270,1) 13757
(59958,1) 13827
(67442,1) 13293
(7634,1) 14191
(74694,1) 12985
(63400,1) 13872
(31892,1) 13603
(99982,1) 13592
(38484,1) 14541
(18054,1) 13771
(66139,1) 13628
(41878,1) 13972
(36238,1) 13218
(89238,1) 13521
(35190,1) 13098
(20568,1) 13159
(54563,1) 12480
(60959,1) 14020
(8398,1) 14110
(89555,1) 13699
(52049,1) 13936
(67781,1) 12532
(49215,1) 12994
(50143,1) 13134
(17616,1) 13327
(31147,1) 13394
(94495,1) 13381
(83651,1) 14190
(37111,1) 12450
(87889,1) 13847
(92564,1) 13521
(27998,1) 14016
(47493,1) 14369
(58106,1) 13868
(26116,1) 13769
(51612,1) 13628
(75394,1) 13671
(64901,1) 13749
(94773,1) 13456
(6889,1) 13157
(56329,1) 13863
(78881,1) 12436
(95728,1) 14312
(7902,1) 13736
(50948,1) 13142
(58118,1) 13658
(18474,1) 13609
(81277,1) 13335
(39228,1) 13313
(98586,1) 13982
(29043,1) 13441
(12129,1) 13891
(16768,1) 13103
(24369,1) 13817
(14395,1) 14165
(99529,1) 13578
(68987,1) 13647
(89636,1) 14180
(40075,1) 13878
(62990,1) 13792
(43100,1) 13782
(35707,1) 13636
(36729,1) 14022
(48341,1) 13217
(2691,1) 13137
(20327,1) 13583
(87147,1) 14321
(66140,1) 13350
(25986,1) 13545
(17894,1) 13235
(84870,1) 13392
(22116,1) 13609
(97888,1) 14005
(93625,1) 13650
(53772,1) 13267
(28065,1) 12300
(79077,1) 14260
(92891,1) 13383
(71013,1) 13435
(73001,1) 14157
(50261,1) 13993
(47387,1) 13205
(7050,1) 13531
(98481,1) 12627
(14503,1) 12677
(16012,1) 13895
(77650,1) 13127
(81579,1) 13768
(52914,1) 13293
(40962,1) 13865
(86693,1) 13794
(68513,1) 13663
(89076,1) 13723
(71740,1) 13494
(74651,1) 13857
(15192,1) 13218
(77447,1) 13822
(492,1) 13929
(63684,1) 13806
(64928,1) 13808
(893,1) 12761
(51654,1) 13412
(33623,1) 13128
(36935,1) 13439
(14931,1) 13521
(83483,1) 13544
(6729,1) 12698
(44763,1) 13600
(99153,1) 14303
(56218,1) 13315
(14691,1) 13339
(89088,1) 13233
(97258,1) 14256
(31190,1) 12758
(69619,1) 13617
(70346,1) 13788
(83872,1) 13602
(76660,1) 13317
(83747,1) 13598
(47926,1) 14167
(503,1) 13761
(48781,1) 13508
(78967,1) 13029
(44704,1) 13067
(18216,1) 13898
(10799,1) 13234
(34010,1) 13364
(55993,1) 13286
(94965,1) 13780
(6431,1) 14136
(36558,1) 13764
(3568,1) 13912
(33749,1) 13737
(24677,1) 13689
(1798,1) 13704
(60761,1) 13846
(11930,1) 12630
(13513,1) 14113
(19646,1) 13455
(45905,1) 13950
(64275,1) 13987
(28777,1) 13608
(27197,1) 13508
(64838,1) 13338
(68981,1) 13414
(66043,1) 13474
(87661,1) 14746
(515,1) 14436
(28376,1) 13731
(25657,1) 13595
(65908,1) 13333
(82179,1) 13173
(87033,1) 13813
(59633,1) 13598
(10349,1) 13168
(90284,1) 12839
(87446,1) 12906
(15491,1) 13534
(77885,1) 13697
(68754,1) 13346
(11414,1) 13862
(79894,1) 14283
(75817,1) 13866
(12017,1) 14107
(65831,1) 13968
(51175,1) 13120
(40398,1) 13512
(74939,1) 14342
(82466,1) 14045
(88690,1) 13913
(16495,1) 14280
(13975,1) 13622
(61249,1) 12900
(52693,1) 13330
(18390,1) 14248
(53823,1) 13331
(7812,1) 14086
(58376,1) 13849
(97912,1) 13546
(76107,1) 13770
(84547,1) 13812
(29320,1) 13178
(46682,1) 13232
(31867,1) 12982
(7333,1) 14010
(25129,1) 13879
(6868,1) 13098
(88050,1) 13451
(51263,1) 12591
(63973,1) 13130
(26620,1) 13503
(70160,1) 13735
(21928,1) 13427
(8576,1) 13440
(63623,1) 13018
(6263,1) 13012
(58718,1) 13419
(46837,1) 13920
(90738,1) 13956
(69681,1) 13786
(24203,1) 13869
(71009,1) 13335
(64474,1) 13730
(52255,1) 12517
(58414,1) 13588
(94527,1) 13231
(53775,1) 13668
(14751,1) 14375
(76898,1) 14603
(28641,1) 14014
(45077,1) 14128
(2714,1) 12810
(90384,1) 14101
(16296,1) 14256
(47200,1) 13227
(52106,1) 13660
(25489,1) 13680
(33900,1) 13354
(82131,1) 13451
(79593,1) 12952
(73947,1) 13619
(8524,1) 13282
(28653,1) 13144
(65249,1) 13176
(78175,1) 13631
(86969,1) 13982
(80236,1) 14364
(6881,1) 13441
(41830,1) 13508
(48253,1) 12928
(68574,1) 13145
(56429,1) 13550
(83925,1) 14256
(89922,1) 13911
(61300,1) 13319
(82970,1) 13291
(87901,1) 13469
(11077,1) 13605
(92884,1) 14559
(39570,1) 14860
(80507,1) 13242
(69656,1) 13887
(85666,1) 13396
(78187,1) 13266
(77761,1) 13497
(14564,1) 13691
(96920,1) 13309
(8325,1) 13060
(71074,1) 13158
(30387,1) 12690
(39277,1) 13685
(96872,1) 13160
(56985,1) 13052
(88839,1) 14255
(83946,1) 13754
(53673,1) 13854
(580,1) 13658
(48931,1) 13809
(93279,1) 13628
(53799,1) 13381
(95267,1) 13465
(75854,1) 12950
(37234,1) 13080
(22507,1) 12793
(2151,1) 13425
(93559,1) 13750
(83819,1) 13517
(81865,1) 14099
(51778,1) 12820
(44289,1) 13677
(66531,1) 13564
(64311,1) 13188
(87070,1) 13253
(39128,1) 13628
(82491,1) 14296
(67822,1) 13613
(87990,1) 12701
(16657,1) 13070
(37327,1) 13017
(61668,1) 13663
(51763,1) 13436
(64981,1) 13746
(37144,1) 14155
(30603,1) 13306
(34176,1) 13410
(30878,1) 13609
(61485,1) 14116
(58016,1) 13571
(70557,1) 12958
(70570,1) 13792
(81524,1) 14127
(40199,1) 12775
(30615,1) 13764
(42187,1) 13092
(24397,1) 14502
(27766,1) 13805
(55552,1) 14152
(66899,1) 13221
(52584,1) 13896
(84402,1) 14306
(65286,1) 13695
(57859,1) 13545
(15345,1) 13083
(43317,1) 13592
(85820,1) 13388
(83934,1) 14094
(33834,1) 14060
(5743,1) 14441
(65379,1) 14566
(30960,1) 12732
(5649,1) 13531
(55130,1) 13730
(16865,1) 13994
(75923,1) 13041
(13370,1) 12681
(5065,1) 14175
(39014,1) 13622
(78663,1) 13967
(60173,1) 13036
(93324,1) 13434
(31915,1) 14563
(30509,1) 12699
(25697,1) 12358
(53682,1) 13706
(87220,1) 14142
(56361,1) 13507
(16799,1) 13952
(3171,1) 13284
(61701,1) 13370
(60238,1) 13180
(96567,1) 13985
(10804,1) 13386
(49938,1) 13458
(65457,1) 13162
(54800,1) 13488
(94595,1) 13444
(81950,1) 13547
(59299,1) 13249
(42678,1) 13194
(36919,1) 14175
(6515,1) 12629
(59925,1) 13961
(80532,1) 13404
(95417,1) 13375
(34453,1) 14198
(50824,1) 12944
(94287,1) 13183
(77432,1) 13112
(2406,1) 14623
(86215,1) 14377
(31355,1) 13521
(24840,1) 13589
(79752,1) 13478
(79179,1) 13574
(23778,1) 14247
(46082,1) 14279
(22709,1) 13617
(37485,1) 13251
(92449,1) 13572
(21299,1) 13103
(79700,1) 13462
(33116,1) 13548
(69790,1) 13656
(60490,1) 13182
(46889,1) 13358
(28137,1) 14035
(8353,1) 14078
(62080,1) 13144
(90766,1) 14390
(20478,1) 14116
(10480,1) 13036
(69485,1) 12708
(37529,1) 13606
(19357,1) 12987
(59527,1) 12958
(97879,1) 12987
(12244,1) 13696
(83682,1) 13516
(15504,1) 13295
(819,1) 13873
(22081,1) 13683
(50596,1) 13632
(25462,1) 13374
(76720,1) 14111
(2365,1) 13931
(33684,1) 13443
(8937,1) 13221
(86649,1) 13625
(95973,1) 13592
(80649,1) 14328
(43062,1) 13801
(6434,1) 13753
(60401,1) 14221
(22336,1) 13105
(28616,1) 13500
(12946,1) 12953
(37741,1) 12815
(16922,1) 13379
(61924,1) 13990
(49727,1) 13740
(92251,1) 14261
(12548,1) 13271
(54016,1) 14021
(72955,1) 13292
(76638,1) 12997
(65620,1) 13897
(39249,1) 12608
(75700,1) 13586
(66092,1) 13621
(34891,1) 13633
(92835,1) 14048
(41086,1) 13354
(75115,1) 13494
(32708,1) 14752
(16630,1) 13997
(19556,1) 13743
(43739,1) 14301
(57422,1) 13918
(18232,1) 13715
(82930,1) 13488
(85694,1) 13434
(9198,1) 13244
(25287,1) 13586
(78159,1) 14377
(99084,1) 13068
(18524,1) 14149
(69209,1) 14328
(24429,1) 13805
(1053,1) 13396
(26231,1) 14101
(36891,1) 14002
(54109,1) 14086
(84264,1) 13974
(50507,1) 13580
(32335,1) 13006
(38598,1) 13832
(15779,1) 13554
(51178,1) 14435
(43460,1) 13263
(47727,1) 13249
(39822,1) 13217
(38785,1) 13985
(78066,1) 13232
(3994,1) 14028
(25859,1) 14121
(12455,1) 14095
(76265,1) 12987
(11317,1) 13406
(87868,1) 14152
(84929,1) 13341
(59036,1) 13709
