(72,1) 451634
(20,1) 451709
(66,1) 451633
(28,1) 451653
(89,1) 451665
(43,1) 451664
(37,1) 451635
(3,1) 451661
(40,1) 451650
(14,1) 451653
(52,1) 451653
(92,1) 451626
(75,1) 451705
(48,1) 451655
(23,1) 451664
(69,1) 451653
(86,1) 451659
(83,1) 451672
(34,1) 451670
(17,1) 451660
(55,1) 451670
(6,1) 451672
(97,1) 451640
(51,1) 451657
(26,1) 451650
(80,1) 451666
(41,1) 451683
(49,1) 451665
(68,1) 451664
(12,1) 451671
(35,1) 451677
(54,1) 451659
(5,1) 451645
(94,1) 451692
(71,1) 451682
(77,1) 451691
(21,1) 451672
(29,1) 451660
(63,1) 451681
(46,1) 451655
(88,1) 451670
(60,1) 451690
(15,1) 451715
(0,1) 451670
(91,1) 451681
(8,1) 451689
(32,1) 451664
(57,1) 451643
(74,1) 451679
(24,1) 451660
(47,1) 451672
(99,1) 451654
(82,1) 451654
(85,1) 451654
(33,1) 451675
(10,1) 451672
(7,1) 451709
(79,1) 451656
(18,1) 451652
(56,1) 451691
(73,1) 451669
(96,1) 451743
(44,1) 451686
(27,1) 451653
(65,1) 451675
(2,1) 451697
(62,1) 451651
(13,1) 451670
(30,1) 451640
(38,1) 451667
(93,1) 451683
(59,1) 451641
(76,1) 451674
(22,1) 451655
(45,1) 451638
(64,1) 225819
(87,1) 451680
(84,1) 451696
(61,1) 451641
(1,1) 451649
(31,1) 451651
(16,1) 451650
(9,1) 451656
(39,1) 451655
(90,1) 451641
(58,1) 451674
(98,1) 451655
(25,1) 451678
(50,1) 451661
(42,1) 451676
(81,1) 451699
(67,1) 451662
(36,1) 451685
(4,1) 451642
(11,1) 451688
(78,1) 451682
(19,1) 451645
(53,1) 451673
(70,1) 451662
(95,1) 451624
