(88461,1) 16358
(18148,1) 1
(72596,1) 13867
(95833,1) 9512
(56723,1) 14494
(74318,1) 14780
(9148,1) 11607
(33268,1) 13271
(4755,1) 16059
(17591,1) 15151
(95994,1) 13243
(38119,1) 12329
(34674,1) 12376
(6535,1) 13383
(91253,1) 1
(50581,1) 1
(10581,1) 13221
(34616,1) 1
(48541,1) 13647
(44580,1) 15937
(53091,1) 13337
(68432,1) 9737
(19096,1) 12623
(84362,1) 31967
(56803,1) 32147
(26411,1) 7642
(63088,1) 14656
(79595,1) 13704
(9252,1) 14818
(23202,1) 15239
(27450,1) 16128
(7472,1) 9719
(29895,1) 16829
(66720,1) 12141
(18195,1) 12727
(32606,1) 16984
(64379,1) 14217
(30769,1) 28592
(9974,1) 12487
(9699,1) 13320
(4307,1) 1
(19566,1) 13222
(86292,1) 14466
(25750,1) 11421
(50031,1) 14525
(91149,1) 23477
(43689,1) 9675
(40251,1) 15523
(99280,1) 1
(19726,1) 1
(66009,1) 9757
(94908,1) 1
(57304,1) 7538
(5783,1) 15115
(88759,1) 13754
(62655,1) 13651
(66045,1) 3530
(29655,1) 12941
(10650,1) 14909
(25694,1) 15471
(58893,1) 13193
(71798,1) 3383
(74823,1) 13213
(62129,1) 11681
(73908,1) 15509
(52097,1) 12210
(16472,1) 13023
(36352,1) 12141
(75816,1) 14947
(80091,1) 31822
(97179,1) 13294
(53640,1) 14543
(40298,1) 29137
(98401,1) 1
(22404,1) 11992
(16942,1) 15927
(64151,1) 13194
(70954,1) 12573
(79526,1) 11611
(6649,1) 15507
(17429,1) 13012
(8923,1) 26433
(82340,1) 13014
(12247,1) 13306
(51997,1) 19122
(70379,1) 1
(20899,1) 16410
(35151,1) 9807
(49076,1) 13258
(2345,1) 15614
(23066,1) 15922
(57774,1) 12283
(9056,1) 1
(66433,1) 10001
(39183,1) 13389
(12694,1) 32574
(82696,1) 22934
(21584,1) 6830
(50212,1) 1
(73759,1) 14851
(3852,1) 13518
(18834,1) 12048
(78740,1) 13150
(50510,1) 25745
(56553,1) 11997
(46496,1) 8594
(49718,1) 13385
(3153,1) 16002
(32949,1) 31014
(34007,1) 16099
(69092,1) 13641
(53618,1) 12062
(65359,1) 12436
(55502,1) 13501
(18952,1) 8540
(10613,1) 12698
(51461,1) 11736
(6385,1) 6995
(55030,1) 14149
(12932,1) 15506
(65099,1) 14821
(10273,1) 14528
(94039,1) 12210
(24125,1) 13277
(264,1) 17030
(56426,1) 11443
(21799,1) 1
(61470,1) 14912
(20429,1) 15603
(68743,1) 16368
(28204,1) 13730
(60255,1) 12548
(29656,1) 14137
(88324,1) 15619
(86667,1) 1
(41105,1) 8628
(17578,1) 12704
(59965,1) 17797
(31569,1) 5134
(78752,1) 12645
(90430,1) 16049
(24862,1) 14941
(18333,1) 14736
(90888,1) 15196
(18548,1) 17113
(378,1) 3446
(39160,1) 13273
(81508,1) 1
(45631,1) 12793
(9780,1) 11651
(46693,1) 11747
(24548,1) 1
(47147,1) 13152
(13721,1) 1
(31284,1) 11538
(87766,1) 13171
(32250,1) 12132
(10111,1) 25452
(94095,1) 24168
(11733,1) 12919
(45665,1) 12958
(91255,1) 11668
(64393,1) 14359
(17015,1) 12147
(62447,1) 12480
(18769,1) 13254
(25212,1) 13288
(48245,1) 17221
(75164,1) 15502
(38864,1) 1
(51515,1) 14345
(79366,1) 13236
(8624,1) 1
(44968,1) 14219
(80317,1) 14366
(31350,1) 15545
(94794,1) 11845
(35749,1) 15530
(21765,1) 15033
(12452,1) 15413
(38143,1) 12006
(82938,1) 13162
(40045,1) 5020
(3335,1) 1
(36237,1) 15558
(3417,1) 14849
(22473,1) 13230
(95683,1) 15473
(95847,1) 13224
(51665,1) 12938
(28487,1) 26518
(18229,1) 6873
(30905,1) 7396
(62096,1) 1
(59908,1) 14818
(73439,1) 14879
(33827,1) 14635
(77069,1) 15687
(29722,1) 13031
(25989,1) 23167
(80770,1) 13650
(65564,1) 15181
(84622,1) 13629
(82888,1) 16195
(33339,1) 16458
(88933,1) 16199
(97892,1) 1
(26666,1) 1
(92341,1) 11866
(20764,1) 13026
(39746,1) 13318
(8943,1) 12854
(35487,1) 17202
(32083,1) 12525
(53254,1) 1
(48160,1) 7543
(62544,1) 15848
(41631,1) 34352
(60207,1) 12613
(86036,1) 12979
(88034,1) 13187
(74751,1) 15889
(42641,1) 1
(76669,1) 13493
(29004,1) 14923
(47058,1) 11536
(24284,1) 17901
(87562,1) 14690
(65822,1) 16055
(28761,1) 15251
(62172,1) 12385
(47023,1) 13157
(77176,1) 15636
(96955,1) 15468
(52432,1) 1
(88434,1) 15629
(70365,1) 12223
(33413,1) 14546
(17124,1) 1
(30470,1) 1
(72404,1) 14379
(51604,1) 15008
(97724,1) 13264
(51159,1) 15799
(86593,1) 13556
(27005,1) 13076
(84492,1) 1
(27121,1) 12525
(22154,1) 13359
(13029,1) 3452
(50441,1) 15049
(39350,1) 1
(76388,1) 12361
(11369,1) 1
(43246,1) 5065
(29203,1) 16812
(74602,1) 1
(45582,1) 26222
(49136,1) 12060
(91106,1) 26395
(54023,1) 26289
(72857,1) 1
(51409,1) 28295
(43045,1) 13563
(93467,1) 9884
(29887,1) 13282
(39695,1) 27110
(95515,1) 15835
(73905,1) 30184
(18924,1) 1
(14648,1) 8603
(50033,1) 11654
(84571,1) 14356
(84279,1) 13048
(57088,1) 14746
(75388,1) 14549
(3978,1) 14361
(55568,1) 12587
(60848,1) 12811
(710,1) 1
(7370,1) 19148
(18783,1) 15366
(41758,1) 15211
(29515,1) 14195
(94712,1) 1
(23992,1) 13656
(91862,1) 13298
(73321,1) 12507
(86396,1) 16211
(12041,1) 23899
(44163,1) 9666
(9078,1) 14507
(39933,1) 25392
(69925,1) 12605
(93003,1) 12622
(15905,1) 17125
(91980,1) 13289
(16426,1) 13468
(2967,1) 1
(59157,1) 1
(17519,1) 11617
(33330,1) 1
(30049,1) 15038
(4303,1) 1
(53090,1) 25178
(25479,1) 15471
(25084,1) 16373
(26609,1) 23593
(14833,1) 11718
(95711,1) 29244
(24386,1) 25141
(9964,1) 16299
(36338,1) 14726
(34703,1) 7556
(60312,1) 14583
(6453,1) 13141
(28198,1) 13170
(23899,1) 12234
(32187,1) 13076
(6591,1) 15429
(87945,1) 12200
(49287,1) 14767
(50162,1) 13367
(43394,1) 12815
(5195,1) 15767
(19446,1) 12785
(50558,1) 1
(88290,1) 5137
(19469,1) 1
(47662,1) 14498
(3977,1) 13626
(70752,1) 14840
(31061,1) 14563
(70415,1) 1
(11252,1) 12725
(51348,1) 12691
(97535,1) 11694
(25016,1) 13177
(5804,1) 12917
(56929,1) 16135
(88806,1) 15396
(28269,1) 9693
(15553,1) 13728
(23402,1) 11545
(52497,1) 16267
(26412,1) 13161
(98127,1) 12059
(3298,1) 3481
(3057,1) 14619
(92894,1) 22837
(38824,1) 11557
(3332,1) 13617
(86056,1) 13202
(73331,1) 17046
(36941,1) 12192
(32143,1) 15953
(42403,1) 15601
(19548,1) 11637
(86010,1) 12070
(62317,1) 11858
(80646,1) 13233
(67674,1) 13051
(142,1) 15349
(27697,1) 17083
(34645,1) 14636
(33755,1) 17798
(42804,1) 15278
(18292,1) 17139
(49700,1) 14754
(36803,1) 14605
(74291,1) 11609
(21474,1) 14797
(38092,1) 16075
(31309,1) 11794
(50140,1) 29892
(96454,1) 5041
(71265,1) 15006
(99147,1) 12586
(86823,1) 14241
(78538,1) 1
(58108,1) 16460
(78572,1) 16312
(13417,1) 13714
(49758,1) 13242
(99366,1) 13637
(27422,1) 8513
(36253,1) 12762
(78136,1) 15542
(97104,1) 1
(8733,1) 14870
(58944,1) 14811
(63701,1) 11786
(77798,1) 5199
(87737,1) 14749
(35892,1) 14780
(33067,1) 12360
(14685,1) 26932
(18233,1) 8624
(59604,1) 17248
(51168,1) 12069
(43294,1) 15887
(29763,1) 9794
(38067,1) 13671
(57276,1) 17189
(87553,1) 14678
(57916,1) 12296
(1473,1) 9683
(38560,1) 15856
(31277,1) 12833
(61667,1) 12629
(26359,1) 11541
(65549,1) 15040
(32107,1) 24997
(24728,1) 16253
(52103,1) 15557
(13943,1) 15274
(66416,1) 1
(88238,1) 26597
(35182,1) 13713
(31389,1) 13582
(18427,1) 12162
(62628,1) 11536
(56100,1) 13096
(27915,1) 17715
(31962,1) 12265
(81054,1) 7092
(99114,1) 15606
(51417,1) 11587
(39865,1) 1
(45808,1) 1
(22053,1) 16833
(31025,1) 1
(44094,1) 1
(20902,1) 1
(96306,1) 12451
(57139,1) 13754
(46780,1) 16266
(82917,1) 13108
(26954,1) 15408
(39186,1) 14433
(92711,1) 14560
(694,1) 13219
(9932,1) 17732
(69891,1) 15327
(1391,1) 17638
(31128,1) 13655
(90656,1) 6867
(59627,1) 12633
(98118,1) 1
(29773,1) 12540
(5812,1) 12948
(87700,1) 1
(31885,1) 9698
(52572,1) 11515
(11166,1) 16285
(99791,1) 12422
(980,1) 13522
(27191,1) 11726
(85568,1) 6952
(68324,1) 17155
(40530,1) 24475
(12491,1) 1
(19927,1) 12589
(51202,1) 14933
(44644,1) 15790
(24030,1) 15635
(11487,1) 15944
(3170,1) 13151
(34303,1) 27245
(26966,1) 13129
(9415,1) 14596
(40371,1) 15028
(84756,1) 17050
(73917,1) 6948
(14970,1) 14865
(64005,1) 13208
(94695,1) 11984
(97368,1) 13398
(15963,1) 1
(85844,1) 1
(1710,1) 16324
(55414,1) 14722
(56971,1) 14720
(15072,1) 15547
(11486,1) 16226
(6081,1) 34133
(68793,1) 1
(9613,1) 12600
(21071,1) 1
(71298,1) 14912
(87656,1) 11893
(24098,1) 11386
(21516,1) 15808
(90173,1) 12272
(36254,1) 16382
(29419,1) 12601
(80300,1) 12172
(22708,1) 12994
(82256,1) 14564
(40656,1) 12228
(61162,1) 14790
(85954,1) 8538
(86458,1) 13883
(17411,1) 12577
(20318,1) 12989
(37214,1) 1
(39533,1) 13158
(98014,1) 14722
(7752,1) 11995
(85096,1) 11969
(58920,1) 32163
(82114,1) 11959
(32638,1) 9718
(63165,1) 16254
(4906,1) 14307
(77032,1) 13202
(42596,1) 6888
(58002,1) 14509
(54957,1) 27064
(45753,1) 27714
(26127,1) 13365
(86127,1) 30826
(23222,1) 7546
(57267,1) 12601
(96623,1) 11930
(44507,1) 13081
(40007,1) 13151
(92387,1) 15041
(95785,1) 1
(98747,1) 32735
(98856,1) 14653
(58862,1) 1
(76708,1) 14716
(93929,1) 15127
(36950,1) 8464
(54597,1) 11705
(614,1) 28979
(52341,1) 29489
(65724,1) 15764
(34905,1) 29662
(61631,1) 11992
(15709,1) 15101
(80036,1) 26474
(38122,1) 16028
(36669,1) 14892
(91605,1) 14422
(76743,1) 12348
(25930,1) 15501
(889,1) 14667
(13059,1) 17045
(83766,1) 12509
(1532,1) 11866
(15361,1) 12235
(5121,1) 9811
(32408,1) 9676
(65501,1) 15133
(27034,1) 1
(33815,1) 11628
(82390,1) 11827
(47562,1) 11993
(91565,1) 12978
(95075,1) 12139
(30440,1) 12649
(54601,1) 1
(72953,1) 5018
(18316,1) 11614
(91822,1) 14532
(21316,1) 31651
(55806,1) 16068
(70394,1) 26292
(35321,1) 13093
(3690,1) 14723
(4843,1) 13740
(11737,1) 15522
(83336,1) 25897
(45386,1) 15559
(64341,1) 15766
(4644,1) 16333
(87137,1) 13069
(92787,1) 11934
(59442,1) 12352
(82173,1) 26422
(70852,1) 13363
(80592,1) 12210
(17129,1) 12283
(59247,1) 13833
(2959,1) 11635
(55320,1) 13234
(80496,1) 29160
(10622,1) 1
(56480,1) 17223
(25368,1) 12968
(89492,1) 12028
(79300,1) 13029
(92553,1) 12023
(27314,1) 29579
(92182,1) 12356
(79579,1) 14921
(23106,1) 1
(2158,1) 24258
(46168,1) 13096
(61653,1) 13010
(52505,1) 31173
(54235,1) 3484
(74499,1) 13066
(4146,1) 34087
(50446,1) 14775
(51112,1) 17290
(19592,1) 23854
(72025,1) 3429
(59630,1) 13749
(70315,1) 12142
(83264,1) 17257
(62307,1) 14187
(261,1) 17794
(70665,1) 12366
(8225,1) 12506
(34240,1) 13125
(67896,1) 15050
(73000,1) 14674
(4155,1) 11550
(74569,1) 16009
(94801,1) 24106
(75210,1) 14579
(65548,1) 13416
(98772,1) 14704
(20745,1) 18026
(85009,1) 11757
(77976,1) 15594
(23126,1) 15369
(77219,1) 1
(13791,1) 17031
(8400,1) 13195
(57339,1) 15285
(80012,1) 13236
(403,1) 35606
(75173,1) 17071
(56214,1) 7493
(4680,1) 12769
(82908,1) 11763
(33229,1) 15724
(76965,1) 17151
(82299,1) 16454
(39320,1) 1
(59235,1) 16085
(50413,1) 15760
(13515,1) 13457
(40379,1) 1
(87669,1) 1
(61154,1) 14509
(53529,1) 13672
(19799,1) 6909
(88775,1) 15147
(99072,1) 29382
(99481,1) 15262
(91438,1) 15681
(66559,1) 12039
(97227,1) 13304
(97926,1) 24319
(53413,1) 16163
(9935,1) 11615
(26324,1) 13335
(98226,1) 14406
(65698,1) 15084
(19546,1) 30602
(72013,1) 14734
(41274,1) 14490
(70862,1) 16183
(69498,1) 17043
(31870,1) 13717
(21117,1) 7572
(68091,1) 12527
(72641,1) 12767
(7061,1) 3407
(85229,1) 9752
(38669,1) 13507
(46006,1) 30344
(69838,1) 11737
(60341,1) 13721
(53435,1) 11774
(72734,1) 13071
(7992,1) 13490
(22849,1) 11898
(3740,1) 11903
(15525,1) 14468
(14245,1) 15868
(37097,1) 15101
(80580,1) 13411
(71607,1) 1
(66013,1) 11821
(94273,1) 24679
(30893,1) 13277
(85297,1) 4978
(48704,1) 11631
(44751,1) 13575
(47738,1) 30743
(62340,1) 12944
(29147,1) 13411
(877,1) 17315
(13735,1) 12702
