(72,1) 505076
(20,1) 513953
(66,1) 513961
(89,1) 505080
(28,1) 505089
(43,1) 505094
(37,1) 512330
(3,1) 505094
(40,1) 505070
(14,1) 512346
(52,1) 505115
(75,1) 505060
(92,1) 512339
(48,1) 513963
(23,1) 504956
(69,1) 449710
(86,1) 504984
(83,1) 504974
(34,1) 512365
(17,1) 505005
(55,1) 512355
(6,1) 513968
(97,1) 512341
(26,1) 504950
(51,1) 513955
(80,1) 513958
(41,1) 513961
(68,1) 512346
(49,1) 512345
(12,1) 505083
(35,1) 512341
(54,1) 504980
(5,1) 512349
(94,1) 513952
(71,1) 505101
(77,1) 505089
(21,1) 448311
(29,1) 512348
(88,1) 504979
(46,1) 505075
(63,1) 513956
(60,1) 505104
(15,1) 505075
(0,1) 512349
(91,1) 512349
(8,1) 512344
(32,1) 505099
(57,1) 504998
(74,1) 505116
(24,1) 505090
(47,1) 512344
(99,1) 512359
(82,1) 513961
(85,1) 513950
(33,1) 512352
(10,1) 504963
(7,1) 505102
(79,1) 505111
(18,1) 512350
(56,1) 441977
(73,1) 504984
(96,1) 504968
(44,1) 505072
(27,1) 504971
(65,1) 504962
(2,1) 505101
(62,1) 513970
(13,1) 513960
(30,1) 504996
(38,1) 513942
(93,1) 513980
(76,1) 505109
(59,1) 504977
(22,1) 513966
(45,1) 505078
(64,1) 512341
(87,1) 512357
(84,1) 505083
(61,1) 512364
(1,1) 504971
(31,1) 505006
(16,1) 441882
(9,1) 513984
(39,1) 513955
(90,1) 541887
(58,1) 512346
(25,1) 504966
(98,1) 513979
(50,1) 513950
(42,1) 504985
(81,1) 504971
(67,1) 512368
(36,1) 513961
(4,1) 512349
(11,1) 513949
(78,1) 504972
(53,1) 504977
(19,1) 513953
(70,1) 504998
(95,1) 513986
