(34330,1) 951198
(59605,1) 951395
(24189,1) 957952
(14982,1) 938573
(21962,1) 942137
(99517,1) 962144
(27665,1) 960699
(15931,1) 937506
(27516,1) 942034
(99005,1) 944455
(3135,1) 938513
(4490,1) 948210
(89047,1) 951854
(30955,1) 970819
(17823,1) 949018
(1114,1) 970751
(40007,1) 957533
(8515,1) 981754
(76973,1) 880937
(23398,1) 978579
(75269,1) 939471
(72208,1) 964626
(83810,1) 960657
(40206,1) 942588
(48940,1) 867809
(27754,1) 958827
(72800,1) 948490
(66040,1) 946669
(49333,1) 967818
(57551,1) 954184
(93947,1) 950209
(76298,1) 947952
(18873,1) 947296
(19152,1) 959731
(28894,1) 931173
(37578,1) 952436
(2743,1) 949066
(20194,1) 932757
(28930,1) 959965
(54545,1) 950211
(63372,1) 955449
(40907,1) 955692
(78322,1) 943574
(66869,1) 947317
(64717,1) 938553
(27931,1) 932795
(23668,1) 929916
(95559,1) 941192
