(72,1) 448048
(20,1) 448064
(66,1) 448073
(28,1) 448048
(89,1) 448061
(43,1) 448032
(3,1) 448052
(37,1) 448029
(40,1) 448076
(14,1) 448053
(52,1) 448060
(92,1) 448049
(75,1) 448044
(48,1) 448040
(23,1) 448081
(69,1) 448034
(86,1) 448045
(83,1) 448057
(34,1) 448050
(17,1) 448038
(55,1) 448042
(6,1) 448056
(97,1) 448032
(26,1) 448065
(51,1) 448040
(80,1) 448046
(41,1) 448046
(49,1) 448057
(68,1) 448052
(12,1) 448052
(35,1) 448017
(54,1) 448074
(5,1) 448077
(94,1) 448055
(71,1) 448033
(77,1) 448043
(21,1) 448063
(29,1) 448034
(46,1) 448039
(63,1) 448052
(88,1) 448055
(60,1) 448040
(15,1) 448046
(0,1) 448036
(91,1) 448050
(8,1) 448052
(32,1) 448083
(57,1) 224027
(74,1) 448041
(24,1) 448043
(47,1) 448030
(99,1) 448051
(82,1) 448056
(85,1) 448055
(33,1) 448049
(10,1) 448033
(7,1) 448074
(79,1) 448044
(18,1) 448052
(56,1) 448052
(73,1) 448089
(96,1) 448062
(44,1) 448049
(27,1) 448077
(65,1) 448044
(2,1) 448040
(62,1) 448042
(13,1) 448047
(30,1) 448058
(38,1) 448046
(93,1) 448041
(59,1) 448024
(76,1) 448046
(22,1) 448052
(45,1) 448047
(64,1) 448041
(87,1) 448024
(84,1) 448057
(61,1) 448038
(1,1) 448085
(31,1) 448029
(16,1) 448037
(39,1) 448058
(9,1) 448056
(90,1) 448061
(58,1) 479799
(25,1) 448033
(50,1) 448042
(98,1) 448057
(42,1) 448046
(81,1) 448059
(67,1) 448034
(36,1) 448055
(4,1) 448041
(11,1) 448071
(78,1) 448038
(19,1) 448057
(53,1) 448031
(70,1) 448042
(95,1) 448070
