(72,1) 508590
(20,1) 515940
(66,1) 508603
(89,1) 515926
(28,1) 515529
(43,1) 515144
(37,1) 515205
(3,1) 515219
(40,1) 515177
(14,1) 508651
(52,1) 508575
(75,1) 508652
(92,1) 508629
(48,1) 508565
(23,1) 515992
(69,1) 508642
(86,1) 515913
(83,1) 515482
(34,1) 515181
(17,1) 515934
(55,1) 515598
(6,1) 508662
(97,1) 515266
(26,1) 515607
(51,1) 508534
(80,1) 515223
(41,1) 445046
(49,1) 515182
(68,1) 515485
(12,1) 515940
(35,1) 515227
(54,1) 515970
(5,1) 515142
(94,1) 515146
(71,1) 508614
(77,1) 515931
(21,1) 515526
(29,1) 508541
(88,1) 451449
(46,1) 515177
(63,1) 515916
(60,1) 515224
(15,1) 508612
(0,1) 515221
(91,1) 508492
(8,1) 515525
(32,1) 515492
(57,1) 515944
(74,1) 508627
(24,1) 515264
(47,1) 515528
(99,1) 515980
(82,1) 515208
(85,1) 508656
(33,1) 515508
(10,1) 515555
(7,1) 515235
(79,1) 515498
(18,1) 515913
(56,1) 508569
(73,1) 515976
(96,1) 450726
(44,1) 515181
(27,1) 515204
(65,1) 515212
(2,1) 515939
(62,1) 515592
(13,1) 515943
(30,1) 515473
(38,1) 515918
(93,1) 508564
(76,1) 515941
(59,1) 515501
(22,1) 515932
(45,1) 515205
(64,1) 515908
(87,1) 515509
(84,1) 508661
(61,1) 515487
(1,1) 508628
(31,1) 515898
(16,1) 515585
(39,1) 515198
(9,1) 515977
(90,1) 508554
(58,1) 515511
(25,1) 515119
(50,1) 515493
(98,1) 515965
(42,1) 451031
(81,1) 508583
(67,1) 508550
(36,1) 515508
(4,1) 508667
(11,1) 515971
(78,1) 515517
(53,1) 515966
(19,1) 515243
(70,1) 515580
(95,1) 515534
