(19577,1) 8962
(23717,1) 9013
(90443,1) 9113
(17155,1) 9603
(20325,1) 8403
(7964,1) 8650
(9904,1) 8642
(98172,1) 8840
(89339,1) 8240
(67668,1) 9089
(82936,1) 9047
(7608,1) 9064
(55317,1) 9059
(28042,1) 8434
(79893,1) 8823
(22874,1) 8327
(81852,1) 9184
(67530,1) 8755
(33519,1) 8817
(30242,1) 8254
(52293,1) 8719
(66216,1) 9142
(94932,1) 8487
(70826,1) 8431
(31592,1) 8375
(51070,1) 8583
(65373,1) 8887
(56655,1) 8537
(66102,1) 8904
(99244,1) 9208
(67795,1) 8179
(70609,1) 8756
(66343,1) 8962
(29151,1) 9118
(80412,1) 9002
(79995,1) 8794
(75187,1) 8760
(90214,1) 8629
(16299,1) 8795
(21675,1) 8818
(42376,1) 9353
(16197,1) 8496
(6867,1) 9519
(7621,1) 9056
(20554,1) 8412
(41128,1) 8370
(10752,1) 8357
(9928,1) 9221
(89671,1) 8505
(90545,1) 9103
(31122,1) 9476
(56667,1) 8826
(68970,1) 9449
(86049,1) 8773
(83804,1) 8924
(86278,1) 8999
(30344,1) 8649
(4788,1) 8584
(12728,1) 8518
(55889,1) 8922
(11999,1) 8312
(99599,1) 9138
(45720,1) 8624
(89364,1) 8625
(71947,1) 8497
(67517,1) 8597
(44876,1) 9675
(28029,1) 8941
(34947,1) 8567
(80665,1) 8736
(83943,1) 8500
(69801,1) 8856
(66776,1) 8893
(79971,1) 8484
(54564,1) 9053
(22543,1) 8549
(23995,1) 9607
(67566,1) 9046
(91691,1) 8950
(19246,1) 9733
(21573,1) 9289
(9700,1) 8720
(92419,1) 9361
(33442,1) 8072
(43551,1) 9170
(59716,1) 8693
(64288,1) 9113
(88370,1) 9118
(77152,1) 9282
(4776,1) 9419
(46979,1) 8648
(1282,1) 8988
(32983,1) 8873
(92600,1) 8805
(56745,1) 9104
(65794,1) 8714
(81647,1) 9395
(5235,1) 9019
(56414,1) 9120
(85079,1) 8457
(91221,1) 8308
(65463,1) 9224
(69657,1) 8825
(30434,1) 9130
(92804,1) 8760
(59614,1) 9400
(21843,1) 9016
(70646,1) 9351
(23411,1) 9025
(56708,1) 7991
(5488,1) 9464
(34551,1) 9159
(87224,1) 8647
(78735,1) 8393
(44839,1) 9118
(54895,1) 9429
(62161,1) 8766
(52220,1) 8807
(92203,1) 8439
(93769,1) 8756
(21716,1) 8539
(31759,1) 8486
(21229,1) 8527
(60729,1) 8915
(33712,1) 9362
(20517,1) 8810
(92432,1) 8985
(46918,1) 8675
(4163,1) 7998
(94968,1) 8878
(7555,1) 9125
(21704,1) 8540
(80808,1) 9121
(21217,1) 9141
(75216,1) 9157
(90737,1) 8645
(89863,1) 8449
(44582,1) 8970
(71996,1) 8499
(29318,1) 8870
(42045,1) 9017
(29559,1) 8550
(57788,1) 8427
(30699,1) 8669
(19029,1) 8595
(58542,1) 8701
(32832,1) 8694
(42442,1) 8278
(87465,1) 8653
(69531,1) 9474
(53431,1) 8705
(97002,1) 9458
(33364,1) 8786
(76771,1) 9077
(10788,1) 8440
(82666,1) 8606
(41002,1) 8740
(13940,1) 8714
(69633,1) 9430
(10126,1) 8799
(82540,1) 8784
(44815,1) 8643
(64125,1) 8536
(942,1) 9104
(42201,1) 8738
(42339,1) 8407
(84913,1) 8777
(34935,1) 8853
(64252,1) 9619
(53406,1) 8578
(16112,1) 8836
(29036,1) 8994
(41280,1) 8414
(8881,1) 8260
(12741,1) 8919
(65042,1) 8624
(30573,1) 9447
(72508,1) 8994
(44827,1) 8484
(83980,1) 8097
(56847,1) 8923
(63323,1) 8350
(72041,1) 8965
(50255,1) 9130
(92967,1) 8405
(64113,1) 8143
(80563,1) 8153
(3618,1) 8763
(95734,1) 8696
(78236,1) 9006
(58098,1) 8318
(48919,1) 8720
(42327,1) 8641
(72635,1) 8712
(70340,1) 8699
(7236,1) 8888
(74828,1) 9321
(50472,1) 8848
(57482,1) 8250
(83420,1) 8772
(65606,1) 8979
(66817,1) 8900
(11006,1) 8292
(27215,1) 8773
(62341,1) 8603
(23082,1) 9405
(49987,1) 8336
(61748,1) 8739
(4703,1) 8550
(82450,1) 9469
(54707,1) 8521
(38470,1) 8813
(61519,1) 8583
(34130,1) 9205
(93097,1) 8808
(1666,1) 9000
(39944,1) 8300
(15358,1) 8900
(26118,1) 9342
(19835,1) 8828
(79038,1) 8879
(65835,1) 8758
(69007,1) 8688
(83054,1) 8782
(48306,1) 9220
(68152,1) 8589
(4715,1) 9575
(96109,1) 8794
(62947,1) 8706
(93120,1) 9149
(98556,1) 8381
(94331,1) 8935
(16545,1) 8576
(74794,1) 9221
(90701,1) 8644
(35202,1) 9703
(10265,1) 8701
(27809,1) 8459
(41915,1) 9340
(56042,1) 8549
(1425,1) 9243
(18726,1) 8693
(69109,1) 8509
(9497,1) 9675
(19847,1) 8500
(53762,1) 9226
(26359,1) 8924
(50735,1) 8898
(53991,1) 8323
(96110,1) 8433
(17503,1) 8799
(92493,1) 8953
(45016,1) 8892
(59261,1) 8537
(3860,1) 8894
(89965,1) 8646
(47289,1) 8412
(64980,1) 9019
(80052,1) 9022
(78711,1) 8218
(81570,1) 8737
(71148,1) 9018
(49217,1) 9208
(57392,1) 8910
(44930,1) 8851
(77741,1) 9112
(26713,1) 8896
(73642,1) 8185
(25112,1) 8454
(23141,1) 8645
(62377,1) 8933
(533,1) 8066
(33376,1) 9070
(23688,1) 8284
(94596,1) 8456
(99665,1) 8643
(131,1) 8757
(72202,1) 8674
(60262,1) 8559
(41832,1) 9480
(87506,1) 8931
(74769,1) 8826
(89094,1) 9139
(75962,1) 9046
(45269,1) 8723
(67247,1) 8602
(73787,1) 8882
(14820,1) 8345
(90173,1) 9302
(78,1) 8519
(46775,1) 8662
(28962,1) 9054
(87825,1) 8815
(27023,1) 8974
(86855,1) 9398
(81299,1) 9106
(86368,1) 8594
(24244,1) 8998
(60844,1) 9145
(49176,1) 9227
(60225,1) 8866
(97026,1) 9188
(12152,1) 8990
(13363,1) 8103
(94367,1) 8824
(88189,1) 8573
(13351,1) 8663
(47132,1) 8793
(7165,1) 9019
(9111,1) 8909
(49164,1) 9362
(76337,1) 8482
(20619,1) 9316
(12363,1) 8379
(12409,1) 9211
(71755,1) 8680
(8971,1) 9251
(62424,1) 8842
(83577,1) 8794
(79087,1) 9071
(36719,1) 8941
(31297,1) 9033
(70057,1) 8766
(75745,1) 8974
(15628,1) 8486
(58013,1) 8865
(14549,1) 9072
(25431,1) 8939
(62876,1) 9349
(72942,1) 9063
(96217,1) 8164
(15130,1) 9024
(44095,1) 9179
(60832,1) 8553
(71526,1) 8876
(37283,1) 8171
(38740,1) 9038
(99412,1) 9487
(55583,1) 9118
(26335,1) 9046
(76591,1) 9015
(45282,1) 8796
(8094,1) 8847
(29891,1) 9001
(97844,1) 9118
(52563,1) 8461
(12093,1) 8426
(88460,1) 8273
(5403,1) 9086
(67746,1) 8728
(65631,1) 9247
(6597,1) 9154
(4811,1) 8813
(91858,1) 8719
(76055,1) 9493
(29367,1) 8374
(63527,1) 8885
(36450,1) 8318
(59200,1) 8657
(34275,1) 8326
(28775,1) 8810
(53479,1) 8875
(7177,1) 9107
(66805,1) 8392
(33683,1) 8700
(24303,1) 8360
(19860,1) 8430
(30975,1) 8483
(82149,1) 8589
(96994,1) 8552
(29102,1) 8209
(79615,1) 9306
(69580,1) 8684
(2624,1) 7949
(86951,1) 8722
(51634,1) 8885
(76637,1) 8793
(18985,1) 8708
(94301,1) 8967
(59416,1) 8930
(56906,1) 8663
(65738,1) 9207
(3,1) 8861
(28432,1) 8847
(14863,1) 9293
(88862,1) 9255
(67049,1) 9286
(10133,1) 8339
(27943,1) 8303
(45137,1) 9176
(51688,1) 8841
(84866,1) 8527
(9538,1) 8929
(37516,1) 9326
(20188,1) 9002
(37860,1) 8882
(24298,1) 9274
(16815,1) 8530
(82420,1) 8632
(92590,1) 8608
(55078,1) 9001
(34480,1) 8590
(55707,1) 8701
(87307,1) 9383
(39559,1) 8636
(46692,1) 8933
(60532,1) 7988
(92589,1) 8460
(13032,1) 8509
(32070,1) 8737
(22104,1) 8803
(75884,1) 9487
(25660,1) 8716
(51460,1) 8784
(74101,1) 9367
(26617,1) 8698
(44384,1) 8632
(51598,1) 8678
(74240,1) 9025
(49223,1) 8883
(80802,1) 8571
(65407,1) 8957
(61706,1) 8598
(99609,1) 8558
(68285,1) 8327
(87320,1) 8328
(11266,1) 9509
(83680,1) 8509
(72540,1) 9494
(49031,1) 9520
(26455,1) 8555
(39824,1) 8822
(55156,1) 9400
(51472,1) 9321
(8773,1) 8840
(26707,1) 9237
(96164,1) 8672
(68158,1) 8699
(64804,1) 8848
(48482,1) 8573
(76433,1) 8413
(74847,1) 8411
(1226,1) 9347
(16003,1) 9172
(20037,1) 9111
(7664,1) 9459
(27233,1) 9089
(6098,1) 8437
(85277,1) 9179
(20176,1) 9074
(77619,1) 9055
(25508,1) 9155
(98472,1) 8554
(84222,1) 8941
(72527,1) 8676
(54647,1) 8458
(69411,1) 9549
(2208,1) 8843
(61309,1) 9840
(93265,1) 9092
(49933,1) 9015
(86464,1) 8969
(96103,1) 8880
(37859,1) 9326
(51863,1) 9024
(83035,1) 9366
(55822,1) 9119
(17912,1) 9245
(23087,1) 9137
(77783,1) 8827
(87831,1) 8615
(30938,1) 8740
(57542,1) 9015
(91342,1) 8643
(12381,1) 8417
(27270,1) 8344
(41820,1) 8725
(91966,1) 8774
(36004,1) 8959
(38535,1) 8430
(46769,1) 8457
(67739,1) 9670
(50428,1) 8838
(67471,1) 9322
(72576,1) 8903
(11067,1) 9005
(53334,1) 8979
(22423,1) 8638
(86517,1) 8982
(86999,1) 9077
(44474,1) 9013
(23773,1) 9101
(36131,1) 9596
(75258,1) 8861
(45713,1) 8795
(82481,1) 8510
(27865,1) 9022
(46174,1) 9899
(23250,1) 8986
(23038,1) 8303
(71365,1) 8674
(85290,1) 8475
(1756,1) 9485
(99046,1) 9102
(97893,1) 8864
(39885,1) 9378
(24833,1) 8519
(94464,1) 8936
(45803,1) 9279
(7297,1) 8549
(18437,1) 8771
(9461,1) 8213
(58018,1) 7889
(91468,1) 8650
(37348,1) 9479
(62191,1) 9090
(1046,1) 9012
(34328,1) 8763
(71389,1) 9084
(63707,1) 8349
(30957,1) 9162
(71587,1) 8582
(78093,1) 8577
(66438,1) 8516
(71390,1) 9354
(76470,1) 8352
(75937,1) 9271
(30914,1) 9552
(48000,1) 9334
(9671,1) 8808
(17635,1) 8728
(72365,1) 8427
(98513,1) 8813
(70599,1) 8839
(36697,1) 9135
(33792,1) 8686
(25293,1) 8982
(18425,1) 8442
(44185,1) 9681
(73564,1) 8196
(96140,1) 8302
(68261,1) 8882
(64576,1) 8863
(78831,1) 8234
(90923,1) 9399
(49777,1) 8987
(94349,1) 9008
(40818,1) 8923
(66426,1) 8321
(29119,1) 9291
(30259,1) 9111
(92107,1) 8833
(15972,1) 8688
(359,1) 8753
(53882,1) 8589
(73425,1) 9021
(20205,1) 8653
(86620,1) 9293
(18144,1) 9232
(8298,1) 9142
(77957,1) 8813
(6862,1) 9520
(21427,1) 8300
(51087,1) 8665
(93589,1) 9306
(73113,1) 8809
(52894,1) 8378
(55667,1) 8943
(38584,1) 8693
(37373,1) 8588
(32682,1) 8437
(7099,1) 8566
(48157,1) 8933
(80887,1) 9370
(39073,1) 9019
(86079,1) 8822
(67536,1) 9205
(81834,1) 8863
(25894,1) 8543
(43088,1) 8565
(93590,1) 8071
(86067,1) 9363
(6517,1) 8712
(65366,1) 9263
(70454,1) 8961
(17413,1) 8491
(39795,1) 9367
(83534,1) 8334
(8550,1) 9191
(67204,1) 8133
(12344,1) 9066
(85944,1) 9631
(49254,1) 8052
(82059,1) 9397
(28265,1) 8855
(56144,1) 8632
(6850,1) 8888
(56891,1) 9192
(52196,1) 9429
(71690,1) 8899
(88250,1) 8740
(53233,1) 9924
(23825,1) 8470
(91143,1) 8952
(25309,1) 9211
(74061,1) 8748
(82725,1) 8905
(55931,1) 9144
(67398,1) 8696
(54810,1) 8769
(82323,1) 9021
(51785,1) 8963
(86387,1) 8809
(30212,1) 8205
(61658,1) 8336
(29005,1) 9194
(10919,1) 8890
(34690,1) 8548
(335,1) 9074
(40190,1) 8239
(37901,1) 8556
(62431,1) 8533
(87976,1) 9166
(77211,1) 8460
(9911,1) 8704
(4120,1) 9082
(83834,1) 8858
(28955,1) 9278
(74036,1) 9234
(50952,1) 8656
(37738,1) 9443
(32520,1) 8136
(10209,1) 8851
(66301,1) 8538
(19168,1) 7964
(80851,1) 9448
(79267,1) 8462
(48421,1) 8797
(15027,1) 9444
(37913,1) 9060
(74198,1) 8435
(660,1) 9054
(47246,1) 8894
(71689,1) 8764
(35353,1) 9386
(42177,1) 8575
(62821,1) 8959
(40393,1) 9316
(35888,1) 8739
(42551,1) 9005
(46583,1) 8439
(76036,1) 8382
(1347,1) 8181
(64155,1) 8082
(27091,1) 9828
(77409,1) 8692
(77157,1) 8823
(92342,1) 8640
(84745,1) 9210
(44275,1) 9024
(85408,1) 8621
(72864,1) 8860
(57679,1) 8904
(17583,1) 8530
(2834,1) 8861
(81660,1) 8508
(22326,1) 8813
(90022,1) 9611
(79941,1) 8719
(2692,1) 8737
(53793,1) 8584
(21488,1) 8837
(66151,1) 8773
(77908,1) 8920
(24358,1) 9246
(65175,1) 9444
(6217,1) 8681
(17335,1) 9017
(36239,1) 9375
(11932,1) 9266
(29589,1) 9244
(49319,1) 9100
(86728,1) 8827
(68836,1) 9025
(51026,1) 8311
(11445,1) 8752
(44961,1) 9007
(73673,1) 8996
(59999,1) 9069
(50262,1) 9373
(74859,1) 9011
(59363,1) 8901
(60082,1) 9197
(87728,1) 9218
(87586,1) 9136
(30682,1) 8877
(61293,1) 9143
(2679,1) 8561
(22825,1) 8294
(45072,1) 8554
(55481,1) 9007
(77880,1) 9324
(80185,1) 8625
(29553,1) 10036
(52083,1) 8489
(63330,1) 9460
(29228,1) 10043
(24159,1) 8734
(28378,1) 8888
(63630,1) 8395
(8736,1) 8794
(41190,1) 9097
(38402,1) 9244
(10092,1) 8996
(63479,1) 8861
(2846,1) 8652
(46072,1) 9306
(100,1) 9136
(51773,1) 8582
(17546,1) 9193
(99281,1) 8874
(960,1) 8455
(14838,1) 8855
(73149,1) 9311
(21314,1) 8993
(58164,1) 8655
(62792,1) 8679
(70117,1) 8973
(51237,1) 8514
(2311,1) 8771
(59862,1) 9100
(39097,1) 9053
(1822,1) 8980
(48993,1) 9076
(18347,1) 8439
(95597,1) 9386
(59338,1) 9341
(7387,1) 8575
(14128,1) 8921
(95938,1) 9163
(4006,1) 9028
(94752,1) 8587
(58306,1) 8813
(27720,1) 8729
(65698,1) 8389
(11108,1) 9229
(17558,1) 8878
(80303,1) 8941
(97261,1) 9497
(17359,1) 9715
(17173,1) 8962
(67861,1) 8256
(33881,1) 9072
(46413,1) 8832
(46283,1) 8773
(51903,1) 8667
(35588,1) 8733
(18546,1) 9051
(37950,1) 8840
(51051,1) 8221
(64642,1) 8548
(76523,1) 8865
(92042,1) 8956
(91058,1) 9274
(13274,1) 9580
(53973,1) 8929
(92143,1) 9124
(96104,1) 9212
(98801,1) 9015
(1546,1) 8712
(7082,1) 8631
(84763,1) 8897
(24299,1) 8742
(86784,1) 8814
(47685,1) 9345
(86772,1) 8676
(24287,1) 8909
(27954,1) 8880
(98538,1) 8900
(60772,1) 8927
(65703,1) 9287
(46372,1) 9346
(50237,1) 9139
(47799,1) 8142
(59382,1) 8330
(78062,1) 8486
(82202,1) 8685
(59267,1) 8190
(98780,1) 8857
(47182,1) 8247
(36660,1) 8773
(40525,1) 8844
(23109,1) 9049
(3956,1) 9123
(69140,1) 8698
(82467,1) 9189
(101,1) 9082
(69471,1) 8529
(2815,1) 9037
(70484,1) 8746
(9161,1) 8914
(55090,1) 9141
(52304,1) 8648
(59292,1) 9328
(74686,1) 8600
(23146,1) 8674
(76945,1) 8643
(8007,1) 8890
(96836,1) 8584
(4963,1) 8699
(59496,1) 8661
(59255,1) 8571
(77915,1) 9043
(83883,1) 8338
(15946,1) 9189
(9112,1) 9004
(88814,1) 8966
(57062,1) 8648
(69037,1) 8860
(82377,1) 9088
(15594,1) 9495
(77608,1) 8908
(86579,1) 8712
(85402,1) 8381
(77723,1) 9067
(61778,1) 9233
(94120,1) 8676
(60371,1) 8783
(46269,1) 8451
(12006,1) 8438
(2528,1) 8334
(25520,1) 8962
(38771,1) 8855
(6075,1) 8799
(56481,1) 8843
(31717,1) 9201
(88826,1) 9437
(63612,1) 9247
(42947,1) 8582
(95363,1) 9444
(456,1) 8719
(43160,1) 8169
(27966,1) 8328
(31856,1) 8560
(50213,1) 9085
(77927,1) 8938
(91365,1) 8967
(1534,1) 9741
(49669,1) 9042
(23158,1) 8859
(39516,1) 8522
(18192,1) 8941
(57210,1) 9666
(56932,1) 8270
(78140,1) 8513
(10348,1) 8676
(63870,1) 9095
(62871,1) 9018
(36091,1) 8811
(85025,1) 8609
(7675,1) 8580
(31050,1) 9074
(98346,1) 8710
(2210,1) 8810
(5241,1) 8335
(97863,1) 8939
(52582,1) 7881
(59218,1) 8868
(20626,1) 8712
(81665,1) 8787
(62532,1) 8771
(71250,1) 9334
(68693,1) 8389
(34315,1) 9007
(47023,1) 9191
(94516,1) 8450
(63869,1) 8667
(71274,1) 8700
(73300,1) 8805
(10709,1) 8938
(57336,1) 9110
(46077,1) 9283
(27888,1) 8794
(77903,1) 8778
(13753,1) 8585
(28854,1) 8499
(50989,1) 9241
(83028,1) 8597
(35154,1) 9329
(88875,1) 8206
(59321,1) 9305
(9730,1) 8963
(26959,1) 9188
(9639,1) 9167
(5500,1) 9243
(18553,1) 8886
(56919,1) 8516
(50033,1) 9480
(7393,1) 9282
(50069,1) 8912
(56043,1) 8812
(92781,1) 8854
(54787,1) 9320
(43184,1) 8620
(22705,1) 8780
(1816,1) 9237
(36361,1) 9139
(85516,1) 8161
(95932,1) 8863
(15705,1) 8936
(61484,1) 8954
(47194,1) 8394
(51767,1) 9344
(7172,1) 9423
(24492,1) 9079
(98502,1) 8930
(74596,1) 8990
(73144,1) 8453
(39393,1) 9225
(11114,1) 9073
(96267,1) 8363
(86490,1) 8602
(48463,1) 8849
(33423,1) 9061
(59472,1) 8406
(71123,1) 8556
(26853,1) 8829
(61406,1) 8384
(25225,1) 9610
(59333,1) 8895
(95338,1) 9045
(74866,1) 8820
(12345,1) 8357
(80899,1) 8803
(68915,1) 7898
(8302,1) 9125
(34340,1) 8882
(62719,1) 8262
(63775,1) 8982
(7381,1) 9152
(3629,1) 8795
(19720,1) 8519
(9910,1) 8936
(22615,1) 9183
(97802,1) 9348
(4348,1) 7802
(91923,1) 9059
(90690,1) 8488
(79657,1) 8898
(7614,1) 8127
(87668,1) 8583
(12709,1) 9010
(69832,1) 8883
(45120,1) 8628
(28564,1) 9009
(3092,1) 8473
(2786,1) 8880
(57607,1) 9268
(26268,1) 9216
(87255,1) 8274
(43684,1) 9286
(39062,1) 8369
(95633,1) 8695
(79669,1) 8877
(93829,1) 8458
(3401,1) 9215
(81604,1) 9159
(44288,1) 8890
(43696,1) 8593
(75168,1) 9249
(14628,1) 8562
(92584,1) 9239
(33766,1) 8378
(31447,1) 9192
(69820,1) 8646
(28311,1) 8837
(91443,1) 8694
(7971,1) 8912
(99021,1) 8800
(77337,1) 9018
(62834,1) 8729
(79497,1) 8811
(10746,1) 8380
(50851,1) 8715
(64533,1) 9309
(74944,1) 8981
(16282,1) 8734
(23610,1) 8055
(3720,1) 8864
(16429,1) 8776
(65539,1) 9100
(35808,1) 8222
(17334,1) 8188
(4258,1) 8905
(50070,1) 8386
(68038,1) 8630
(4246,1) 9069
(21369,1) 9135
(63095,1) 9108
(37486,1) 8675
(99791,1) 8364
(88580,1) 8632
(44252,1) 8204
(25895,1) 8476
(85283,1) 8479
(23526,1) 8498
(62250,1) 8925
(8587,1) 9231
(89022,1) 9044
(57926,1) 9249
(88319,1) 8838
(53587,1) 8762
(29144,1) 8628
(10414,1) 9379
(87243,1) 9665
(47702,1) 9045
(90023,1) 8918
(24455,1) 8356
(5489,1) 9073
(16269,1) 8914
(66746,1) 9501
(79207,1) 8883
(56595,1) 8614
(75011,1) 8888
(54310,1) 9545
(27659,1) 9081
(26207,1) 8671
(1263,1) 8530
(66505,1) 8337
(55991,1) 8783
(15791,1) 8871
(38283,1) 8405
(35882,1) 8388
(83985,1) 8373
(82533,1) 8795
(20490,1) 9260
(61923,1) 8542
(15807,1) 8910
(20163,1) 9469
(26173,1) 9140
(93775,1) 8699
(7320,1) 9075
(8634,1) 9311
(51165,1) 8567
(5573,1) 9048
(20998,1) 8653
(21620,1) 9058
(16257,1) 9333
(12999,1) 9656
(32135,1) 8566
(69989,1) 8117
(49343,1) 8861
(57050,1) 9438
(89857,1) 8188
(95102,1) 9095
(5344,1) 9061
(63468,1) 9419
(55750,1) 8627
(59128,1) 8779
(70411,1) 8969
(29542,1) 8557
(57902,1) 9270
(63154,1) 9264
(93043,1) 9124
(26546,1) 9134
(6459,1) 8401
(55469,1) 8526
(92822,1) 9189
(91112,1) 8992
(81391,1) 8866
(15304,1) 9059
(60665,1) 9000
(44706,1) 9054
(56108,1) 8564
(11901,1) 8876
(27684,1) 8980
(79939,1) 8659
(3133,1) 9372
(32147,1) 9263
(54853,1) 8862
(96075,1) 9210
(42416,1) 9077
(98109,1) 8571
(91787,1) 9051
(71909,1) 9063
(71057,1) 8521
(92379,1) 9087
(2762,1) 8859
(81997,1) 8896
(79753,1) 9168
(99083,1) 8471
(5216,1) 8830
(21116,1) 8369
(89206,1) 9020
(4553,1) 9224
(21873,1) 8112
(19661,1) 8754
(76721,1) 8673
(47529,1) 9004
(79485,1) 8492
(73696,1) 8201
(75023,1) 8680
(21861,1) 9071
(62793,1) 8203
(28335,1) 9102
(90846,1) 8440
(6248,1) 8470
(1890,1) 9180
(23497,1) 9180
(23568,1) 8676
(26522,1) 9241
(95878,1) 8679
(11048,1) 8578
(92625,1) 9110
(17685,1) 8713
(91510,1) 8608
(29181,1) 9284
(81882,1) 9156
(81407,1) 9439
(40603,1) 8622
(59619,1) 9158
(5320,1) 8906
(53551,1) 8242
(99095,1) 8644
(21559,1) 8797
(2494,1) 8635
(12086,1) 9024
(58847,1) 8830
(89236,1) 8957
(96964,1) 8828
(19199,1) 9025
(6535,1) 8793
(90340,1) 9093
(6019,1) 8936
(13893,1) 9045
(69700,1) 8662
(68535,1) 8926
(12326,1) 8668
(43793,1) 9543
(99486,1) 8991
(44683,1) 9313
(35449,1) 8683
(28661,1) 9022
(21044,1) 8648
(83162,1) 9273
(973,1) 9519
(28260,1) 9562
(62186,1) 8515
(69826,1) 8760
(8190,1) 8990
(53641,1) 8951
(67518,1) 8472
(21800,1) 8915
(6122,1) 9245
(77138,1) 9265
(55650,1) 8338
(19726,1) 8368
(84030,1) 8479
(65510,1) 9396
(14609,1) 8679
(46590,1) 8870
(23969,1) 8803
(94656,1) 8821
(71557,1) 9225
(89224,1) 8043
(97567,1) 8783
(71934,1) 8895
(44568,1) 9622
(19498,1) 8780
(17191,1) 8724
(50820,1) 8662
(74468,1) 8683
(54105,1) 8597
(2985,1) 8727
(7916,1) 8775
(34569,1) 9327
(60315,1) 8885
(39951,1) 9347
(1293,1) 8995
(19048,1) 8453
(12050,1) 9931
(78394,1) 8157
(50868,1) 8214
(68044,1) 8410
(92336,1) 8926
(8867,1) 8469
(73992,1) 8873
(83438,1) 8986
(97603,1) 8163
(71684,1) 8898
(3362,1) 9208
(97543,1) 8909
(99396,1) 8686
(44192,1) 8211
(83378,1) 9263
(38132,1) 8792
(76273,1) 8986
(37595,1) 8713
(66892,1) 8620
(77403,1) 8440
(28697,1) 8774
(97088,1) 8643
(35425,1) 8582
(46565,1) 9586
(72136,1) 8534
(34684,1) 8885
(6212,1) 8612
(67907,1) 8582
(8879,1) 8711
(28133,1) 8833
(92684,1) 8773
(89876,1) 8390
(34557,1) 8526
(85674,1) 8538
(18698,1) 9037
(30355,1) 9149
(38072,1) 8865
(21637,1) 8962
(12062,1) 8223
(42022,1) 8167
(22301,1) 8700
(82950,1) 9440
(93540,1) 8591
(65282,1) 9032
(46829,1) 8908
(53466,1) 8434
(57855,1) 9065
(99311,1) 9089
(92209,1) 9068
(9723,1) 8349
(23532,1) 8781
(62023,1) 8292
(67229,1) 9404
(78593,1) 9104
(48824,1) 7940
(2559,1) 9247
(74282,1) 8524
(43893,1) 9267
(48183,1) 8229
(39477,1) 8633
(35384,1) 8035
(59511,1) 8769
(53174,1) 8958
(72100,1) 8222
(70428,1) 8720
(97003,1) 9336
(19666,1) 9380
(24645,1) 8195
(55487,1) 9108
(89056,1) 9523
(37805,1) 9281
(8255,1) 8969
(57908,1) 8708
(88573,1) 9081
(44736,1) 9287
(83227,1) 8240
(86374,1) 8692
(85547,1) 8664
(26202,1) 8799
(75119,1) 9028
(27470,1) 8645
(32249,1) 8806
(1268,1) 8841
(98255,1) 9162
(2662,1) 8767
(54076,1) 9139
(16215,1) 8905
(63904,1) 9820
(19527,1) 9844
(32340,1) 8169
(41723,1) 9332
(50130,1) 8466
(77529,1) 9259
(2572,1) 9059
(95235,1) 9262
(72311,1) 8634
(44089,1) 8887
(74018,1) 8927
(30343,1) 8531
(32874,1) 8936
(67356,1) 8355
(4305,1) 8795
(79585,1) 8826
(56605,1) 8940
(80564,1) 9256
(26552,1) 9111
(79424,1) 8580
(80666,1) 8426
(48297,1) 8678
(80983,1) 9237
(32898,1) 9048
(28702,1) 9159
(58471,1) 8457
(80178,1) 8396
(49974,1) 8775
(11801,1) 8646
(98044,1) 9178
(85397,1) 8973
(67320,1) 8410
(30831,1) 9077
(83329,1) 9048
(98908,1) 9329
(46788,1) 8261
(12637,1) 8808
(77505,1) 8881
(51921,1) 9462
(15309,1) 8954
(89827,1) 9356
(37080,1) 8698
(26527,1) 9080
(1130,1) 9122
(91142,1) 8582
(22260,1) 9007
(58543,1) 8389
(43002,1) 8696
(18727,1) 9138
(39999,1) 9348
(6056,1) 8822
(3151,1) 8641
(19061,1) 9232
(41675,1) 9224
(58835,1) 8625
(72773,1) 9237
(47265,1) 9133
(91769,1) 9011
(30038,1) 9098
(14519,1) 8778
(34014,1) 8567
(89839,1) 8334
(13191,1) 8944
(33015,1) 7737
(5711,1) 8729
(19738,1) 9059
(88410,1) 8084
(23189,1) 8724
(66867,1) 8570
(32352,1) 8616
(82061,1) 8706
(46288,1) 8623
(25876,1) 9270
(70363,1) 9121
(53520,1) 9126
(93486,1) 8910
(19605,1) 9192
(90174,1) 8892
(73331,1) 9340
(15747,1) 8654
(68644,1) 9115
(88856,1) 8637
(35959,1) 9286
(68988,1) 8628
(7191,1) 9241
(520,1) 8644
(519,1) 8961
(43958,1) 8619
(49723,1) 8925
(89689,1) 9038
(19949,1) 9003
(11694,1) 8743
(79784,1) 8985
(56661,1) 8479
(62352,1) 9410
(65080,1) 9099
(3503,1) 8496
(7500,1) 9209
(4451,1) 8639
(35100,1) 8487
(87795,1) 8943
(64774,1) 8653
(84126,1) 9252
(90815,1) 8898
(3126,1) 8471
(840,1) 9201
(13796,1) 9584
(2053,1) 8596
(25665,1) 8519
(98774,1) 8796
(94535,1) 8752
(45005,1) 9112
(93462,1) 8957
(84998,1) 8459
(91661,1) 9313
(28896,1) 8291
(33984,1) 8699
(15588,1) 9473
(66818,1) 8605
(87394,1) 8986
(31676,1) 8364
(79772,1) 8813
(9990,1) 8232
(93498,1) 8999
(19629,1) 8805
(21783,1) 9370
(7284,1) 8312
(31664,1) 8811
(48224,1) 8835
(14821,1) 9249
(76553,1) 8405
(19974,1) 8772
(68153,1) 9263
(32728,1) 8867
(14423,1) 8378
(9657,1) 9042
(16077,1) 9333
(9191,1) 9201
(17666,1) 8628
(73412,1) 8795
(93393,1) 8954
(21231,1) 9107
(13760,1) 9465
(83487,1) 8697
(59535,1) 8553
(78513,1) 9211
(63347,1) 8913
(53186,1) 8905
(69489,1) 8532
(89930,1) 9207
(54191,1) 9165
(27961,1) 8458
(14808,1) 8334
(79796,1) 9016
(42622,1) 8315
(85982,1) 8881
(31851,1) 8821
(44609,1) 8585
(90162,1) 9371
(99928,1) 8679
(56937,1) 8589
(86138,1) 8959
(67307,1) 9438
(52608,1) 8773
(37534,1) 8497
(96445,1) 8605
(12662,1) 9390
(78460,1) 9202
(53840,1) 9546
(64936,1) 8601
(56085,1) 8744
(65721,1) 9127
(59110,1) 9242
(24462,1) 9422
(33826,1) 8454
(12885,1) 8895
(29101,1) 9682
(83463,1) 9085
(75464,1) 8638
(59746,1) 9037
(72208,1) 8391
(16411,1) 8924
(35773,1) 8130
(7130,1) 8744
(77427,1) 9213
(55601,1) 9062
(12593,1) 8595
(85649,1) 8850
(82390,1) 8650
(30578,1) 8980
(40484,1) 9147
(96693,1) 9264
(23068,1) 9033
(97307,1) 8726
(23616,1) 8700
(89731,1) 8915
(75476,1) 8912
(66900,1) 8928
(905,1) 9062
(3588,1) 8427
(64737,1) 8959
(10686,1) 8319
(2438,1) 8604
(53478,1) 8753
(40496,1) 9086
(86986,1) 9000
(6292,1) 8857
(24117,1) 8954
(39667,1) 8078
(9645,1) 9168
(23267,1) 8694
(44342,1) 9067
(97887,1) 9285
(86284,1) 9136
(98843,1) 8562
(77277,1) 8973
(23255,1) 8944
(9820,1) 8914
(40103,1) 9113
(40273,1) 9466
(10504,1) 8518
(99040,1) 9085
(71002,1) 8760
(47678,1) 9157
(94867,1) 9666
(44180,1) 8575
(4613,1) 9378
(56235,1) 8773
(72058,1) 8833
(99518,1) 8791
(4215,1) 9279
(38728,1) 8912
(94300,1) 8827
(44658,1) 8823
(8970,1) 8488
(71395,1) 9146
(84500,1) 9125
(55385,1) 9441
(6491,1) 9385
(42646,1) 8657
(67944,1) 9583
(52365,1) 8118
(98855,1) 9408
(18276,1) 8688
(2414,1) 9270
(60551,1) 8802
(86114,1) 8770
(52820,1) 10071
(53888,1) 8921
(23908,1) 8661
(62059,1) 9628
(77638,1) 8392
(37124,1) 9055
(86962,1) 9198
(83650,1) 8266
(25231,1) 8632
(35311,1) 8846
(78963,1) 8960
(63583,1) 8835
(35797,1) 8641
(81090,1) 9086
(63384,1) 8980
(48902,1) 8618
(57198,1) 8657
(2613,1) 9048
(80232,1) 8987
(6596,1) 8806
(28170,1) 9262
(53689,1) 9078
(35509,1) 8367
(15910,1) 9683
(49760,1) 8730
(43123,1) 8538
(61719,1) 8651
(95615,1) 8644
(96826,1) 8639
(54863,1) 8643
(6111,1) 9310
(13870,1) 8556
(96700,1) 9434
(33245,1) 8951
(92108,1) 9001
(39583,1) 8508
(37722,1) 8970
(50821,1) 8591
(65521,1) 9230
(64309,1) 8546
(28696,1) 9020
(61834,1) 8489
(72733,1) 8839
(96392,1) 9085
(77196,1) 9069
(71522,1) 8805
(75691,1) 8863
(81210,1) 8913
(76648,1) 9462
(65750,1) 9107
(59199,1) 9088
(28328,1) 9137
(47524,1) 8628
(6340,1) 8757
(13628,1) 8755
(34571,1) 8644
(23570,1) 8568
(66183,1) 9369
(20979,1) 9081
(7575,1) 9266
(6225,1) 9022
(58321,1) 8265
(85240,1) 8494
(69780,1) 9543
(10477,1) 8943
(55133,1) 8843
(69587,1) 9461
(61183,1) 8689
(50121,1) 8533
(5726,1) 8342
(37517,1) 8996
(28304,1) 8914
(51025,1) 8745
(85837,1) 9072
(24985,1) 8488
(49295,1) 8377
(3291,1) 8811
(79161,1) 8966
(48416,1) 8863
(18170,1) 9150
(8074,1) 8597
(2538,1) 8702
(92386,1) 8830
(30631,1) 8483
(56458,1) 9286
(41464,1) 9160
(11091,1) 8965
(54036,1) 8466
(92006,1) 9064
(7641,1) 8504
(45241,1) 9055
(33167,1) 9520
(61822,1) 8963
(74951,1) 8950
(2689,1) 9519
(26811,1) 9010
(44397,1) 9276
(31383,1) 8585
(38004,1) 9341
(95627,1) 8662
(65418,1) 8368
(92121,1) 8426
(18996,1) 8691
(41656,1) 9179
(38143,1) 8651
(87662,1) 8038
(76967,1) 8761
(55349,1) 9786
(76571,1) 9413
(71799,1) 8907
(3864,1) 9362
(51917,1) 8495
(44120,1) 8730
(79185,1) 8985
(41173,1) 8080
(30950,1) 8820
(50755,1) 8646
(11995,1) 8934
(85621,1) 8979
(54802,1) 8753
(34035,1) 8902
(18386,1) 9097
(7755,1) 8459
(2015,1) 9264
(59379,1) 9017
(53116,1) 9087
(51663,1) 8552
(81819,1) 8695
(73563,1) 8575
(72794,1) 8862
(6298,1) 8420
(14585,1) 8652
(7628,1) 9061
(14103,1) 8828
(48567,1) 9001
(85874,1) 8837
(16726,1) 9032
(91875,1) 8027
(10796,1) 8906
(57822,1) 9122
(11078,1) 8756
(69984,1) 9383
(79517,1) 8768
(36318,1) 9085
(89651,1) 8822
(2142,1) 8536
(20218,1) 8681
(10285,1) 9167
(18935,1) 9309
(55996,1) 8315
(94288,1) 8914
(50653,1) 8827
(86516,1) 9044
(80889,1) 8329
(76979,1) 8891
(71354,1) 8579
(26541,1) 8939
(27727,1) 9142
(12123,1) 8702
(20775,1) 8899
(50194,1) 8840
(3582,1) 8412
(83914,1) 8542
(82830,1) 8641
(71215,1) 8785
(72667,1) 8366
(3025,1) 8838
(75270,1) 8777
(31003,1) 9115
(12250,1) 9074
(3455,1) 8840
(86655,1) 8663
(16177,1) 8662
(57044,1) 9240
(53255,1) 8615
(58496,1) 8990
(60557,1) 8733
(59544,1) 9596
(96851,1) 8984
(13169,1) 8311
(47254,1) 8560
(65917,1) 8962
(16063,1) 8747
(28594,1) 8505
(75540,1) 9161
(12823,1) 8491
(33143,1) 8966
(34186,1) 8833
(27830,1) 8530
(9347,1) 8572
(69424,1) 8699
(72692,1) 8805
(6872,1) 8572
(40421,1) 9183
(43326,1) 9324
(28291,1) 8994
(69166,1) 8661
(40851,1) 9015
(6430,1) 8858
(73436,1) 9069
(65774,1) 8816
(14086,1) 8381
(25562,1) 8615
(49193,1) 8551
(96838,1) 8983
(37223,1) 9132
(83214,1) 8717
(86770,1) 8883
(48441,1) 9054
(65389,1) 8433
(58472,1) 8654
(66273,1) 7914
(69178,1) 8939
(71239,1) 9146
(95652,1) 8956
(76177,1) 9250
(36563,1) 8982
(5078,1) 9273
(56855,1) 9243
(3332,1) 8677
(73079,1) 8638
(42942,1) 8841
(21622,1) 9110
(77315,1) 8127
(67215,1) 7926
(34702,1) 9313
(32762,1) 8585
(28942,1) 8841
(31309,1) 8664
(61474,1) 8615
(73743,1) 8959
(39841,1) 8546
(15174,1) 8534
(93359,1) 8599
(54388,1) 8413
(95002,1) 9042
(20664,1) 9091
(68553,1) 8572
(67101,1) 8560
(18681,1) 9166
(66657,1) 9534
(41100,1) 9030
(49414,1) 8527
(65103,1) 9099
(33687,1) 8323
(81066,1) 8831
(70753,1) 8232
(324,1) 8407
(22296,1) 8905
(910,1) 8624
(8356,1) 9238
(26209,1) 9453
(95896,1) 8541
(44402,1) 8851
(69052,1) 8722
(39314,1) 8348
(17196,1) 9408
(59904,1) 9238
(56879,1) 8668
(36609,1) 9507
(82105,1) 9422
(46112,1) 8636
(99858,1) 9541
(46412,1) 8888
(35352,1) 8402
(9167,1) 8429
(38719,1) 9269
(63679,1) 9461
(90745,1) 9323
(4759,1) 9191
(27514,1) 9238
(64523,1) 8588
(38413,1) 8948
(91773,1) 8820
(64154,1) 8551
(92689,1) 8876
(7845,1) 9047
(4212,1) 9115
(34612,1) 8927
(3480,1) 9923
(96306,1) 9730
(37452,1) 9005
(63680,1) 8990
(36965,1) 9129
(66579,1) 8629
(33651,1) 8895
(25345,1) 8647
(78674,1) 8578
(96556,1) 9093
(79529,1) 8544
(68324,1) 8841
(55681,1) 8567
(69395,1) 8537
(9855,1) 8870
(93270,1) 9481
(60058,1) 9162
(26487,1) 8766
(5378,1) 8115
(9096,1) 8812
(52059,1) 8567
(36622,1) 9395
(93969,1) 9193
(47917,1) 8550
(17147,1) 8859
(46400,1) 9261
(1265,1) 8597
(37121,1) 8917
(65353,1) 8301
(5113,1) 8204
(59138,1) 9069
(53636,1) 9311
(85326,1) 9052
(42539,1) 8904
(71072,1) 8753
(78284,1) 8985
(14969,1) 8822
(25664,1) 8929
(32476,1) 8287
(49426,1) 9240
(11702,1) 8607
(25369,1) 9040
(13689,1) 8309
(97112,1) 8654
(35417,1) 9446
(94763,1) 8814
(92530,1) 8408
(42647,1) 9117
(43669,1) 8891
(91507,1) 9162
(93495,1) 8169
(92043,1) 8974
(52060,1) 8971
(94751,1) 8849
(9059,1) 8621
(21126,1) 8796
(74619,1) 8083
(35160,1) 9580
(42406,1) 8810
(84273,1) 9225
(98576,1) 9243
(56372,1) 8805
(77615,1) 8894
(92706,1) 8880
(93728,1) 8430
(88533,1) 8979
(40380,1) 9386
(13677,1) 9627
(31599,1) 9006
(80592,1) 8678
(88869,1) 8890
(56806,1) 8639
(87417,1) 9252
(68336,1) 9235
(44438,1) 9136
(71804,1) 9064
(64117,1) 9135
(19734,1) 8886
(28217,1) 9551
(67420,1) 8741
(31882,1) 8798
(40797,1) 9150
(25711,1) 8879
(66874,1) 9046
(68196,1) 8616
(5366,1) 8839
(37681,1) 9036
(63807,1) 8458
(4261,1) 8921
(32803,1) 8589
(16002,1) 8650
(48898,1) 9613
(11107,1) 8968
(27637,1) 8947
(33638,1) 9233
(79824,1) 8499
(28659,1) 8816
(56143,1) 9292
(28229,1) 9613
(43834,1) 8729
(56573,1) 9450
(66081,1) 9408
(46353,1) 8731
(44856,1) 8603
(43404,1) 8456
(44168,1) 9132
(95262,1) 9131
(39189,1) 8648
(42311,1) 8994
(24441,1) 8628
(60269,1) 8554
(26193,1) 8521
(15850,1) 8600
(97530,1) 8819
(57912,1) 8526
(61793,1) 8605
(78380,1) 9154
(39459,1) 9060
(80580,1) 8455
(43598,1) 9297
(39190,1) 9281
(87599,1) 9421
(37415,1) 8975
(57654,1) 8829
(39889,1) 8555
(39261,1) 9444
(7551,1) 9284
(62807,1) 8342
(72581,1) 9032
(94026,1) 8373
(41129,1) 8656
(5886,1) 9543
(30906,1) 9130
(11952,1) 8219
(26331,1) 8621
(652,1) 8826
(42936,1) 9160
(2975,1) 8800
(26698,1) 9111
(4903,1) 9044
(53481,1) 8582
(71271,1) 8855
(10867,1) 8839
(70288,1) 8296
(1271,1) 8716
(89363,1) 8899
(35609,1) 9129
(32780,1) 8867
(11745,1) 8801
(73211,1) 9323
(67577,1) 9550
(94691,1) 9164
(49546,1) 8703
(57143,1) 9387
(73073,1) 8814
(39158,1) 9070
(12052,1) 9257
(74307,1) 8688
(52372,1) 9158
(92991,1) 8184
(71373,1) 9719
(43116,1) 9028
(32792,1) 8554
(9789,1) 9392
(19335,1) 8751
(55433,1) 8690
(29140,1) 9109
(73429,1) 8888
(37597,1) 9081
(66422,1) 8199
(51607,1) 9015
(1866,1) 9017
(11137,1) 9439
(98836,1) 8950
(15444,1) 8760
(21423,1) 8306
(46473,1) 8722
(50594,1) 8461
(63017,1) 8826
(68560,1) 8584
(78990,1) 9018
(31593,1) 8932
(98719,1) 8856
(89387,1) 8492
(83713,1) 8398
(84570,1) 8843
(91057,1) 9016
(67528,1) 8894
(70150,1) 8552
(29205,1) 8949
(84623,1) 9152
(1066,1) 9408
(14505,1) 8876
(35382,1) 8761
(11493,1) 8562
(5107,1) 8476
(63487,1) 9156
(20224,1) 9094
(5060,1) 8640
(1193,1) 9125
(8741,1) 8800
(46840,1) 9221
(51632,1) 8911
(23192,1) 8135
(9790,1) 8535
(28960,1) 9121
(28018,1) 9443
(10728,1) 9022
(2010,1) 8566
(74880,1) 8370
(11903,1) 8346
(62909,1) 9542
(98812,1) 9166
(93975,1) 8511
(39985,1) 8493
(36430,1) 8737
(48791,1) 8937
(67391,1) 8871
(9493,1) 8795
(98390,1) 9416
(38406,1) 9145
(42044,1) 9244
(21802,1) 8459
(66825,1) 8593
(99967,1) 9334
(66638,1) 8539
(45708,1) 9411
(29898,1) 9003
(81574,1) 8693
(98455,1) 9447
(5035,1) 9014
(22355,1) 8886
(90051,1) 8907
(77863,1) 9231
(94642,1) 8975
(40259,1) 8802
(51439,1) 9347
(9626,1) 9089
(34642,1) 8724
(80375,1) 7839
(13941,1) 8739
(67820,1) 8525
(78851,1) 8977
(87757,1) 9020
(1956,1) 8885
(65706,1) 9278
(4115,1) 8814
(19632,1) 8599
(70227,1) 8624
(52626,1) 8240
(97817,1) 8966
(94269,1) 9128
(83611,1) 8896
(29536,1) 9271
(67005,1) 8925
(65552,1) 8800
(25351,1) 8910
(81550,1) 8411
(44990,1) 8624
(8651,1) 9353
(40247,1) 8684
(78620,1) 8949
(95568,1) 9124
(23412,1) 8739
(52233,1) 8920
(62302,1) 8379
(34539,1) 9047
(32260,1) 8907
(89164,1) 8570
(56022,1) 9292
(21343,1) 8875
(22204,1) 8523
(5590,1) 8694
(74320,1) 8911
(32050,1) 8907
(8626,1) 9085
(96780,1) 8434
(27225,1) 8680
(49859,1) 8723
(38304,1) 9450
(12076,1) 9062
(56335,1) 8207
(32808,1) 8761
(10940,1) 9232
(19704,1) 8496
(77177,1) 8998
(80948,1) 9113
(43141,1) 8768
(52360,1) 9178
(33573,1) 8713
(63114,1) 8906
(99369,1) 8924
(39503,1) 8756
(23424,1) 8533
(68613,1) 9514
(58135,1) 9487
(64824,1) 9629
(99195,1) 8961
(36665,1) 9070
(21355,1) 9444
(48754,1) 8465
(72507,1) 8545
(87340,1) 8914
(70356,1) 8509
(2582,1) 9442
(21598,1) 8755
(49149,1) 9103
(39200,1) 9216
(17717,1) 8990
(53733,1) 8505
(77308,1) 8492
(67227,1) 8722
(28935,1) 9050
(11939,1) 8988
(67426,1) 8882
(13786,1) 8560
(84912,1) 8651
(81887,1) 9159
(43128,1) 8877
(70483,1) 8866
(73388,1) 9083
(55802,1) 8756
(15915,1) 8401
(90980,1) 9220
(93885,1) 8292
(33621,1) 8818
(35466,1) 9160
(11835,1) 8543
(83412,1) 8881
(640,1) 8669
(12891,1) 9432
(89338,1) 8880
(277,1) 8891
(6497,1) 8612
(57510,1) 8932
(57323,1) 9009
(54972,1) 8476
(76425,1) 8605
(6002,1) 9756
(19124,1) 9004
(57768,1) 9286
(89,1) 8730
(7672,1) 9021
(91683,1) 8804
(87919,1) 8726
(53967,1) 8572
(35799,1) 8654
(82529,1) 8702
(49964,1) 8398
(71527,1) 8671
(4898,1) 8967
(30775,1) 8817
(71149,1) 8780
(84229,1) 9615
(82667,1) 8768
(48489,1) 8953
(4416,1) 9291
(69568,1) 8370
(32350,1) 9232
(77430,1) 8804
(27788,1) 8162
(94329,1) 8124
(37247,1) 8522
(65390,1) 8803
(68438,1) 8266
(91293,1) 9734
(86927,1) 8651
(89976,1) 8877
(59513,1) 9020
(6473,1) 9231
(92561,1) 9169
(37601,1) 9618
(4441,1) 9036
(75892,1) 9396
(51338,1) 8560
(79486,1) 9126
(53980,1) 8665
(86468,1) 8983
(6448,1) 8605
(42725,1) 9074
(45064,1) 9211
(77705,1) 9347
(41892,1) 9083
(96695,1) 8710
(81343,1) 9234
(89940,1) 8940
(28322,1) 8922
(84254,1) 8308
(56282,1) 8656
(33524,1) 7842
(70579,1) 9006
(59959,1) 8352
(44125,1) 8766
(14320,1) 8884
(79040,1) 8459
(82620,1) 8991
(94744,1) 8375
(80141,1) 8444
(48101,1) 8710
(6955,1) 9034
(51363,1) 9233
(47555,1) 8870
(41470,1) 8913
(81168,1) 8863
(12551,1) 8589
(92597,1) 8548
(40121,1) 8900
(56464,1) 8973
(25285,1) 8451
(33215,1) 8789
(74945,1) 7983
(52311,1) 8238
(13899,1) 8640
(34028,1) 8396
(78547,1) 8832
(10096,1) 8912
(51043,1) 8799
(81421,1) 8197
(96054,1) 8781
(72292,1) 8400
(16924,1) 7975
(93208,1) 8537
(37969,1) 8527
(92882,1) 9091
(60629,1) 8328
(88684,1) 9687
(65183,1) 8618
(46526,1) 8378
(77454,1) 9191
(93772,1) 8443
(27618,1) 9257
(93452,1) 8276
(76449,1) 9007
(40133,1) 8649
(56663,1) 9170
(25995,1) 8656
(52444,1) 9157
(8972,1) 9071
(81367,1) 9172
(40899,1) 8564
(42474,1) 8976
(28756,1) 8920
(25484,1) 8796
(88635,1) 9470
(31731,1) 9192
(41494,1) 8349
(75275,1) 9570
(73036,1) 8802
(5132,1) 9861
(51554,1) 8719
(96634,1) 8900
(75125,1) 8898
(62910,1) 8936
(2262,1) 8975
(90159,1) 8646
(8152,1) 8513
(28508,1) 8646
(10320,1) 8310
(68475,1) 8954
(23022,1) 9326
(87866,1) 8973
(91135,1) 8822
(39539,1) 8667
(3810,1) 9262
(87298,1) 9478
(29273,1) 8279
(41,1) 8950
(96427,1) 8751
(72129,1) 8801
(31232,1) 8327
(15806,1) 8539
(2136,1) 8820
(7594,1) 8526
(68069,1) 8587
(5493,1) 9001
(27521,1) 8547
(96199,1) 8605
(71486,1) 8652
(58363,1) 9397
(95877,1) 9110
(20781,1) 9434
(33053,1) 9162
(99459,1) 8670
(34041,1) 8622
(43320,1) 8913
(77778,1) 8405
(48096,1) 9221
(34986,1) 8955
(38775,1) 9116
(55687,1) 8598
(7960,1) 8034
(61678,1) 9082
(98666,1) 8838
(83920,1) 8432
(96005,1) 8537
(23358,1) 8779
(96983,1) 8923
(47749,1) 8777
(28857,1) 8649
(2635,1) 8704
(58748,1) 8379
(31219,1) 8228
(61025,1) 8978
(70410,1) 8810
(7249,1) 8299
(89530,1) 8884
(67475,1) 8329
(22265,1) 9425
(47320,1) 8313
(8947,1) 8844
(43332,1) 8669
(79709,1) 8421
(33252,1) 8453
(45993,1) 8985
(59119,1) 9336
(86367,1) 8289
(56270,1) 8507
(54935,1) 8472
(31755,1) 8850
(97403,1) 8933
(71921,1) 9541
(44470,1) 8541
(85940,1) 8867
(27776,1) 8946
(15790,1) 9394
(773,1) 8658
(39321,1) 8829
(54412,1) 9006
(34775,1) 8638
(77941,1) 8727
(42437,1) 8772
(86379,1) 9485
(28533,1) 9079
(75722,1) 9131
(42007,1) 8590
(67910,1) 8790
(64455,1) 8960
(60666,1) 8393
(25695,1) 8112
(31556,1) 8974
(63504,1) 9237
(96403,1) 8799
(78511,1) 8541
(88217,1) 9228
(28297,1) 8645
(53,1) 8523
(2196,1) 8964
(54267,1) 8394
(28809,1) 8781
(1420,1) 8488
(99737,1) 8806
(35587,1) 8789
(35346,1) 8998
(44580,1) 9162
(45034,1) 8615
(85573,1) 8475
(98493,1) 8974
(17911,1) 9475
(49511,1) 9065
(53732,1) 8612
(49740,1) 7708
(59440,1) 9218
(7917,1) 9029
(45836,1) 8685
(12612,1) 8244
(85687,1) 8912
(25785,1) 8582
(64069,1) 9010
(34008,1) 9119
(56976,1) 8424
(61594,1) 8983
(14759,1) 8415
(14772,1) 8851
(22300,1) 8230
(10832,1) 8871
(29598,1) 9000
(95122,1) 8305
(68444,1) 9297
(98595,1) 8580
(88610,1) 9584
(59301,1) 9080
(10820,1) 8889
(99991,1) 8819
(41004,1) 8958
(71945,1) 8739
(78807,1) 9299
(34089,1) 9237
(9722,1) 9327
(35485,1) 8896
(85319,1) 8918
(48495,1) 8426
(91460,1) 9041
(46474,1) 9185
(3314,1) 9502
(91231,1) 8727
(62163,1) 9195
(47706,1) 9011
(60920,1) 8842
(93125,1) 9115
(12063,1) 8889
(78144,1) 9012
(79596,1) 8931
(20671,1) 8622
(18471,1) 8853
(84706,1) 8973
(99521,1) 9139
(45975,1) 8272
(35436,1) 8974
(88507,1) 8854
(99037,1) 8390
(64721,1) 8849
(74228,1) 8486
(27896,1) 8845
(75185,1) 9044
(26939,1) 9406
(37584,1) 9016
(98456,1) 9310
(55410,1) 8503
(7025,1) 9033
(93330,1) 9144
(21386,1) 8528
(97614,1) 9265
(72551,1) 8725
(80217,1) 9382
(99659,1) 8446
(87214,1) 8937
(71131,1) 9297
(22589,1) 8833
(53515,1) 8968
(3109,1) 8828
(59464,1) 9170
(23956,1) 8739
(96549,1) 8756
(5269,1) 8837
(5945,1) 9012
(56035,1) 9095
(80917,1) 9018
(51608,1) 8958
(28948,1) 7869
(170,1) 8155
(33795,1) 9290
(13491,1) 8913
(97880,1) 9050
(52565,1) 8792
(27884,1) 8960
(71143,1) 8581
(57100,1) 9017
(43242,1) 8642
(64860,1) 9108
(91382,1) 8374
(94655,1) 9210
(93203,1) 8174
(21374,1) 8380
(4054,1) 9399
(68738,1) 9346
(65019,1) 9169
(32609,1) 8987
(26047,1) 9304
(44886,1) 8726
(13929,1) 9633
(66717,1) 9133
(30829,1) 9243
(22699,1) 9155
(99803,1) 9083
(71811,1) 8750
(21006,1) 9222
(54333,1) 8609
(61786,1) 8471
(89079,1) 8854
(9168,1) 9235
(89325,1) 8321
(60207,1) 9145
(56101,1) 8900
(44306,1) 8917
(35538,1) 8379
(88303,1) 9426
(82373,1) 8754
(49805,1) 8616
(39327,1) 8546
(99545,1) 8549
(53076,1) 9165
(17857,1) 8593
(90956,1) 8718
(92409,1) 8810
(19866,1) 8894
(27757,1) 8558
(72587,1) 8743
(46327,1) 9254
(15812,1) 8922
(488,1) 8907
(10995,1) 9107
(37175,1) 9077
(63542,1) 8348
(10078,1) 8631
(93162,1) 8856
(40505,1) 8595
(65719,1) 8877
(70566,1) 8129
(56378,1) 8765
(69508,1) 8447
(62916,1) 8836
(84141,1) 8444
(26059,1) 9008
(33517,1) 8863
(93198,1) 9124
(11208,1) 8890
(84177,1) 8804
(44976,1) 8703
(68763,1) 9018
(88895,1) 8914
(53335,1) 8494
(29676,1) 8706
(24177,1) 8863
(70868,1) 8754
(49662,1) 8345
(23401,1) 8578
(24423,1) 9821
(6943,1) 8735
(59031,1) 8381
(47767,1) 9020
(32224,1) 8698
(12906,1) 8521
(91292,1) 8709
(62683,1) 9622
(22144,1) 8561
(2057,1) 8324
(50303,1) 8741
(59284,1) 8512
(22271,1) 8836
(56391,1) 8811
(44592,1) 8654
(99160,1) 9333
(78958,1) 9256
(93186,1) 8911
(73705,1) 8712
(81633,1) 8551
(21145,1) 9108
(37559,1) 8715
(17189,1) 8845
(38697,1) 9016
(63427,1) 8987
(15553,1) 9559
(37290,1) 9091
(58532,1) 9057
(83666,1) 8601
(54369,1) 9248
(90968,1) 9394
(21404,1) 8762
(91087,1) 9442
(75214,1) 8317
(94937,1) 8669
(13405,1) 8485
(85005,1) 9725
(60481,1) 9224
(86445,1) 8779
(28690,1) 8705
(74657,1) 8738
(25102,1) 9481
(92126,1) 9183
(61267,1) 8619
(11957,1) 9172
(55163,1) 9528
(79359,1) 9193
(80188,1) 8710
(77212,1) 8928
(45373,1) 8420
(97596,1) 8331
(63734,1) 8558
(88948,1) 9271
(69225,1) 9063
(24099,1) 9077
(75329,1) 8593
(52963,1) 8446
(72177,1) 8650
(92471,1) 8854
(31184,1) 8757
(76895,1) 8462
(42116,1) 8752
(15095,1) 8950
(5457,1) 9186
(15758,1) 9230
(77224,1) 8539
(39713,1) 8947
(55863,1) 8553
(87918,1) 9167
(46298,1) 8823
(40910,1) 8891
(84206,1) 8745
(62375,1) 8826
(11613,1) 8833
(91672,1) 8311
(21670,1) 9249
(90576,1) 8622
(94045,1) 9128
(41721,1) 8330
(32531,1) 9132
(56421,1) 8233
(567,1) 9325
(65436,1) 8857
(35044,1) 8247
(45451,1) 7850
(78619,1) 8948
(22053,1) 9079
(64498,1) 9603
(57045,1) 8622
(98817,1) 9047
(90232,1) 8873
(38009,1) 9060
(63530,1) 8495
(11523,1) 8785
(65628,1) 8729
(21682,1) 8915
(1084,1) 8357
(75136,1) 8960
(30444,1) 8468
(90493,1) 8177
(24718,1) 9290
(72924,1) 8727
(96923,1) 9326
(67969,1) 8552
(75305,1) 9190
(42219,1) 8332
(42485,1) 9211
(33734,1) 8475
(47416,1) 8983
(99333,1) 9132
(7327,1) 8880
(77477,1) 9087
(69201,1) 8685
(95485,1) 8327
(25217,1) 8928
(54845,1) 8538
(76642,1) 8764
(20171,1) 9137
(70958,1) 8611
(46846,1) 9422
(1975,1) 9169
(23003,1) 8486
(98702,1) 8818
(88429,1) 8868
(17218,1) 8674
(40144,1) 8956
(32977,1) 9175
(92826,1) 8437
(56674,1) 8975
(48687,1) 8847
(42390,1) 8960
(133,1) 8415
(96188,1) 9452
(41866,1) 8719
(24966,1) 9055
(16474,1) 8457
(62326,1) 9018
(16486,1) 8703
(82710,1) 8585
(49572,1) 8565
(81928,1) 8959
(73930,1) 8736
(58936,1) 9484
(34860,1) 8965
(58248,1) 9223
(45771,1) 8932
(19419,1) 8851
(79041,1) 8408
(40272,1) 8882
(47109,1) 8819
(70222,1) 9048
(76846,1) 8332
(20593,1) 8953
(13712,1) 9105
(82046,1) 8721
(43773,1) 9179
(37084,1) 8883
(14464,1) 9010
(81849,1) 8879
(4121,1) 8509
(39678,1) 9487
(28520,1) 8319
(88671,1) 8774
(8398,1) 8890
(89555,1) 8607
(18409,1) 8606
(11004,1) 8104
(82693,1) 8532
(88646,1) 8737
(79891,1) 8675
(95532,1) 8415
(13827,1) 8822
(26591,1) 9509
(67687,1) 9515
(62446,1) 9043
(77079,1) 8313
(2835,1) 9480
(27962,1) 8668
(1926,1) 9260
(9885,1) 8897
(64233,1) 9584
(20339,1) 8643
(81592,1) 8003
(68817,1) 9568
(19162,1) 8735
(59688,1) 8877
(61876,1) 8336
(68299,1) 8045
(47122,1) 8889
(64328,1) 8770
(80430,1) 8665
(50273,1) 8716
(36742,1) 8649
(9330,1) 9238
(35890,1) 8042
(50948,1) 9234
(90335,1) 8611
(42448,1) 9052
(75861,1) 8902
(16105,1) 8904
(34449,1) 8674
(76303,1) 8999
(43217,1) 8892
(19535,1) 9085
(86391,1) 8729
(77743,1) 8696
(44355,1) 8884
(11945,1) 8638
(78765,1) 9507
(58912,1) 9037
(24104,1) 8734
(93927,1) 8937
(12395,1) 9437
(69184,1) 8552
(83346,1) 8500
(4705,1) 9373
(20701,1) 8937
(65395,1) 8814
(16184,1) 8626
(77171,1) 9101
(98481,1) 9502
(89415,1) 8729
(54808,1) 9734
(12702,1) 9612
(10699,1) 8652
(57467,1) 9603
(12014,1) 8961
(71372,1) 8826
(91917,1) 9075
(15618,1) 8593
(91659,1) 8906
(12130,1) 9024
(38366,1) 8451
(55730,1) 8561
(18102,1) 8893
(36695,1) 8843
(74651,1) 8383
(38590,1) 8567
(31327,1) 8775
(16082,1) 8823
(25441,1) 8244
(26560,1) 9544
(46268,1) 8899
(1523,1) 9017
(15317,1) 9615
(26812,1) 9374
(11264,1) 8145
(38040,1) 8231
(2527,1) 9294
(60498,1) 9184
(81061,1) 8644
(81199,1) 8610
(67072,1) 8681
(42455,1) 8633
(78704,1) 9191
(16334,1) 8694
(90673,1) 8445
(3556,1) 8930
(80297,1) 8461
(79468,1) 8934
(49407,1) 8818
(31099,1) 9090
(68226,1) 9032
(88929,1) 8982
(43574,1) 8866
(87913,1) 8520
(32319,1) 8736
(15419,1) 8909
(23763,1) 8805
(35793,1) 8787
(94360,1) 8659
(3532,1) 8730
(53847,1) 8737
(98401,1) 8988
(39834,1) 8918
(78716,1) 9553
(23913,1) 8310
(14175,1) 8556
(34788,1) 8918
(61237,1) 9077
(81403,1) 9324
(89934,1) 8509
(14048,1) 8769
(78362,1) 8724
(60636,1) 8950
(70585,1) 9241
(39936,1) 8442
(63132,1) 9007
(36960,1) 8947
(28376,1) 8635
(87045,1) 8360
(6064,1) 8697
(9227,1) 8973
(96229,1) 9295
(29381,1) 8405
(83129,1) 8525
(67964,1) 8864
(27185,1) 8936
(86783,1) 8132
(24587,1) 9345
(76594,1) 8865
(81175,1) 8790
(41590,1) 8844
(75817,1) 8522
(25543,1) 8786
(45329,1) 8639
(28190,1) 8854
(77460,1) 9325
(94540,1) 8383
(92579,1) 9081
(4561,1) 8454
(19758,1) 8329
(23583,1) 8110
(53823,1) 8505
(69218,1) 8967
(7279,1) 9028
(90498,1) 8719
(41667,1) 9074
(93523,1) 8547
(61388,1) 8523
(82180,1) 9427
(24526,1) 9164
(21490,1) 9385
(99141,1) 8956
(29518,1) 8459
(43496,1) 9501
(48337,1) 9204
(4608,1) 8763
(99104,1) 8667
(61442,1) 9071
(82945,1) 8537
(53207,1) 9605
(99454,1) 8704
(71914,1) 9145
(35980,1) 8934
(37886,1) 8866
(73460,1) 8705
(99218,1) 8766
(151,1) 9128
(71009,1) 8883
(68842,1) 8067
(77748,1) 8968
(34173,1) 8544
(26385,1) 9388
(26632,1) 8789
(86305,1) 8552
(31026,1) 8811
(55000,1) 8686
(60449,1) 8339
(71679,1) 8409
(68027,1) 9058
(83130,1) 8862
(13484,1) 9178
(14114,1) 9247
(84062,1) 8725
(96291,1) 8187
(66006,1) 8758
(61430,1) 9038
(98185,1) 8136
(95280,1) 8997
(29278,1) 8933
(93408,1) 8328
(58930,1) 8552
(92278,1) 9128
(5499,1) 9071
(3370,1) 8877
(22457,1) 9148
(69961,1) 9284
(27738,1) 8975
(7544,1) 8670
(74573,1) 8862
(81374,1) 8783
(98304,1) 8089
(87896,1) 8732
(70940,1) 8751
(57661,1) 8670
(65218,1) 9698
(91478,1) 9631
(53986,1) 8869
(15795,1) 8851
(93547,1) 9170
(32307,1) 8743
(73845,1) 8591
(33306,1) 8216
(28141,1) 8773
(9336,1) 9138
(5650,1) 8710
(57962,1) 8746
(93246,1) 8776
(74915,1) 8540
(69190,1) 8636
(4536,1) 8986
(82342,1) 8678
(98173,1) 8452
(34197,1) 9357
(30270,1) 8819
(98360,1) 8860
(63494,1) 8226
(44277,1) 9164
(6287,1) 8999
(42443,1) 8353
(68679,1) 9109
(35340,1) 9391
(28280,1) 8907
(2316,1) 8593
(76809,1) 8841
(62229,1) 8479
(35967,1) 8767
(52908,1) 8697
(59356,1) 9172
(99430,1) 8841
(23552,1) 8984
(36092,1) 9116
(5348,1) 8979
(14284,1) 8652
(64636,1) 8920
(83913,1) 8337
(60522,1) 8785
(90901,1) 9180
(64449,1) 9173
(64124,1) 8650
(92676,1) 8888
(91786,1) 7540
(8000,1) 8878
(84905,1) 8719
(11167,1) 8093
(89723,1) 9137
(70168,1) 8808
(78699,1) 8744
(66428,1) 8521
(62169,1) 8913
(26681,1) 8623
(22295,1) 8660
(90782,1) 8680
(41330,1) 8946
(657,1) 8627
(98968,1) 8582
(42918,1) 8939
(11179,1) 9038
(40199,1) 9075
(25778,1) 8597
(35822,1) 8416
(46160,1) 8880
(72051,1) 8434
(10138,1) 8841
(32797,1) 9043
(7706,1) 8999
(9348,1) 9350
(48374,1) 8731
(88581,1) 8987
(55953,1) 8559
(90449,1) 8271
(85097,1) 8922
(85670,1) 8598
(4097,1) 8223
(97047,1) 9334
(55645,1) 8924
(94835,1) 9186
(3081,1) 8702
(91924,1) 8540
(92688,1) 8974
(34692,1) 9055
(3755,1) 8599
(57539,1) 8745
(64202,1) 9043
(37119,1) 8936
(80519,1) 8819
(26693,1) 9426
(70054,1) 8840
(76691,1) 8979
(33421,1) 9178
(64546,1) 8670
(34372,1) 8940
(4235,1) 8751
(31461,1) 8752
(3345,1) 8899
(64039,1) 8062
(32477,1) 9161
(18187,1) 9235
(79727,1) 9186
(60571,1) 9154
(88109,1) 8761
(16281,1) 9094
(85832,1) 8724
(94673,1) 9011
(2166,1) 8518
(23462,1) 8488
(73857,1) 9165
(94202,1) 8741
(24405,1) 9357
(71095,1) 8780
(51223,1) 7924
(55989,1) 8682
(55669,1) 9411
(37898,1) 8414
(88171,1) 8869
(69340,1) 8957
(53763,1) 9404
(20044,1) 8963
(9921,1) 8642
(88556,1) 9438
(88755,1) 9044
(22957,1) 8530
(50852,1) 9046
(38468,1) 8298
(27811,1) 8768
(47792,1) 9195
(39660,1) 9226
(62705,1) 9287
(19698,1) 8612
(86215,1) 8723
(10597,1) 8982
(71655,1) 8613
(43870,1) 8503
(78054,1) 8917
(65696,1) 8894
(76383,1) 8576
(46666,1) 8867
(96887,1) 9287
(90263,1) 8158
(52198,1) 8697
(72582,1) 9197
(74837,1) 8881
(40265,1) 8367
(81126,1) 9113
(31497,1) 8691
(64359,1) 9310
(86053,1) 9238
(18163,1) 9161
(83033,1) 9033
(40626,1) 8056
(88888,1) 8331
(13236,1) 8357
(69858,1) 8790
(55446,1) 8792
(92754,1) 9353
(78614,1) 8596
(8048,1) 8725
(3690,1) 8655
(70699,1) 9090
(43285,1) 8322
(36205,1) 9260
(53564,1) 8478
(95405,1) 8489
(25393,1) 8596
(81151,1) 8320
(18151,1) 8940
(97681,1) 9352
(11686,1) 8452
(21223,1) 8482
(50520,1) 9560
(5584,1) 9113
(60226,1) 9097
(97101,1) 8904
(84183,1) 9013
(54665,1) 8648
(69298,1) 8776
(65725,1) 8839
(20839,1) 8693
(48597,1) 8744
(10759,1) 9021
(65900,1) 8647
(60396,1) 8884
(458,1) 8831
(23859,1) 9355
(9969,1) 9194
(63258,1) 8567
(57901,1) 9164
(76184,1) 8841
(28032,1) 8543
(55422,1) 8939
(78837,1) 7993
(82288,1) 9083
(57154,1) 8849
(75407,1) 9034
(68757,1) 8953
(84532,1) 8993
(61352,1) 8604
(52970,1) 8667
(15118,1) 9328
(26149,1) 8923
(92531,1) 9370
(45740,1) 8955
(68920,1) 8908
(48958,1) 8973
(34708,1) 8440
(92729,1) 8635
(33952,1) 8652
(89471,1) 9143
(52215,1) 8734
(71245,1) 8680
(14922,1) 9933
(58665,1) 8677
(43273,1) 9033
(54109,1) 9360
(78825,1) 8232
(17382,1) 7929
(37927,1) 8815
(79391,1) 8960
(91405,1) 8785
(31298,1) 9204
(49330,1) 8973
(17195,1) 8766
(36477,1) 8917
(69162,1) 9148
(38417,1) 9085
(36351,1) 8946
(98847,1) 8676
(36592,1) 8885
(60589,1) 8847
(69047,1) 8236
(12269,1) 9084
(14209,1) 8726
(85641,1) 8938
(74881,1) 8429
(37574,1) 8630
(3807,1) 8615
(60119,1) 9356
(7059,1) 8587
(62403,1) 8971
(39514,1) 9057
(47249,1) 9594
(61433,1) 9394
(5095,1) 9375
(64940,1) 8438
(86991,1) 9090
(30815,1) 9295
(777,1) 8278
(56070,1) 8442
(28958,1) 8945
(28832,1) 8770
(26320,1) 9121
(95684,1) 8488
(50432,1) 7625
(70048,1) 9124
(25476,1) 8918
(95594,1) 9537
(41841,1) 8627
(50407,1) 8739
(69035,1) 8882
(98949,1) 8618
(6179,1) 9137
(85551,1) 8935
(27874,1) 8314
(29814,1) 8835
(47159,1) 8405
(68180,1) 8641
(14210,1) 9261
(99932,1) 7970
(88943,1) 8608
(58010,1) 9010
(75610,1) 9258
(12474,1) 8362
(45285,1) 9172
(84658,1) 8747
(93491,1) 9682
(86954,1) 8580
(59335,1) 9343
(83141,1) 8226
(70187,1) 8470
(51782,1) 9484
(70253,1) 7940
(69060,1) 9231
(60679,1) 9300
(74550,1) 8806
(78096,1) 8677
(63777,1) 8928
(8107,1) 8527
(26410,1) 8697
(13215,1) 8733
(94166,1) 8651
(87732,1) 8567
(74537,1) 8871
(18939,1) 8637
(8361,1) 8812
(83333,1) 8829
(39731,1) 8392
(7240,1) 8530
(15457,1) 8339
(52829,1) 9121
(94689,1) 8360
(73621,1) 9339
(27796,1) 9205
(75532,1) 8910
(63789,1) 8696
(27723,1) 8735
(64506,1) 8541
(54933,1) 8822
(47201,1) 8784
(11365,1) 9001
(48322,1) 8625
(80031,1) 9272
(90926,1) 9062
(47008,1) 9129
(38683,1) 9412
(97979,1) 8758
(48767,1) 8748
(27212,1) 8144
(11238,1) 8826
(65971,1) 8512
(127,1) 8978
(19082,1) 9853
(53746,1) 9695
(71427,1) 8149
(95034,1) 9098
(35573,1) 9175
(34121,1) 8589
(14144,1) 9431
(75916,1) 8402
(25758,1) 9588
(74321,1) 9264
(30750,1) 8779
(35699,1) 8749
(12089,1) 9475
(40912,1) 8629
(8438,1) 9089
(4941,1) 9162
(52650,1) 8615
(43830,1) 9181
(6,1) 9050
(44164,1) 8530
(42860,1) 8973
(9650,1) 9026
(17879,1) 9404
(91921,1) 8949
(56160,1) 8721
(68155,1) 8772
(23692,1) 8355
(44291,1) 9345
(14402,1) 8619
(94538,1) 8493
(85689,1) 8472
(84237,1) 8465
(79373,1) 8538
(27110,1) 8867
(47683,1) 9456
(74958,1) 8671
(31948,1) 9152
(98884,1) 9241
(43829,1) 8616
(15331,1) 8816
(90188,1) 8784
(57088,1) 8999
(14168,1) 8356
(97420,1) 8419
(62554,1) 9175
(13509,1) 8599
(71272,1) 8857
(24584,1) 8582
(39779,1) 9348
(24343,1) 9008
(13510,1) 9127
(32714,1) 9014
(44140,1) 8947
(83435,1) 8856
(81458,1) 9029
(2988,1) 9013
(86840,1) 8952
(93196,1) 9063
(47160,1) 9322
(77864,1) 9154
(45921,1) 8971
(24596,1) 8757
(96498,1) 9219
(59588,1) 8552
(13240,1) 9293
(13763,1) 9191
(76551,1) 8823
(28411,1) 8116
(55825,1) 9513
(30611,1) 8634
(39641,1) 9044
(87515,1) 9199
(46243,1) 8608
(12588,1) 9238
(15355,1) 8678
(32853,1) 8467
(3910,1) 9222
(45068,1) 8910
(46116,1) 9130
(59449,1) 8327
(26573,1) 8617
(95304,1) 9083
(91093,1) 9101
(50685,1) 9087
(69481,1) 8120
(15482,1) 8920
(18555,1) 9173
(93520,1) 8983
(94731,1) 8690
(52092,1) 9101
(6449,1) 8755
(43637,1) 8704
(87462,1) 9095
(41215,1) 8288
(45682,1) 8626
(24981,1) 9162
(33216,1) 9015
(64109,1) 8960
(79692,1) 9183
(30328,1) 8700
(79210,1) 9092
(71861,1) 8891
(26806,1) 9164
(6954,1) 9345
(22822,1) 8623
(65321,1) 8952
(55518,1) 8844
(83971,1) 8878
(43006,1) 8941
(42680,1) 8576
(37705,1) 8667
(23516,1) 8452
(57779,1) 8992
(54297,1) 9245
(74165,1) 9075
(57322,1) 8961
(60962,1) 8706
(73183,1) 9026
(5010,1) 8555
(20526,1) 8742
(85027,1) 8831
(53668,1) 9325
(3070,1) 8974
(82849,1) 8961
(92952,1) 9150
(91500,1) 8984
(10689,1) 8921
(45969,1) 8967
(55394,1) 8920
(95852,1) 8856
(46939,1) 8673
(35843,1) 9039
(76538,1) 8810
(44687,1) 8851
(43235,1) 8888
(67263,1) 9378
(30594,1) 8463
(45351,1) 8596
(78571,1) 8802
(16235,1) 8684
(3411,1) 8928
(41799,1) 8611
(87425,1) 8967
(89847,1) 9541
(46550,1) 8857
(27927,1) 8754
(58431,1) 8724
(79499,1) 8650
(24097,1) 8667
(2248,1) 8531
(53349,1) 8726
(3218,1) 9051
(84965,1) 8882
(34403,1) 9059
(20214,1) 8995
(10105,1) 9251
(10371,1) 9106
(75797,1) 9570
(65231,1) 9192
(5798,1) 9385
(75340,1) 8794
(10436,1) 8595
(11100,1) 8844
(2302,1) 8920
(56910,1) 8852
(25812,1) 8759
(79816,1) 8962
(29249,1) 8875
(36837,1) 8728
(67870,1) 9399
(99560,1) 8903
(52169,1) 8571
(92574,1) 9117
(63127,1) 9669
(75274,1) 9402
(94743,1) 8544
(19466,1) 9340
(59871,1) 9199
(45994,1) 9160
(27940,1) 9138
(28045,1) 9158
(48154,1) 8882
(60414,1) 8808
(64267,1) 8796
(77090,1) 9147
(99018,1) 9107
(36285,1) 9548
(41763,1) 8912
(35709,1) 8881
(57863,1) 8920
(17152,1) 8785
(75286,1) 8955
(3484,1) 9028
(19454,1) 9492
(70956,1) 8970
(30010,1) 9776
(17908,1) 8928
(61024,1) 8675
(10641,1) 8845
(60901,1) 8513
(50853,1) 9278
(11353,1) 7976
(90800,1) 8822
(24708,1) 8622
(56622,1) 8137
(68245,1) 8981
(30275,1) 9325
(31973,1) 8387
(35963,1) 9186
(26495,1) 8856
(2518,1) 8710
(76767,1) 8569
(26753,1) 8706
(46856,1) 8525
(53632,1) 8569
(344,1) 8696
(7096,1) 9051
(4322,1) 9123
(4364,1) 8588
(48142,1) 8504
(26229,1) 8910
(44554,1) 8352
(72025,1) 8761
(4293,1) 8831
(20780,1) 9196
(92099,1) 8612
(25067,1) 9044
(51295,1) 8489
(45657,1) 9358
(72789,1) 8916
(11071,1) 8946
(53573,1) 8438
(45645,1) 8977
(7877,1) 9032
(67316,1) 8373
(75033,1) 9175
(49095,1) 8230
(44982,1) 8912
(15559,1) 8641
(4904,1) 9010
(89565,1) 8778
(57609,1) 8518
(97227,1) 8460
(78335,1) 9085
(61306,1) 9092
(66129,1) 8636
(30545,1) 8616
(25325,1) 8409
(8782,1) 8723
(18849,1) 9044
(29532,1) 9147
(81987,1) 8834
(80535,1) 8379
(38646,1) 8512
(17068,1) 9209
(32066,1) 9013
(92868,1) 8710
(59900,1) 7790
(72278,1) 9222
(88565,1) 8427
(67570,1) 8692
(63093,1) 8893
(38052,1) 8908
(84088,1) 8574
(91229,1) 8856
(31208,1) 9547
(17453,1) 8314
(77527,1) 8893
(3063,1) 8533
(1363,1) 8754
(78612,1) 8715
(17579,1) 9168
(57315,1) 8498
(89878,1) 8767
(1489,1) 8593
(68455,1) 9349
(27026,1) 9010
(32378,1) 8632
(50168,1) 8406
(31763,1) 9675
(2688,1) 9306
(65532,1) 9343
(80343,1) 8938
(28225,1) 8711
(47742,1) 8831
(66755,1) 8387
(91103,1) 8668
(3671,1) 9111
(19887,1) 8732
(36500,1) 8571
(32859,1) 8581
(87101,1) 9697
(80445,1) 8754
(41198,1) 9017
(72848,1) 8868
(10327,1) 8362
(97005,1) 9110
(67942,1) 8238
(56574,1) 8962
(96276,1) 9135
(65280,1) 8943
(39389,1) 8827
(39251,1) 9722
(36994,1) 8665
(3201,1) 8369
(61296,1) 9000
(91013,1) 9253
(21124,1) 8294
(77985,1) 8691
(18652,1) 8840
(19026,1) 8373
(26951,1) 9027
(5508,1) 8967
(11815,1) 9127
(3153,1) 9006
(83874,1) 9170
(80433,1) 8708
(55525,1) 8360
(37033,1) 8903
(76052,1) 9276
(95923,1) 9043
(73831,1) 8444
(28568,1) 8764
(73141,1) 9008
(29220,1) 8443
(6846,1) 9184
(89968,1) 8605
(56447,1) 8394
(77377,1) 8768
(11575,1) 9123
(69642,1) 9183
(8967,1) 8785
(34216,1) 9348
(57237,1) 8567
(97042,1) 9003
(4352,1) 8857
(30390,1) 8902
(57833,1) 8656
(51906,1) 8677
(71511,1) 8804
(63914,1) 9184
(44043,1) 8866
(56459,1) 8863
(89318,1) 8561
(18537,1) 8870
(51241,1) 8896
(33414,1) 8978
(50912,1) 8505
(29767,1) 8881
(41084,1) 9285
(85238,1) 9301
(82075,1) 8328
(54338,1) 8859
(86221,1) 8535
(54086,1) 8264
(27063,1) 8800
(59611,1) 8875
(30576,1) 9203
(46477,1) 8980
(7091,1) 8749
(25025,1) 8505
(49359,1) 9090
(76142,1) 9344
(26236,1) 9185
(41385,1) 9015
(57972,1) 9318
(20334,1) 8998
(72771,1) 8593
(36434,1) 8734
(86793,1) 9060
(31342,1) 8985
(20322,1) 9315
(88733,1) 9256
(14494,1) 8845
(45976,1) 8875
(29268,1) 7877
(40060,1) 8616
(35195,1) 9746
(28761,1) 8559
(2026,1) 8973
(45278,1) 9502
(58960,1) 8962
(73867,1) 9080
(33884,1) 9304
(97605,1) 8526
(55453,1) 9122
(38232,1) 8994
(87980,1) 9338
(35921,1) 8265
(86058,1) 8521
(18586,1) 8527
(95755,1) 8618
(4196,1) 9084
(64171,1) 8708
(1291,1) 8716
(64983,1) 9535
(40072,1) 8299
(51955,1) 8851
(18598,1) 8803
(3339,1) 8300
(97463,1) 8777
(24703,1) 9221
(54229,1) 9089
(54849,1) 9106
(23366,1) 8056
(85851,1) 8847
(91898,1) 9197
(95233,1) 8625
(12124,1) 9224
(50883,1) 8780
(40396,1) 8827
(54976,1) 8954
(7871,1) 9180
(15554,1) 9632
(91025,1) 8828
(95118,1) 8708
(96954,1) 8659
(6173,1) 8588
(86911,1) 8422
(53055,1) 9420
(28038,1) 9439
(46988,1) 8813
(71601,1) 8762
(69751,1) 9468
(89956,1) 8687
(76888,1) 8800
(1874,1) 8774
(31131,1) 9024
(23865,1) 9190
(79901,1) 8983
(87384,1) 9563
(75690,1) 9113
(47766,1) 8898
(28610,1) 8797
(32330,1) 8980
(70300,1) 8945
(85736,1) 9132
(82319,1) 9148
(21822,1) 8956
(59834,1) 8865
(75832,1) 9334
(75563,1) 9022
(47639,1) 9479
(95106,1) 8890
(26902,1) 8497
(6871,1) 9071
(64285,1) 8834
(16145,1) 8544
(6684,1) 8193
(77539,1) 9145
(59124,1) 9223
(46976,1) 8952
(20635,1) 8325
(65658,1) 8181
(30016,1) 9011
(5894,1) 8449
(91747,1) 8344
(33385,1) 8790
(71613,1) 8864
(12973,1) 8994
(54399,1) 8693
(76689,1) 9044
(55002,1) 8371
(5972,1) 8551
(36723,1) 9186
(78503,1) 8990
(11660,1) 9121
(35994,1) 8646
(27651,1) 8894
(19262,1) 8696
(28862,1) 8610
(39130,1) 8693
(79096,1) 8367
(71356,1) 8909
(86136,1) 8872
(13359,1) 8473
(64602,1) 9401
(40498,1) 8724
(38057,1) 9327
(72555,1) 8487
(99204,1) 9249
(42782,1) 8975
(15794,1) 8908
(86858,1) 8036
(90127,1) 8997
(74279,1) 9151
(49575,1) 8723
(30706,1) 9040
(14571,1) 8641
(16133,1) 8396
(67718,1) 8739
(12401,1) 8295
(28014,1) 8518
(46754,1) 8580
(28460,1) 8444
(95678,1) 9128
(94467,1) 9283
(4395,1) 9314
(58533,1) 9061
(7420,1) 9051
(2453,1) 8743
(8643,1) 8719
(45579,1) 8430
(59822,1) 9113
(9829,1) 8812
(90415,1) 8443
(11774,1) 9454
(71758,1) 9236
(56797,1) 8709
(3537,1) 8949
(15769,1) 8875
(65411,1) 8637
(81043,1) 9429
(96305,1) 9321
(58270,1) 8560
(91338,1) 8794
(81490,1) 9046
(85497,1) 8416
(71446,1) 8762
(81031,1) 9087
(65021,1) 8846
(58282,1) 8410
(64248,1) 9214
(48786,1) 8172
(90585,1) 8888
(64909,1) 9082
(51891,1) 9074
(83315,1) 9448
(24829,1) 9039
(51432,1) 9127
(56501,1) 8429
(39220,1) 9253
(78101,1) 8594
(83250,1) 8766
(91248,1) 9075
(84514,1) 8479
(8343,1) 9323
(35970,1) 8882
(34325,1) 8453
(18153,1) 8559
(1952,1) 8729
(42600,1) 9264
(63848,1) 9024
(43121,1) 8368
(19927,1) 8649
(68666,1) 9171
(59034,1) 8939
(57172,1) 8702
(91062,1) 8527
(63772,1) 9460
(35122,1) 8737
(58095,1) 8821
(89392,1) 8568
(45489,1) 8514
(53817,1) 8465
(78437,1) 8567
(7245,1) 8929
(4213,1) 8787
(26338,1) 8857
(64772,1) 8949
(12226,1) 9051
(4071,1) 9103
(27103,1) 9419
(61362,1) 9096
(67418,1) 8768
(48039,1) 8944
(32426,1) 9278
(23091,1) 9317
(35824,1) 8552
(98541,1) 9230
(55063,1) 9133
(9667,1) 8864
(71560,1) 8923
(92261,1) 8791
(26614,1) 8947
(69463,1) 8655
(48904,1) 8888
(4603,1) 8537
(57748,1) 8962
(88481,1) 9059
(66946,1) 8919
(86684,1) 8782
(19814,1) 8799
(33649,1) 8332
(26139,1) 8732
(14258,1) 8942
(90440,1) 8806
(61528,1) 8393
(35669,1) 9000
(33138,1) 8902
(26999,1) 8928
(92273,1) 8407
(28302,1) 8783
(57570,1) 8525
(88858,1) 9134
(82087,1) 9251
(375,1) 9316
(76417,1) 9011
(93459,1) 9309
(99516,1) 8866
(30731,1) 8759
(8679,1) 8802
(79149,1) 8900
(44879,1) 8507
(91938,1) 8543
(27801,1) 8564
(70572,1) 8407
(68276,1) 8412
(25975,1) 8748
(97678,1) 8278
(82099,1) 9313
(63897,1) 7991
(88692,1) 8617
(92147,1) 8008
(15210,1) 8531
(2927,1) 9072
(82104,1) 9363
(11526,1) 9445
(41295,1) 9483
(99727,1) 9004
(80055,1) 9334
(1542,1) 8287
(71036,1) 8671
(10863,1) 9226
(35301,1) 9021
(28825,1) 8422
(36856,1) 8113
(76965,1) 9226
(58911,1) 8438
(92297,1) 9594
(82254,1) 8525
(25127,1) 8824
(24590,1) 9108
(25440,1) 9160
(28683,1) 8820
(48737,1) 9071
(7270,1) 8679
(90427,1) 8640
(56748,1) 9476
(94322,1) 9274
(96366,1) 9200
(16607,1) 8650
(38520,1) 9396
(37519,1) 9544
(60516,1) 8616
(86461,1) 8542
(23606,1) 8823
(26115,1) 8824
(63885,1) 9224
(74778,1) 8752
(2063,1) 8467
(31799,1) 9028
(84615,1) 8792
(95179,1) 8608
(72921,1) 9013
(7132,1) 9223
(37146,1) 8516
(19826,1) 8527
(40786,1) 9415
(75628,1) 8866
(34495,1) 8536
(97541,1) 8814
(46376,1) 8499
(53297,1) 9798
(34892,1) 8841
(93870,1) 9263
(41588,1) 9160
(69884,1) 8866
(17075,1) 8567
(65166,1) 8971
(32630,1) 9592
(69769,1) 9329
(44981,1) 8783
(44465,1) 8275
(70873,1) 8450
(52119,1) 8298
(32228,1) 9890
(89407,1) 8709
(23523,1) 9155
(4525,1) 9325
(51149,1) 8563
(44453,1) 8880
(6947,1) 9013
(22782,1) 8352
(16093,1) 9503
(19669,1) 8449
(30186,1) 8277
(80446,1) 8606
(11941,1) 9162
(41085,1) 8789
(75231,1) 8838
(80974,1) 9225
(20359,1) 8393
(42215,1) 8580
(51264,1) 8441
(36971,1) 8719
(68718,1) 9335
(49912,1) 9360
(55880,1) 9386
(46887,1) 9414
(86256,1) 8324
(88691,1) 8564
(94852,1) 8753
(22692,1) 8916
(74273,1) 9005
(32138,1) 8945
(40148,1) 8734
(94991,1) 8996
(85388,1) 9015
(28465,1) 9204
(939,1) 8719
(55327,1) 9003
(90674,1) 9241
(51186,1) 8599
(35932,1) 9420
(27062,1) 8728
(44649,1) 9031
(92970,1) 8415
(82652,1) 8557
(44650,1) 8643
(68743,1) 8843
(13913,1) 8166
(4550,1) 8948
(48852,1) 9006
(78840,1) 8239
(34994,1) 9238
(17374,1) 9234
(17099,1) 8906
(86166,1) 8333
(26272,1) 9074
(59992,1) 9020
(11871,1) 8473
(47514,1) 8965
(87283,1) 8780
(5311,1) 8746
(63121,1) 9299
(64298,1) 8953
(67323,1) 9571
(24906,1) 9072
(11691,1) 8926
(29116,1) 8543
(33006,1) 8343
(82729,1) 9077
(62277,1) 8885
(80483,1) 8940
(53686,1) 8806
(21264,1) 8754
(79408,1) 8458
(14715,1) 8885
(54350,1) 8843
(83519,1) 9443
(31692,1) 8553
(27001,1) 9450
(940,1) 8844
(88061,1) 8587
(78966,1) 9025
(28326,1) 9053
(35314,1) 8892
(57623,1) 8633
(52107,1) 8872
(41678,1) 9009
(3428,1) 9523
(83712,1) 8829
(71638,1) 8746
(45742,1) 8759
(32547,1) 9302
(64777,1) 8887
(30268,1) 8605
(14613,1) 8735
(40197,1) 8663
(81109,1) 8910
(26608,1) 8394
(68240,1) 7927
(76887,1) 8515
(67270,1) 9130
(21436,1) 8813
(70812,1) 8069
(66958,1) 8338
(15005,1) 8800
(4116,1) 8957
(1211,1) 8754
(47813,1) 8652
(56531,1) 9025
(12960,1) 8385
(17296,1) 8739
(12845,1) 8790
(87499,1) 8403
(92478,1) 8925
(11707,1) 8743
(76634,1) 9037
(30096,1) 9402
(37965,1) 8674
(9906,1) 9212
(65088,1) 8404
(6870,1) 8670
(74916,1) 9016
(17038,1) 9196
(32433,1) 8679
(64123,1) 8725
(50384,1) 9155
(42150,1) 8585
(37490,1) 9009
(3874,1) 8942
(38116,1) 9060
(46814,1) 9743
(36909,1) 9053
(78402,1) 9025
(34831,1) 8805
(17386,1) 8657
(88360,1) 8469
(76131,1) 9273
(67413,1) 9091
(33121,1) 8928
(66659,1) 8745
(68310,1) 8815
(68436,1) 8842
(40499,1) 8861
(29002,1) 8600
(6502,1) 8822
(20797,1) 8824
(591,1) 8992
(96931,1) 9377
(6288,1) 8408
(77060,1) 8014
(76491,1) 9756
(11088,1) 8953
(24612,1) 9108
(43410,1) 8945
(91108,1) 9251
(33330,1) 9003
(70509,1) 8665
(82946,1) 8811
(22949,1) 8463
(68563,1) 8760
(44195,1) 8681
(29292,1) 8629
(17145,1) 9140
(2139,1) 9374
(31202,1) 8943
(2790,1) 8819
(32199,1) 9300
(7733,1) 8067
(41630,1) 8777
(11449,1) 8494
(80704,1) 9152
(85339,1) 8765
(20576,1) 8602
(83622,1) 8891
(3256,1) 9204
(52254,1) 8776
(97359,1) 9179
(41175,1) 9199
(35608,1) 8302
(56219,1) 8443
(8997,1) 9348
(69937,1) 8889
(33583,1) 8953
(17272,1) 8715
(88036,1) 9159
(17529,1) 8795
(21354,1) 8911
(21833,1) 9241
(17133,1) 8684
(74040,1) 8300
(81,1) 8993
(79527,1) 8926
(16261,1) 8923
(58928,1) 9301
(45337,1) 8414
(34187,1) 9213
(36620,1) 8962
(89162,1) 9200
(16351,1) 9004
(20617,1) 8903
(18933,1) 8782
(69179,1) 8925
(86732,1) 8722
(47485,1) 9458
(80107,1) 9402
(10231,1) 8919
(64442,1) 9042
(31631,1) 9640
(86720,1) 8417
(25183,1) 8989
(72715,1) 9356
(60343,1) 8512
(80119,1) 9205
(16866,1) 8539
(83695,1) 8932
(42186,1) 8773
(85417,1) 8859
(83466,1) 8762
(52859,1) 8800
(49540,1) 9009
(39887,1) 8507
(89391,1) 8443
(36196,1) 8225
(5720,1) 8505
(18188,1) 9120
(16007,1) 8935
(40876,1) 8460
(39221,1) 8722
(33366,1) 8830
(37212,1) 9348
(52745,1) 9155
(47898,1) 8996
(5123,1) 8346
(11191,1) 8549
(29706,1) 9465
(39486,1) 9312
(15896,1) 9179
(96718,1) 8957
(12391,1) 8876
(7533,1) 8728
(50794,1) 8677
(63598,1) 9239
(7396,1) 9288
(37076,1) 8990
(62559,1) 8476
(3837,1) 8822
(96582,1) 8817
(78161,1) 8796
(45075,1) 8668
(93694,1) 8975
(49756,1) 8502
(46217,1) 8287
(69341,1) 8555
(13132,1) 8656
(8354,1) 8769
(63562,1) 9352
(75099,1) 8905
(1825,1) 8993
(87750,1) 8540
(19813,1) 8926
(14125,1) 9184
(16788,1) 8629
(50450,1) 8576
(62056,1) 8233
(94237,1) 9239
(48525,1) 9329
(71561,1) 8662
(141,1) 8362
(99409,1) 8447
(93232,1) 8281
(5076,1) 8841
(28723,1) 8898
(77256,1) 8099
(22202,1) 8278
(62343,1) 9360
(6059,1) 8597
(41331,1) 8900
(93166,1) 8393
(7443,1) 8783
(90988,1) 8718
(62651,1) 8952
(68665,1) 8626
(55074,1) 9136
(71573,1) 8600
(73561,1) 8820
(89975,1) 9101
(72703,1) 8936
(15918,1) 9080
(59684,1) 9208
(99483,1) 8534
(47424,1) 9060
(29743,1) 8854
(44158,1) 9521
(30973,1) 8419
(91067,1) 8396
(95785,1) 8522
(49130,1) 9017
(61247,1) 8781
(33661,1) 9057
(89354,1) 8832
(11130,1) 8515
(51445,1) 8929
(49142,1) 9011
(16302,1) 8146
(9386,1) 8938
(34029,1) 8273
(69486,1) 8751
(38575,1) 8780
(89113,1) 8861
(72897,1) 8855
(23118,1) 8812
(73500,1) 8948
(61235,1) 8498
(57966,1) 9138
(68137,1) 8687
(17014,1) 8944
(53236,1) 8200
(63830,1) 9394
(94053,1) 8938
(76359,1) 9229
(13328,1) 8401
(30371,1) 8923
(78954,1) 8723
(21047,1) 9058
(92250,1) 8770
(98203,1) 8847
(97949,1) 8634
(10308,1) 9125
(53740,1) 8787
(53224,1) 8870
(99471,1) 8864
(47412,1) 8729
(52811,1) 8670
(7187,1) 8124
(5281,1) 9052
(11977,1) 8393
(15235,1) 9202
(33407,1) 8952
(88835,1) 8494
(86346,1) 9218
(78065,1) 8836
(63805,1) 9188
(6366,1) 8854
(82184,1) 9506
(80024,1) 8898
(57593,1) 9599
(41974,1) 9654
(96240,1) 8887
(91284,1) 8652
(1170,1) 8620
(62898,1) 9094
(79114,1) 8889
(26682,1) 9918
(80860,1) 9232
(5039,1) 8966
(8924,1) 8891
(72477,1) 9195
(71408,1) 8856
(65351,1) 8964
(57991,1) 8775
(23883,1) 8773
(72861,1) 8949
(56281,1) 8602
(11503,1) 8743
(58875,1) 8926
(19358,1) 8875
(46994,1) 8983
(24337,1) 9296
(29939,1) 8914
(16535,1) 8839
(30150,1) 8143
(13594,1) 8685
(23871,1) 8672
(70291,1) 8901
(8703,1) 8530
(45832,1) 9611
(28207,1) 9165
(72080,1) 9157
(78929,1) 8610
(66196,1) 8414
(15476,1) 8858
(53469,1) 9242
(11142,1) 8493
(739,1) 9347
(55831,1) 8065
(72674,1) 8751
(51656,1) 8900
(89295,1) 9527
(93670,1) 8702
(39717,1) 8609
(96227,1) 8394
(88823,1) 8369
(18430,1) 8778
(17464,1) 9702
(7678,1) 8581
(74195,1) 8732
(63829,1) 8911
(7005,1) 9389
(1157,1) 8568
(8072,1) 8861
(8330,1) 8836
(10071,1) 8578
(7666,1) 9104
(37229,1) 9199
(96689,1) 9517
(93652,1) 9083
(43505,1) 8820
(72550,1) 9008
(12888,1) 9267
(68696,1) 8503
(52349,1) 9082
(18308,1) 9036
(18183,1) 8351
(29964,1) 9047
(96174,1) 8969
(57190,1) 8862
(33589,1) 8679
(47995,1) 9150
(64218,1) 8861
(15901,1) 9369
(1832,1) 9189
(87203,1) 8379
(64722,1) 9015
(61409,1) 8458
(61697,1) 8895
(34445,1) 8619
(18836,1) 8036
(26102,1) 8989
(87833,1) 9045
(99612,1) 8715
(51836,1) 9208
(98858,1) 8574
(89385,1) 8476
(73554,1) 8264
(10053,1) 8799
(22437,1) 8725
(93640,1) 8671
(36728,1) 8740
(98355,1) 9040
(77906,1) 9056
(62964,1) 8974
(35496,1) 9080
(31294,1) 8816
(66628,1) 8494
(51709,1) 8955
(12589,1) 8444
(54747,1) 9086
(27656,1) 8501
(43529,1) 8539
(36099,1) 8706
(29298,1) 8784
(78257,1) 8758
(36704,1) 8632
(32101,1) 8639
(37254,1) 8406
(59888,1) 8819
(45548,1) 8835
(43126,1) 8213
(46086,1) 8870
(6385,1) 9018
(27681,1) 8433
(31432,1) 8398
(48233,1) 9268
(74593,1) 8886
(34295,1) 9362
(34331,1) 8865
(97956,1) 8607
(68594,1) 8217
(91080,1) 8905
(31384,1) 9149
(99235,1) 8803
(78118,1) 8714
(52648,1) 8910
(90843,1) 9768
(99048,1) 9024
(49751,1) 8746
(39214,1) 9280
(36716,1) 9141
(29988,1) 8931
(60668,1) 9266
(40276,1) 8847
(4077,1) 8878
(72411,1) 8743
(84669,1) 9492
(96060,1) 8906
(33140,1) 9112
(4792,1) 9146
(49135,1) 8252
(48245,1) 9175
(68912,1) 8724
(59750,1) 9062
(66952,1) 9002
(25613,1) 8910
(22588,1) 9400
(5807,1) 8988
(43918,1) 8377
(13138,1) 8686
(75334,1) 8607
(9332,1) 8671
(70721,1) 8126
(24356,1) 8571
(18472,1) 8845
(61080,1) 8610
(81279,1) 8401
(24769,1) 9119
(25361,1) 8803
(48118,1) 8233
(13265,1) 8697
(59942,1) 8601
(42650,1) 8720
(57382,1) 9350
(41611,1) 9248
(87504,1) 8828
(68985,1) 9184
(33769,1) 9609
(78833,1) 9149
(51559,1) 8787
(99534,1) 8660
(2382,1) 8228
(34144,1) 9055
(96852,1) 8909
(91932,1) 8764
(38988,1) 9313
(17645,1) 8955
(8089,1) 9013
(57370,1) 8437
(17983,1) 8785
(14155,1) 9126
(94430,1) 8668
(55824,1) 8600
(9157,1) 8425
(4815,1) 9092
(51118,1) 8801
(76423,1) 9323
(59414,1) 9301
(70493,1) 8923
(18610,1) 8861
(24913,1) 8233
(848,1) 8646
(99012,1) 9076
(64530,1) 8777
(18460,1) 8584
(39161,1) 9049
(13029,1) 8840
(28887,1) 8678
(27177,1) 8839
(89348,1) 8953
(78821,1) 8809
(48009,1) 9323
(11508,1) 9099
(25414,1) 8625
(81957,1) 8798
(231,1) 8096
(46013,1) 8985
(90177,1) 8582
(17633,1) 8587
(77793,1) 9397
(20868,1) 8649
(63742,1) 8669
(57357,1) 9064
(72460,1) 8773
(75772,1) 9256
(36014,1) 8383
(84154,1) 9046
(69100,1) 8232
(48568,1) 8295
(77678,1) 9737
(83491,1) 9202
(14180,1) 9453
(20238,1) 9009
(25397,1) 9125
(16426,1) 9217
(5033,1) 8579
(95989,1) 9286
(45723,1) 8473
(50299,1) 8960
(87118,1) 8706
(67493,1) 8433
(59905,1) 9188
(44618,1) 8951
(27352,1) 8714
(77666,1) 8928
(66587,1) 8766
(26820,1) 8667
(48556,1) 9585
(86990,1) 8661
(11207,1) 8545
(40257,1) 8892
(78330,1) 9082
(70752,1) 9306
(81435,1) 8596
(22238,1) 8847
(22425,1) 8499
(68283,1) 8003
(70565,1) 9056
(57218,1) 9290
(7605,1) 8711
(89013,1) 8820
(68156,1) 8651
(73530,1) 9705
(23028,1) 9193
(71355,1) 8628
(24925,1) 9029
(18532,1) 8566
(8722,1) 8800
(93027,1) 8796
(14330,1) 9022
(48192,1) 8951
(14674,1) 8947
(20377,1) 8710
(6186,1) 9165
(43042,1) 8641
(67238,1) 8524
(50896,1) 8717
(46870,1) 8744
(27364,1) 8733
(99079,1) 8665
(62880,1) 9256
(53921,1) 9080
(28105,1) 9193
(32132,1) 8621
(2970,1) 8256
(42885,1) 8619
(59239,1) 8490
(20503,1) 8822
(6174,1) 8645
(73903,1) 8981
(64831,1) 9338
(58142,1) 8766
(36116,1) 8997
(27044,1) 8792
(85556,1) 8709
(13853,1) 8367
(43054,1) 8867
(1621,1) 8493
(60470,1) 9250
(76459,1) 8463
(70866,1) 9297
(61600,1) 8736
(14662,1) 8480
(38940,1) 8900
(42139,1) 8556
(72314,1) 8442
(74302,1) 9519
(41216,1) 9322
(44472,1) 9027
(66189,1) 8281
(75570,1) 8893
(35018,1) 8836
(37453,1) 8357
(92628,1) 9069
(21016,1) 8617
(48857,1) 9278
(44423,1) 9227
(11909,1) 9195
(97263,1) 8874
(84389,1) 8401
(87475,1) 8793
(4556,1) 8375
(90722,1) 8706
(29364,1) 8542
(10106,1) 9391
(87463,1) 8583
(37761,1) 9500
(1138,1) 9340
(92231,1) 8951
(13406,1) 8708
(6520,1) 9648
(45440,1) 9810
(98681,1) 8763
(69571,1) 8709
(30900,1) 9500
(59215,1) 8792
(58486,1) 8373
(32542,1) 8990
(87288,1) 8658
(22328,1) 8730
(52102,1) 8699
(47521,1) 9296
(73147,1) 8868
(14089,1) 8462
(5008,1) 8040
(38298,1) 8656
(15187,1) 9374
(74484,1) 8553
(49069,1) 8240
(280,1) 9458
(31185,1) 9363
(12755,1) 8538
(93953,1) 8915
(80775,1) 9094
(55519,1) 8251
(23758,1) 8887
(43066,1) 8895
(59149,1) 8607
(60035,1) 9037
(98300,1) 9473
(83520,1) 8336
(41253,1) 8729
(1669,1) 9501
(57839,1) 8765
(56142,1) 9266
(59689,1) 8848
(76870,1) 8812
(16451,1) 9284
(8559,1) 8601
(1097,1) 8274
(17301,1) 8856
(52284,1) 9088
(78776,1) 8989
(35217,1) 9001
(13443,1) 8953
(8198,1) 8120
(97226,1) 8689
(60912,1) 8479
(60047,1) 9500
(89451,1) 8784
(27429,1) 8917
(8840,1) 8827
(61133,1) 8994
(8783,1) 8448
(52048,1) 9232
(4345,1) 9213
(44577,1) 9360
(89227,1) 8585
(42727,1) 8653
(55933,1) 9558
(12954,1) 8749
(40180,1) 8964
(17512,1) 8991
(62607,1) 8504
(47281,1) 9641
(18861,1) 9353
(47946,1) 9399
(75825,1) 8365
(1682,1) 9013
(62831,1) 8401
(79042,1) 8908
(42074,1) 8094
(55280,1) 8481
(25020,1) 8995
(43772,1) 9028
(39947,1) 9106
(21430,1) 9036
(99782,1) 9020
(51426,1) 8832
(10622,1) 8543
(16463,1) 8558
(11256,1) 8590
(19431,1) 8686
(43204,1) 9161
(45958,1) 8745
(4689,1) 8813
(9702,1) 8816
(56353,1) 8322
(23137,1) 9171
(69372,1) 9087
(6677,1) 8574
(21466,1) 8484
(77719,1) 9183
(39493,1) 8684
(98096,1) 8931
(37603,1) 9296
(87240,1) 8881
(38436,1) 8785
(25908,1) 7955
(22884,1) 9406
(47492,1) 9093
(74140,1) 8558
(78407,1) 9226
(48634,1) 8958
(78009,1) 8963
(83731,1) 9062
(42740,1) 8795
(17723,1) 9611
(35230,1) 9586
(64340,1) 9287
(75545,1) 8936
(94762,1) 9676
(3365,1) 9009
(87065,1) 8111
(63108,1) 8718
(75371,1) 9127
(52937,1) 8801
(3844,1) 9325
(53969,1) 8476
(44261,1) 8945
(87,1) 9072
(20791,1) 8852
(85929,1) 9267
(40378,1) 8000
(92206,1) 9118
(80512,1) 8947
(43889,1) 9059
(71675,1) 9313
(83369,1) 8828
(54259,1) 9321
(44553,1) 8738
(42938,1) 9270
(36262,1) 10089
(75557,1) 8530
(24673,1) 8674
(3377,1) 8621
(85731,1) 8817
(92599,1) 9084
(80138,1) 8858
(84694,1) 8655
(89613,1) 9087
(15536,1) 9249
(65851,1) 8570
(70817,1) 9444
(33230,1) 9074
(19852,1) 9026
(18641,1) 8480
(56368,1) 9031
(74353,1) 8131
(90283,1) 8689
(91494,1) 8798
(97911,1) 8859
(68352,1) 9427
(8659,1) 8686
(47090,1) 8418
(15490,1) 8716
(11333,1) 8935
(19050,1) 9397
(15810,1) 8590
(80240,1) 8468
(87433,1) 8033
(63901,1) 8231
(37299,1) 9072
(49717,1) 8558
(31625,1) 8644
(57465,1) 9454
(91367,1) 9274
(52555,1) 9182
(16598,1) 8979
(22346,1) 9002
(38704,1) 8748
(85264,1) 8907
(99886,1) 9100
(66719,1) 8564
(29768,1) 9139
(135,1) 9085
(84614,1) 8315
(46578,1) 9209
(70323,1) 9230
(60978,1) 9288
(42651,1) 8418
(73956,1) 9320
(99796,1) 8771
(56025,1) 8972
(77974,1) 8833
(99555,1) 8656
(89167,1) 9166
(15809,1) 8416
(49807,1) 8887
(67370,1) 8355
(63225,1) 9063
(56905,1) 8371
(298,1) 9473
(66846,1) 8947
(42753,1) 8885
(21823,1) 9130
(88668,1) 8627
(94518,1) 8896
(63925,1) 9493
(54097,1) 9101
(84498,1) 8915
(15719,1) 8732
(95881,1) 8700
(39813,1) 8637
(43149,1) 8584
(36281,1) 8659
(95766,1) 8815
(26008,1) 8851
(35336,1) 8253
(89077,1) 8711
(39203,1) 9156
(94428,1) 9344
(29744,1) 8647
(90144,1) 8353
(50362,1) 8599
(60840,1) 8657
(49730,1) 8347
(78932,1) 8892
(90029,1) 8728
(56140,1) 8941
(14749,1) 8842
(91343,1) 9200
(78371,1) 8632
(88299,1) 8749
(39317,1) 8923
(95893,1) 8988
(94072,1) 8906
(99670,1) 9145
(19774,1) 8842
(78878,1) 8267
(26581,1) 9318
(70539,1) 9157
(77884,1) 8844
(21021,1) 8896
(46235,1) 8443
(1364,1) 9160
(36854,1) 8229
(18334,1) 9159
(87331,1) 9200
(94760,1) 8543
(33691,1) 8322
(39391,1) 8526
(91965,1) 8245
(32046,1) 9094
(77069,1) 8936
(27780,1) 9335
(62624,1) 8536
(9019,1) 8719
(36027,1) 9104
(32083,1) 9089
(70858,1) 8970
(41247,1) 9065
(52020,1) 9326
(81631,1) 9385
(39849,1) 9692
(29360,1) 8557
(15682,1) 8678
(36256,1) 9296
(39288,1) 8346
(63286,1) 8802
(94837,1) 9540
(20648,1) 9656
(76366,1) 9440
(41935,1) 8333
(95934,1) 8913
(64043,1) 9169
(95778,1) 8848
(5791,1) 9182
(32758,1) 8816
(89498,1) 9436
(85697,1) 8519
(46734,1) 8976
(29106,1) 8357
(9020,1) 9137
(60942,1) 9349
(72438,1) 9191
(64182,1) 8475
(57146,1) 8706
(39276,1) 8847
(37467,1) 8967
(15416,1) 9024
(36142,1) 8778
(51839,1) 8806
(89359,1) 8525
(87151,1) 8948
(19762,1) 8786
(73322,1) 9105
(67738,1) 9588
(39407,1) 8649
(54277,1) 8471
(67308,1) 8716
(35516,1) 9343
(429,1) 8799
(35946,1) 8790
(61555,1) 8762
(1315,1) 8383
(43685,1) 8909
(303,1) 8595
(98115,1) 9513
(43874,1) 8510
(74635,1) 8834
(65800,1) 8792
(11484,1) 8707
(25038,1) 8868
(24016,1) 9304
(64031,1) 8349
(11729,1) 9337
(8148,1) 9231
(64996,1) 9181
(87163,1) 8835
(70822,1) 9656
(70450,1) 9058
(9605,1) 9288
(98001,1) 8640
(80096,1) 8904
(84818,1) 9175
(7907,1) 9155
(30819,1) 8560
(52302,1) 8409
(91306,1) 8443
(54380,1) 9430
(45977,1) 8935
(9732,1) 8247
(21249,1) 9658
(58181,1) 8573
(47789,1) 8745
(70449,1) 9360
(70019,1) 8500
(98651,1) 9130
(82293,1) 9145
(35246,1) 9013
(7919,1) 8295
(26352,1) 9552
(58042,1) 8458
(47908,1) 8391
(606,1) 8850
(30958,1) 9261
(79864,1) 8941
(21414,1) 8813
(50999,1) 8672
(99011,1) 8440
(80903,1) 8564
(91175,1) 9147
(92885,1) 9215
(9555,1) 8829
(51167,1) 8947
(99903,1) 8901
(4360,1) 9419
(31494,1) 8007
(68965,1) 8693
(83145,1) 9146
(93623,1) 8564
(82977,1) 9210
(16144,1) 8597
(64006,1) 8882
(1941,1) 8885
(17631,1) 8328
(29900,1) 9482
(45532,1) 9013
(81376,1) 9381
(34279,1) 9210
(16397,1) 8313
(61874,1) 9017
(41960,1) 9684
(80714,1) 8396
(58222,1) 9033
(93852,1) 8718
(75500,1) 8811
(27031,1) 9555
(417,1) 9030
(23644,1) 8725
(44104,1) 8717
(61245,1) 8813
(22972,1) 8902
(85177,1) 9046
(68036,1) 8810
(56684,1) 8741
(6187,1) 8738
(51143,1) 9097
(34302,1) 8285
(57964,1) 8846
(47004,1) 8863
(17228,1) 9453
(75924,1) 8643
(56418,1) 9100
(66198,1) 8800
(46043,1) 8462
(7968,1) 9475
(53312,1) 8699
(47311,1) 8860
(24670,1) 8461
(17896,1) 9028
(20193,1) 9080
(75846,1) 9052
(54228,1) 8856
(51455,1) 8883
(82322,1) 8701
(38032,1) 8666
(69169,1) 8987
(15093,1) 8983
(92436,1) 8584
(38044,1) 9221
(94363,1) 8375
(84675,1) 8857
(91601,1) 8930
(29822,1) 8846
(78502,1) 8890
(80198,1) 8813
(83911,1) 8827
(71370,1) 8737
(61028,1) 8990
(23301,1) 8880
(26315,1) 8886
(7433,1) 9260
(68253,1) 9067
(17300,1) 8961
(88010,1) 8625
(23217,1) 8399
(59298,1) 9242
(68941,1) 9367
(76676,1) 8537
(7349,1) 9087
(23230,1) 8739
(70936,1) 9101
(37808,1) 9243
(40866,1) 9210
(89678,1) 9007
(68241,1) 8948
(30525,1) 9113
(36469,1) 8612
(32569,1) 8690
(98164,1) 9344
(3010,1) 8527
(88386,1) 9335
(81823,1) 9103
(17643,1) 8702
(27779,1) 8828
(13854,1) 8554
(56762,1) 8065
(82989,1) 8526
(48834,1) 8277
(50897,1) 8732
(4912,1) 8812
(71760,1) 8726
(33756,1) 8521
(85612,1) 9325
(34518,1) 8922
(27367,1) 9536
(80420,1) 8845
(22092,1) 8766
(75195,1) 8841
(43726,1) 8757
(42458,1) 9105
(7698,1) 9554
(51725,1) 8841
(30091,1) 8704
(54482,1) 9889
(53460,1) 8471
(72627,1) 8709
(53030,1) 8436
(42205,1) 8754
(52518,1) 8795
(44262,1) 8924
(8713,1) 8448
(93930,1) 8545
(44679,1) 8885
(88263,1) 8563
(15326,1) 8876
(61969,1) 9145
(57759,1) 8281
(85931,1) 8927
(56062,1) 8708
(21504,1) 8809
(6916,1) 8549
(16525,1) 9172
(23978,1) 8517
(49967,1) 8301
(2439,1) 8916
(5865,1) 8781
(43738,1) 8795
(74406,1) 9081
(88440,1) 9520
(56750,1) 8971
(84880,1) 8657
(22514,1) 9285
(19569,1) 8636
(61608,1) 8415
(69805,1) 8724
(84486,1) 8528
(71411,1) 8798
(13105,1) 8727
(43252,1) 9049
(8926,1) 9223
(48527,1) 8195
(28554,1) 8845
(84449,1) 9104
(87683,1) 9516
(42230,1) 8640
(84879,1) 9071
(76428,1) 8979
(83427,1) 8677
(13071,1) 8348
(11525,1) 9149
(92448,1) 8562
(72209,1) 9491
(45689,1) 9063
(82671,1) 8647
(44237,1) 8651
(91097,1) 9439
(94682,1) 8629
(12289,1) 8978
(98728,1) 8468
(51750,1) 8800
(4155,1) 8988
(42053,1) 9274
(33707,1) 9471
(10527,1) 8860
(6204,1) 9475
(7656,1) 8774
(11549,1) 8571
(76453,1) 9213
(75242,1) 9264
(58571,1) 8947
(13476,1) 8332
(1135,1) 9243
(35565,1) 9012
(96613,1) 8606
(71735,1) 9396
(37074,1) 8644
(35995,1) 8831
(34019,1) 9428
(50656,1) 9483
(3602,1) 8738
(9654,1) 8966
(39518,1) 8836
(74431,1) 9120
(75453,1) 8229
(67525,1) 8864
(56725,1) 9153
(32533,1) 8547
(72838,1) 8626
(83709,1) 8838
(95844,1) 8660
(7715,1) 9089
(79660,1) 9051
(27114,1) 8866
(52678,1) 9389
(74161,1) 8896
(82953,1) 9033
(22767,1) 8751
(59268,1) 8963
(89774,1) 8825
(44321,1) 9090
(46795,1) 8364
(93576,1) 8767
(5447,1) 8852
(17606,1) 8444
(40274,1) 8551
(64911,1) 8586
(9924,1) 9481
(20910,1) 8656
(44751,1) 8586
(65746,1) 8636
(93217,1) 8831
(94927,1) 9557
(58801,1) 8609
(93732,1) 8659
(7987,1) 9298
(33062,1) 9147
(2253,1) 8643
(20784,1) 9005
(34995,1) 9201
(23018,1) 8803
(47353,1) 8682
(37,1) 9094
(1603,1) 9020
(37905,1) 9722
(70929,1) 9023
(28753,1) 9109
(72676,1) 8518
(89557,1) 8688
(12234,1) 8618
(8282,1) 9065
(63191,1) 8859
(96082,1) 8871
(37310,1) 9225
(6408,1) 9142
(28398,1) 8718
(54919,1) 8498
(3396,1) 8995
(75381,1) 8917
(89684,1) 9011
(58813,1) 8635
(97533,1) 8657
(1717,1) 8611
(7620,1) 9446
(85401,1) 9412
(68501,1) 8865
(7173,1) 8619
(92739,1) 8805
(3806,1) 8987
(20210,1) 8584
(54932,1) 8988
(44339,1) 8955
(69151,1) 8995
(24723,1) 8632
(76819,1) 8865
(89660,1) 9109
(96998,1) 9052
(71807,1) 8379
(75839,1) 8885
(37792,1) 9143
(51768,1) 8853
(38852,1) 8699
(79067,1) 8808
(27325,1) 8435
(78532,1) 8891
(76807,1) 8728
(96358,1) 8296
(30241,1) 8762
(75531,1) 8952
(72766,1) 9154
(48895,1) 9270
(24561,1) 8818
(72941,1) 8907
(53939,1) 8934
(54829,1) 9218
(31272,1) 8764
(59727,1) 8847
(96438,1) 9058
(27712,1) 8865
(50318,1) 8831
(43462,1) 8456
(76361,1) 9131
(47503,1) 8632
(50433,1) 9253
(69963,1) 9047
(65440,1) 8605
(55739,1) 9211
(61458,1) 8827
(18058,1) 9247
(94357,1) 7972
(28179,1) 8737
(18582,1) 8413
(16886,1) 8105
(44714,1) 9191
(34195,1) 8544
(96400,1) 8548
(23857,1) 8753
(16125,1) 8657
(85883,1) 8747
(31349,1) 9099
(96346,1) 9011
(66077,1) 8807
(59920,1) 9472
(51071,1) 8527
(16952,1) 8738
(65259,1) 8039
(24874,1) 8791
(4456,1) 9211
(62184,1) 8536
(34971,1) 8452
(48449,1) 9086
(52014,1) 9263
(41497,1) 8712
(34447,1) 8580
(37803,1) 8514
(33827,1) 9556
(69926,1) 9353
(24330,1) 8847
(40690,1) 8765
(104,1) 8728
(61471,1) 8977
(30411,1) 8538
(27911,1) 8886
(28561,1) 8672
(92232,1) 8365
(61711,1) 8564
(37049,1) 9190
(62974,1) 9097
(33122,1) 9434
(1395,1) 9595
(96268,1) 8983
(41665,1) 9247
(23984,1) 9034
(33013,1) 9137
(71881,1) 8501
(59866,1) 8972
(16898,1) 8783
(7010,1) 9591
(48997,1) 8811
(96475,1) 9410
(88829,1) 9066
(75446,1) 8910
(69812,1) 9024
(12283,1) 8612
(95504,1) 8805
(19145,1) 8915
(34435,1) 8646
(59739,1) 8919
(918,1) 9015
(69061,1) 9234
(97582,1) 8463
(89744,1) 8840
(4407,1) 8610
(64519,1) 8981
(15320,1) 9797
(50022,1) 8380
(61407,1) 8942
(4534,1) 9130
(38815,1) 9160
(43515,1) 9730
(80295,1) 8962
(51372,1) 8889
(46393,1) 8244
(49298,1) 8950
(74706,1) 8885
(35990,1) 8908
(97443,1) 8668
(42592,1) 8755
(6814,1) 8525
(58522,1) 8877
(98313,1) 8560
(52104,1) 8834
(41080,1) 8365
(931,1) 8926
(51696,1) 9181
(86736,1) 8680
(10510,1) 8539
(85038,1) 9324
(31398,1) 8779
(88663,1) 8886
(54589,1) 9092
(82761,1) 9189
(68204,1) 9125
(83699,1) 8882
(50920,1) 8955
(95419,1) 9025
(89713,1) 9327
(39499,1) 8715
(58565,1) 8545
(22761,1) 8957
(79235,1) 8774
(35559,1) 8818
(51022,1) 9219
(24481,1) 8764
(62589,1) 9327
(18993,1) 8718
(44454,1) 8984
(43503,1) 8796
(53837,1) 8750
(33224,1) 9406
(20493,1) 8837
(57813,1) 9082
(68017,1) 9374
(71961,1) 8395
(34224,1) 8700
(76084,1) 8263
(66239,1) 9440
(82551,1) 8812
(43372,1) 9307
(8975,1) 8677
(55907,1) 8504
(57484,1) 8883
(44315,1) 9060
(45442,1) 8648
(73668,1) 9113
(83307,1) 8941
(89185,1) 9067
(77457,1) 8600
(90850,1) 8372
(92951,1) 9265
(21026,1) 8737
(7878,1) 8489
(32166,1) 8394
(53761,1) 9249
(66841,1) 8801
(80372,1) 9088
(81583,1) 8263
(60183,1) 8093
(1116,1) 8742
(14226,1) 8951
(80360,1) 8610
(85509,1) 9037
(497,1) 8860
(93062,1) 9065
(11190,1) 8901
(84940,1) 9078
(18647,1) 9581
(27845,1) 8557
(73709,1) 9167
(31861,1) 8930
(80692,1) 8486
(58132,1) 8300
(56545,1) 8153
(77993,1) 8721
(51647,1) 8799
(18027,1) 8996
(58589,1) 8853
(40015,1) 8752
(19079,1) 8215
(92309,1) 8673
(90460,1) 9116
(84619,1) 8716
(93074,1) 8294
(15141,1) 8505
(52205,1) 9058
(91030,1) 8696
(26736,1) 8837
(73596,1) 8554
(30844,1) 8959
(18737,1) 8937
(69613,1) 8197
(81558,1) 9067
(37178,1) 9042
(43880,1) 8965
(11177,1) 9000
(94561,1) 9293
(43396,1) 8880
(1485,1) 9014
(58680,1) 8854
(46916,1) 8431
(86249,1) 8661
(45863,1) 7843
(88716,1) 9231
(4509,1) 8713
(21906,1) 8706
(13920,1) 9200
(10895,1) 8709
(12079,1) 8875
(14936,1) 8893
(48973,1) 8470
(33134,1) 8021
(54878,1) 9049
(9338,1) 8727
(11453,1) 9351
(86640,1) 8687
(87209,1) 9474
(94825,1) 9133
(78811,1) 8795
(74852,1) 8443
(51594,1) 9061
(36783,1) 8704
(47384,1) 8374
(12826,1) 8649
(17770,1) 8822
(63232,1) 8765
(47197,1) 9411
(63841,1) 9085
(64622,1) 8467
(86104,1) 9056
(25208,1) 8973
(94597,1) 8918
(13197,1) 8856
(25918,1) 8722
(5797,1) 8574
(80047,1) 8654
(3753,1) 9018
(46632,1) 8610
(3323,1) 9012
(91565,1) 8696
(72048,1) 9351
(92788,1) 8475
(36800,1) 9086
(13620,1) 9051
(13173,1) 8686
(93833,1) 9285
(63394,1) 9066
(30881,1) 8691
(2331,1) 9057
(27464,1) 8632
(4282,1) 8392
(80757,1) 8548
(98273,1) 8928
(54866,1) 9235
(19660,1) 8523
(26906,1) 9024
(65524,1) 9341
(94447,1) 9170
(7530,1) 8598
(3554,1) 8778
(80035,1) 8216
(55201,1) 8345
(57363,1) 8595
(45705,1) 9450
(77523,1) 8604
(29378,1) 8870
(62666,1) 9071
(41157,1) 9035
(92752,1) 8701
(10141,1) 9132
(79169,1) 9286
(33390,1) 7972
(81733,1) 9170
(85087,1) 8711
(76324,1) 9186
(99760,1) 8804
(2773,1) 8884
(60037,1) 8698
(82485,1) 9218
(66106,1) 8904
(30138,1) 8787
(84335,1) 8478
(89834,1) 8683
(5249,1) 8821
(69337,1) 8807
(5761,1) 8521
(83242,1) 9204
(70316,1) 8654
(31313,1) 8836
(75580,1) 8754
(47226,1) 8778
(39994,1) 8654
(81497,1) 8848
(11676,1) 9104
(14372,1) 9095
(87797,1) 9054
(94460,1) 9347
(57549,1) 9130
(37642,1) 8866
(8178,1) 8325
(35060,1) 7997
(33280,1) 9135
(72813,1) 8416
(8293,1) 8851
(88208,1) 8968
(86302,1) 9300
(99222,1) 8962
(85057,1) 8762
(41748,1) 8719
(47456,1) 8765
(44293,1) 8386
(52876,1) 8948
(60670,1) 9369
(23592,1) 8733
(9435,1) 9074
(26502,1) 8474
(16277,1) 9475
(95650,1) 8778
(37895,1) 8660
(74720,1) 8875
(64229,1) 8786
(18033,1) 8872
(12350,1) 9119
(91861,1) 8416
(93628,1) 8974
(31156,1) 8564
(8166,1) 8943
(10570,1) 9061
(2368,1) 8527
(92396,1) 8391
(81003,1) 8812
(64242,1) 8596
(77493,1) 9164
(10214,1) 8761
(25396,1) 8916
(26731,1) 8643
(47227,1) 8764
(87856,1) 9251
(54530,1) 9288
(78749,1) 9066
(18159,1) 8768
(91836,1) 9279
(9537,1) 8312
(16392,1) 8833
(8968,1) 9560
(16138,1) 9340
(91746,1) 8730
(2495,1) 8393
(27152,1) 8385
(56424,1) 7883
(53114,1) 8917
(52635,1) 8755
(94266,1) 9045
(43504,1) 8844
(31234,1) 9168
(54758,1) 8736
(45218,1) 8466
(51400,1) 8858
(46175,1) 8316
(76880,1) 8873
(48725,1) 8307
(7618,1) 8880
(79195,1) 9683
(35898,1) 9331
(40353,1) 8919
(24758,1) 8547
(68923,1) 8638
(36214,1) 8736
(7426,1) 8940
(98869,1) 8513
(56587,1) 8897
(89738,1) 8813
(90580,1) 9259
(83851,1) 8682
(9513,1) 8476
(92474,1) 8970
(6488,1) 9147
(87971,1) 8965
(95572,1) 9158
(10226,1) 9438
(27266,1) 9147
(42260,1) 8318
(61983,1) 8175
(86314,1) 9212
(60531,1) 8375
(64458,1) 8916
(58331,1) 8682
(99234,1) 9247
(68935,1) 8776
(78774,1) 8666
(72125,1) 9234
(94188,1) 8457
(68996,1) 8465
(54746,1) 8709
(30531,1) 9199
(33063,1) 9211
(52840,1) 8922
(3649,1) 9133
(51207,1) 8718
(72825,1) 8940
(72952,1) 9166
(23682,1) 8456
(14358,1) 9161
(64319,1) 8775
(42259,1) 8746
(81395,1) 8952
(95649,1) 8884
(33943,1) 9364
(49338,1) 9004
(60465,1) 8459
(44244,1) 9275
(42223,1) 8467
(26689,1) 8875
(27017,1) 8986
(53151,1) 8564
(5442,1) 8991
(53826,1) 9149
(7589,1) 9377
(86690,1) 8474
(24902,1) 8504
(10635,1) 9090
(46953,1) 8632
(45501,1) 8440
(61030,1) 9136
(59661,1) 8932
(85782,1) 8702
(51244,1) 8935
(75321,1) 8967
(3976,1) 8731
(219,1) 8611
(46253,1) 9155
(58788,1) 8796
(60711,1) 8328
(73667,1) 9224
(78328,1) 9213
(18094,1) 8806
(1538,1) 8725
(5683,1) 8576
(2651,1) 8731
(72772,1) 8317
(65637,1) 8699
(69005,1) 8418
(22611,1) 9474
(33014,1) 9250
(232,1) 9364
(15459,1) 8975
(6182,1) 8800
(3288,1) 8849
(45525,1) 9148
(64205,1) 8089
(81040,1) 9698
(79610,1) 8927
(46000,1) 8872
(58625,1) 9184
(92245,1) 8664
(70087,1) 8700
(85070,1) 9420
(1792,1) 8957
(18611,1) 8564
(75586,1) 9100
(38911,1) 9003
(71217,1) 9077
(59510,1) 8930
(85201,1) 8375
(54710,1) 9258
(29328,1) 8267
(33853,1) 9336
(21624,1) 8599
(5700,1) 8195
(3408,1) 8563
(42735,1) 8357
(6194,1) 8398
(21751,1) 8521
(74178,1) 8524
(8358,1) 9256
(73926,1) 8659
(28703,1) 9262
(61451,1) 8829
(21493,1) 8677
(51105,1) 8648
(21309,1) 8362
(98314,1) 8551
(92384,1) 8828
(70763,1) 9407
(99078,1) 8481
(46651,1) 9350
(49814,1) 9024
(55335,1) 8558
(35398,1) 8900
(73136,1) 9114
(92515,1) 9181
(90151,1) 9003
(42988,1) 8911
(4600,1) 9131
(21828,1) 8793
(74244,1) 8934
(90735,1) 9018
(32143,1) 8706
(30248,1) 9034
(9991,1) 8908
(65137,1) 8852
(49689,1) 8883
(83592,1) 9063
(78057,1) 9140
(70775,1) 8839
(60194,1) 8335
(65801,1) 8907
(28976,1) 8960
(19273,1) 8752
(57585,1) 8640
(11110,1) 8884
(5261,1) 8748
(12915,1) 9032
(9062,1) 9065
(10002,1) 8930
(27640,1) 9136
(11695,1) 8623
(828,1) 8676
(98338,1) 9036
(73914,1) 8904
(75055,1) 9060
(27548,1) 8836
(59238,1) 8492
(66738,1) 8724
(60894,1) 9520
(67020,1) 8887
(42976,1) 8586
(86616,1) 8399
(87439,1) 9104
(31722,1) 9238
(43294,1) 8525
(94640,1) 8560
(71195,1) 9266
(78390,1) 9318
(67707,1) 8850
(46355,1) 8724
(49665,1) 9033
(80270,1) 8967
(78962,1) 9711
(45876,1) 8319
(15218,1) 9475
(47174,1) 8430
(3445,1) 9126
(16704,1) 8388
(51956,1) 8709
(69120,1) 8693
(10931,1) 8785
(95380,1) 9726
(70418,1) 8773
(30273,1) 8563
(60399,1) 8732
(57320,1) 9024
(95898,1) 9024
(85557,1) 9177
(25949,1) 8743
(43957,1) 9438
(34381,1) 8716
(19641,1) 8661
(80385,1) 8710
(93485,1) 8663
(5297,1) 8991
(41122,1) 9016
(56273,1) 9008
(92033,1) 8754
(96799,1) 9302
(55360,1) 8932
(13324,1) 8467
(2626,1) 8732
(73504,1) 9338
(14809,1) 8674
(24317,1) 8727
(34646,1) 8812
(38869,1) 8583
(43089,1) 8285
(73516,1) 9118
(93109,1) 8213
(71610,1) 9017
(13016,1) 8811
(72386,1) 8745
(25008,1) 8765
(25642,1) 9439
(97781,1) 9034
(30223,1) 8749
(31415,1) 8545
(96522,1) 9045
(40611,1) 8885
(58084,1) 8454
(56833,1) 8698
(93110,1) 8713
(97093,1) 8660
(62178,1) 9283
(34393,1) 8784
(9394,1) 8864
(26200,1) 8819
(33569,1) 9248
(85111,1) 9020
(334,1) 8655
(71242,1) 8335
(48635,1) 8541
(44588,1) 8864
(43136,1) 8983
(66884,1) 8946
(76790,1) 8729
(37707,1) 8953
(93122,1) 9038
(38730,1) 9281
(9701,1) 9187
(67081,1) 8692
(98621,1) 8500
(99402,1) 9236
(89480,1) 8547
(10967,1) 8557
(95016,1) 9005
(93809,1) 8862
(74900,1) 8880
(33890,1) 9621
(17444,1) 9721
(56514,1) 9658
(65547,1) 9124
(94483,1) 9130
(92323,1) 8150
(36938,1) 8903
(54258,1) 8768
(79814,1) 9746
(94797,1) 8684
(64422,1) 8909
(87344,1) 8833
(71954,1) 8533
(88482,1) 8958
(62854,1) 8957
(98935,1) 8969
(30894,1) 9103
(7818,1) 8760
(58072,1) 8759
(28011,1) 8969
(51595,1) 8848
(66673,1) 9035
(72433,1) 9844
(45947,1) 8191
(82218,1) 8759
(17817,1) 8987
(52352,1) 9234
(75779,1) 8144
(30326,1) 9026
(81756,1) 8953
(93099,1) 8683
(70841,1) 8635
(22327,1) 8932
(9025,1) 9380
(41929,1) 9193
(30297,1) 8458
(43679,1) 8889
(89624,1) 8438
(61119,1) 7936
(79544,1) 8957
(36624,1) 8863
(44809,1) 8434
(1190,1) 9207
(3096,1) 8719
(95728,1) 9087
(84125,1) 9513
(59467,1) 9410
(22966,1) 8755
(81661,1) 8879
(11466,1) 8777
(60633,1) 9143
(44810,1) 9441
(38717,1) 9216
(9165,1) 8887
(12235,1) 9171
(48341,1) 8893
(59003,1) 9067
(39867,1) 8797
(70455,1) 8834
(42669,1) 9045
(67756,1) 8764
(52749,1) 8620
(57108,1) 8915
(52376,1) 9138
(66432,1) 9244
(97888,1) 8617
(48925,1) 8496
(612,1) 9124
(68778,1) 9367
(33346,1) 8938
(36180,1) 9363
(58059,1) 8544
(14383,1) 8756
(41797,1) 9205
(46073,1) 9277
(60748,1) 8853
(15267,1) 8878
(76512,1) 8456
(59455,1) 9165
(63014,1) 8774
(11351,1) 8592
(78406,1) 9117
(40962,1) 9701
(72355,1) 8268
(55214,1) 8973
(85390,1) 8893
(55455,1) 8468
(13010,1) 9187
(92968,1) 8905
(35644,1) 9019
(89431,1) 9126
(74135,1) 8739
(87536,1) 9037
(63912,1) 8884
(11677,1) 9020
(44201,1) 8252
(97660,1) 8527
(71224,1) 9283
(46784,1) 8737
(68489,1) 8564
(3933,1) 8864
(56231,1) 8487
(78865,1) 8842
(19280,1) 8707
(24023,1) 8928
(79996,1) 8833
(40033,1) 8525
(41164,1) 8719
(65578,1) 8883
(80572,1) 9229
(70094,1) 9107
(80926,1) 8864
(33750,1) 8956
(33737,1) 8265
(55467,1) 8077
(45755,1) 8976
(21251,1) 8987
(27073,1) 9288
(18630,1) 9364
(26985,1) 8679
(71453,1) 8726
(38453,1) 8730
(39469,1) 8615
(62919,1) 7979
(53332,1) 8786
(19255,1) 8883
(66835,1) 8973
(78877,1) 8765
(9628,1) 8956
(16608,1) 8801
(21605,1) 9177
(62692,1) 8232
(1224,1) 8406
(51437,1) 8647
(13674,1) 8950
(46898,1) 8671
(84475,1) 8774
(31693,1) 8795
(53169,1) 9188
(26146,1) 8733
(18654,1) 8776
(52454,1) 9298
(40250,1) 8664
(77999,1) 8898
(56195,1) 8769
(52280,1) 8669
(78889,1) 8802
(59406,1) 9165
(27085,1) 8457
(80963,1) 8259
(57211,1) 9317
(55238,1) 8607
(88324,1) 8344
(20198,1) 9004
(96907,1) 8720
(63762,1) 8973
(55251,1) 8928
(40249,1) 8891
(55191,1) 9206
(13836,1) 9165
(57512,1) 8905
(31741,1) 9326
(17451,1) 8714
(96003,1) 8882
(81576,1) 8211
(96847,1) 9521
(74099,1) 8670
(28855,1) 8891
(80951,1) 9198
(37298,1) 8992
(33635,1) 9010
(47951,1) 8785
(55443,1) 9357
(86568,1) 8999
(8624,1) 9028
(82641,1) 9325
(44213,1) 8836
(42958,1) 8441
(82593,1) 8757
(16434,1) 8362
(76042,1) 8869
(38363,1) 8904
(23422,1) 8687
(1876,1) 8621
(16759,1) 8182
(46682,1) 8592
(31867,1) 9113
(51588,1) 8830
(43836,1) 8966
(14539,1) 8770
(88715,1) 8853
(25214,1) 8508
(77112,1) 9303
(20283,1) 8536
(11731,1) 8925
(59993,1) 9027
(74310,1) 9087
(46849,1) 8358
(35464,1) 8820
(61952,1) 8867
(56973,1) 8671
(99746,1) 8973
(90319,1) 8961
(5780,1) 8398
(62847,1) 9002
(29142,1) 9497
(58065,1) 9127
(90211,1) 8276
(1423,1) 8683
(65880,1) 8671
(72054,1) 8393
(25328,1) 8586
(27791,1) 9078
(8462,1) 8784
(42909,1) 8717
(96721,1) 9143
(52357,1) 8206
(68188,1) 8504
(35476,1) 8816
(4673,1) 9314
(47487,1) 8911
(71387,1) 8680
(76796,1) 9466
(25770,1) 8688
(49857,1) 9275
(12844,1) 8370
(49532,1) 9637
(72995,1) 8858
(44033,1) 9420
(94235,1) 8518
(66510,1) 9065
(67786,1) 8586
(38489,1) 8749
(44931,1) 8493
(12983,1) 9226
(29154,1) 8758
(85828,1) 8558
(41363,1) 8481
(66648,1) 8955
(55299,1) 8710
(82665,1) 8383
(39619,1) 9048
(78014,1) 9050
(5930,1) 9447
(63997,1) 9086
(14552,1) 9040
(69355,1) 8313
(91186,1) 9260
(91060,1) 8850
(37514,1) 8269
(72030,1) 8972
(61300,1) 8694
(28969,1) 8844
(18539,1) 9313
(94838,1) 8927
(84186,1) 8712
(10986,1) 9068
(99591,1) 8750
(81111,1) 8766
(70123,1) 9113
(27259,1) 9549
(57941,1) 8539
(45127,1) 9094
(18178,1) 8340
(60043,1) 8573
(15507,1) 8734
(53393,1) 8637
(80601,1) 8560
(74063,1) 9191
(32583,1) 8468
(92003,1) 9032
(21425,1) 9024
(67388,1) 8834
(87422,1) 8064
(66811,1) 8709
(62835,1) 8819
(14123,1) 8923
(54463,1) 8513
(60814,1) 8855
(37196,1) 9664
(51804,1) 8336
(45139,1) 8546
(69529,1) 8529
(48605,1) 8399
(16657,1) 9438
(76005,1) 8485
(3921,1) 8384
(6048,1) 8888
(33274,1) 9395
(56454,1) 8676
(39898,1) 8777
(82609,1) 9007
(65470,1) 8632
(87645,1) 8694
(66027,1) 8398
(81480,1) 8856
(25263,1) 8614
(60319,1) 9172
(22020,1) 8376
(28644,1) 9154
(59950,1) 9079
(63575,1) 9516
(44654,1) 8984
(91271,1) 8411
(28758,1) 8504
(60079,1) 8967
(50758,1) 9483
(6633,1) 8811
(90941,1) 9375
(83272,1) 8783
(48123,1) 8775
(22466,1) 8556
(38079,1) 9211
(8974,1) 9053
(4154,1) 8789
(63587,1) 9482
(70810,1) 9060
(37213,1) 8552
(55702,1) 9037
(31023,1) 8479
(9279,1) 9158
(2260,1) 9321
(77830,1) 9686
(72107,1) 8680
(5171,1) 8855
(82507,1) 8677
(36173,1) 8905
(22491,1) 9158
(97803,1) 9333
(44070,1) 9665
(54535,1) 8740
(80613,1) 9352
(18828,1) 8561
(38574,1) 9464
(72898,1) 8557
(42772,1) 9177
(10069,1) 8678
(46813,1) 8481
(41882,1) 8494
(38639,1) 8350
(64899,1) 9001
(9840,1) 8944
(44094,1) 8759
(28908,1) 9214
(57194,1) 9226
(77829,1) 8036
(97526,1) 8505
(44732,1) 9036
(68242,1) 8728
(49025,1) 8211
(59341,1) 8931
(42440,1) 8783
(58970,1) 9315
(54053,1) 8875
(52905,1) 8829
(51142,1) 9158
(23356,1) 8607
(9454,1) 8039
(46054,1) 8874
(43330,1) 9069
(28470,1) 8245
(77245,1) 8737
(69753,1) 9198
(57778,1) 9301
(41695,1) 8230
(27904,1) 9209
(97218,1) 8889
(35331,1) 9114
(49013,1) 9930
(98291,1) 8852
(18775,1) 8776
(31355,1) 8869
(31209,1) 8915
(49634,1) 9209
(24324,1) 8715
(28693,1) 8178
(29823,1) 8815
(28709,1) 8705
(40334,1) 8484
(74196,1) 8837
(8129,1) 9413
(94121,1) 9199
(65988,1) 8905
(7795,1) 8187
(33116,1) 8613
(31554,1) 9067
(88028,1) 8465
(54373,1) 9427
(58174,1) 8956
(42796,1) 8814
(7800,1) 8923
(41460,1) 9142
(83909,1) 8912
(28137,1) 8809
(1308,1) 9029
(97388,1) 8104
(20746,1) 9068
(66202,1) 9094
(86357,1) 9031
(42585,1) 8829
(54601,1) 9133
(60506,1) 9211
(75103,1) 8338
(8365,1) 9184
(97961,1) 8787
(92462,1) 8660
(89588,1) 8829
(48841,1) 9206
(44492,1) 8206
(47179,1) 8851
(97936,1) 8720
(26243,1) 8951
(78906,1) 8708
(539,1) 8886
(39939,1) 9080
(66161,1) 8499
(35578,1) 9203
(76439,1) 8396
(20186,1) 8975
(62027,1) 8356
(9690,1) 9026
(39355,1) 8328
(76066,1) 9107
(64080,1) 8550
(93206,1) 8918
(17873,1) 8346
(68067,1) 8525
(81220,1) 8367
(82171,1) 8880
(93774,1) 8921
(70014,1) 9137
(82755,1) 8664
(40719,1) 8540
(95681,1) 8894
(14268,1) 8589
(49991,1) 8383
(19369,1) 8477
(86731,1) 8617
(8738,1) 9138
(29449,1) 8893
(95096,1) 8448
(35379,1) 8811
(53645,1) 9102
(32136,1) 8867
(42042,1) 8980
(8913,1) 8531
(59328,1) 9579
(52122,1) 9040
(67128,1) 8583
(45062,1) 8925
(73805,1) 9054
(17475,1) 9245
(13885,1) 9634
(74371,1) 8736
(8154,1) 8765
(2669,1) 8890
(65234,1) 8115
(37834,1) 8965
(19755,1) 8915
(86345,1) 8820
(75314,1) 8842
(19942,1) 9011
(29076,1) 8812
