(72,1) 482348
(20,1) 468675
(66,1) 476272
(28,1) 476256
(89,1) 476260
(43,1) 482341
(37,1) 410103
(3,1) 468666
(40,1) 476289
(14,1) 482371
(52,1) 476266
(92,1) 468672
(75,1) 468657
(48,1) 482341
(23,1) 476280
(69,1) 482349
(86,1) 468685
(83,1) 468653
(34,1) 480542
(17,1) 476245
(55,1) 482346
(6,1) 482346
(97,1) 468654
(51,1) 468677
(26,1) 480515
(80,1) 480546
(41,1) 482355
(68,1) 480539
(49,1) 480546
(12,1) 468689
(35,1) 468683
(54,1) 476251
(5,1) 480562
(94,1) 476270
(71,1) 480539
(77,1) 468680
(21,1) 480519
(29,1) 480545
(88,1) 480536
(46,1) 468683
(63,1) 480516
(60,1) 482345
(15,1) 482366
(0,1) 482352
(91,1) 482343
(8,1) 480548
(32,1) 476274
(57,1) 476278
(74,1) 476275
(24,1) 476275
(47,1) 468648
(99,1) 482353
(82,1) 480501
(85,1) 480551
(33,1) 468652
(10,1) 476260
(7,1) 468660
(79,1) 482355
(18,1) 482349
(56,1) 476264
(73,1) 476250
(96,1) 476247
(44,1) 480530
(27,1) 480541
(65,1) 515346
(2,1) 480539
(62,1) 476250
(13,1) 476272
(30,1) 416720
(38,1) 468671
(93,1) 482357
(59,1) 468654
(76,1) 476265
(22,1) 480563
(45,1) 476256
(87,1) 480505
(64,1) 482336
(84,1) 482343
(61,1) 468688
(1,1) 468671
(31,1) 482345
(16,1) 468678
(9,1) 468666
(39,1) 482339
(90,1) 422050
(58,1) 482348
(98,1) 468674
(50,1) 482352
(25,1) 476256
(42,1) 482351
(81,1) 480537
(67,1) 480528
(36,1) 476261
(4,1) 468673
(11,1) 480531
(78,1) 480532
(53,1) 420453
(19,1) 476268
(70,1) 482345
(95,1) 468688
