(72,1) 465572
(20,1) 451904
(66,1) 451900
(89,1) 465545
(28,1) 451900
(43,1) 465590
(3,1) 451899
(37,1) 451901
(14,1) 465588
(40,1) 465564
(52,1) 465525
(75,1) 465557
(92,1) 451902
(48,1) 451930
(23,1) 465539
(69,1) 451879
(86,1) 451887
(83,1) 465565
(34,1) 451906
(17,1) 465554
(55,1) 451892
(6,1) 451882
(97,1) 465546
(51,1) 451909
(26,1) 451884
(80,1) 465572
(41,1) 451896
(68,1) 465568
(49,1) 465557
(12,1) 451881
(35,1) 465577
(54,1) 451895
(5,1) 451896
(94,1) 465571
(71,1) 465563
(77,1) 465554
(21,1) 485104
(29,1) 451899
(46,1) 451900
(88,1) 465560
(63,1) 465559
(60,1) 465559
(15,1) 451900
(0,1) 465555
(91,1) 349174
(8,1) 465549
(32,1) 465548
(57,1) 451892
(74,1) 451884
(24,1) 465549
(47,1) 451901
(99,1) 465536
(82,1) 451922
(85,1) 451914
(33,1) 465552
(10,1) 451882
(7,1) 465543
(79,1) 451902
(18,1) 451892
(56,1) 465541
(73,1) 465561
(96,1) 451893
(44,1) 451889
(27,1) 451910
(65,1) 465552
(2,1) 465536
(62,1) 451905
(13,1) 465571
(30,1) 451896
(38,1) 465543
(93,1) 465553
(76,1) 465564
(59,1) 465568
(22,1) 338900
(45,1) 451888
(87,1) 465566
(64,1) 465567
(84,1) 451888
(61,1) 451909
(1,1) 451915
(31,1) 451889
(16,1) 451883
(9,1) 451888
(39,1) 465535
(90,1) 465555
(58,1) 451905
(98,1) 465552
(25,1) 465567
(50,1) 451919
(42,1) 465556
(81,1) 451908
(67,1) 451879
(36,1) 451887
(4,1) 451880
(11,1) 465549
(78,1) 465564
(53,1) 451897
(19,1) 465562
(70,1) 465565
(95,1) 465559
