(72,1) 482245
(20,1) 478839
(66,1) 395196
(28,1) 408739
(89,1) 292639
(43,1) 469245
(3,1) 291301
(37,1) 479100
(40,1) 398016
(14,1) 286360
(52,1) 361868
(92,1) 438145
(75,1) 482348
(48,1) 482765
(23,1) 429475
(69,1) 478842
(86,1) 472989
(83,1) 365629
(34,1) 359619
(17,1) 292256
(55,1) 486860
(6,1) 408646
(97,1) 360672
(26,1) 291277
(51,1) 476142
(80,1) 362416
(41,1) 292302
(49,1) 358261
(68,1) 353688
(12,1) 362742
(35,1) 473072
(54,1) 423510
(5,1) 486556
(94,1) 360719
(71,1) 408832
(77,1) 361694
(21,1) 469657
(29,1) 387780
(88,1) 470262
(63,1) 359946
(46,1) 395252
(60,1) 429618
(15,1) 423524
(0,1) 359662
(91,1) 476451
(8,1) 429601
(32,1) 408848
(57,1) 361905
(74,1) 469660
(24,1) 398213
(47,1) 482525
(99,1) 469901
(82,1) 395327
(85,1) 362638
(33,1) 411060
(10,1) 365587
(7,1) 411150
(79,1) 469351
(18,1) 437850
(56,1) 398572
(73,1) 476130
(96,1) 482258
(44,1) 437927
(27,1) 374297
(65,1) 358101
(2,1) 374043
(62,1) 401440
(13,1) 425553
(30,1) 386442
(38,1) 409113
(93,1) 308947
(59,1) 387488
(76,1) 472895
(22,1) 315312
(45,1) 401837
(87,1) 425352
(64,1) 374240
(84,1) 401651
(61,1) 486706
(1,1) 360729
(31,1) 425847
(16,1) 409202
(39,1) 386387
(9,1) 291456
(90,1) 393715
(58,1) 393419
(98,1) 386281
(50,1) 285395
(25,1) 315408
(42,1) 423804
(81,1) 365532
(67,1) 387435
(36,1) 426124
(4,1) 425713
(11,1) 482517
(78,1) 425470
(19,1) 357754
(53,1) 315405
(70,1) 393499
(95,1) 411058
