(24928,1) 15658
(51196,1) 14901
(68192,1) 15037
(56884,1) 13872
(17396,1) 14444
(69288,1) 15413
(64391,1) 15311
(14209,1) 15080
(1500,1) 15140
(57739,1) 14456
(42913,1) 14239
(33887,1) 14608
(65487,1) 14659
(30127,1) 15219
(49786,1) 14293
(73898,1) 14824
(76923,1) 15140
(27072,1) 14650
(8029,1) 14111
(28603,1) 15663
(20337,1) 15294
(8487,1) 14493
(34984,1) 14751
(33532,1) 14553
(23844,1) 14772
(89466,1) 14892
(85424,1) 14507
(91081,1) 14368
(3934,1) 14927
(82032,1) 14880
(47949,1) 14876
(87261,1) 14297
(40720,1) 14298
(57511,1) 13995
(12957,1) 14979
(18493,1) 14649
(38797,1) 14682
(76247,1) 14995
(55215,1) 14305
(78416,1) 14298
(60209,1) 14967
(46038,1) 14499
(63500,1) 14645
(35049,1) 14426
(13456,1) 14530
(67885,1) 14790
(88943,1) 14092
(70838,1) 14930
(12474,1) 14932
(3577,1) 14150
(82351,1) 14261
(70126,1) 14681
(29470,1) 14850
(69939,1) 13770
(765,1) 14706
(90774,1) 14747
(68969,1) 14740
(87924,1) 14496
(41612,1) 14039
(58848,1) 14736
(31019,1) 14534
(2506,1) 15183
(45666,1) 14373
(46075,1) 14653
(69264,1) 14638
(89417,1) 14188
(98135,1) 14503
(1843,1) 15162
(879,1) 14728
(58926,1) 15091
(62325,1) 14182
(41726,1) 14860
(21638,1) 15158
(1155,1) 15041
(52191,1) 14287
(87732,1) 15234
(74181,1) 14898
(33442,1) 14847
(58492,1) 14387
(35623,1) 14577
(90365,1) 14244
(34133,1) 13611
(22940,1) 14473
(54118,1) 14755
(23730,1) 14108
(40871,1) 14559
(64964,1) 15435
(17269,1) 14765
(21765,1) 14740
(62173,1) 14822
(45858,1) 15636
(917,1) 14973
(43412,1) 15403
(30217,1) 14104
(4802,1) 14175
(65794,1) 15228
(6614,1) 14138
(24698,1) 14310
(66814,1) 14386
(98504,1) 14623
(43485,1) 15171
(33838,1) 14420
(1777,1) 14585
(19565,1) 14321
(56414,1) 15471
(57866,1) 14387
(30905,1) 15012
(27162,1) 14452
(49443,1) 14559
(9482,1) 14475
(10408,1) 14367
(12449,1) 15131
(47745,1) 15473
(84622,1) 14685
(76681,1) 14393
(24863,1) 14354
(46534,1) 15585
(25083,1) 15143
(74385,1) 14342
(21597,1) 14014
(34362,1) 14948
(99637,1) 13947
(51021,1) 14099
(62710,1) 14942
(45208,1) 15139
(18621,1) 14066
(69096,1) 14651
(30074,1) 14069
(21356,1) 14607
(96359,1) 14481
(43932,1) 14910
(84199,1) 14652
(62591,1) 15200
(12576,1) 14294
(18506,1) 14596
(30737,1) 14842
(16492,1) 14324
(68458,1) 15150
(15228,1) 15219
(56209,1) 14414
(4163,1) 13738
(43956,1) 14602
(70634,1) 15248
(13522,1) 14844
(87592,1) 15331
(19414,1) 14389
(59065,1) 14845
(20529,1) 14854
(69796,1) 14826
(83549,1) 14443
(67133,1) 15386
(37513,1) 14260
(81699,1) 13931
(80247,1) 15278
(71795,1) 13855
(45477,1) 13476
(16124,1) 14701
(9891,1) 14314
(80018,1) 14456
(97116,1) 15003
(32038,1) 14211
(11693,1) 14536
(23794,1) 14724
(63335,1) 14223
(11389,1) 15509
(17982,1) 14727
(16530,1) 14307
(19541,1) 14652
(68728,1) 14647
(45580,1) 13957
(17867,1) 14775
(16226,1) 15417
(29851,1) 14046
(5325,1) 14794
(6242,1) 14704
(80121,1) 15320
(22645,1) 15304
(44266,1) 14852
(62812,1) 14819
(85677,1) 14672
(94653,1) 13730
(72623,1) 15291
(39105,1) 15130
(24887,1) 14523
(42581,1) 13953
(69215,1) 15259
(95607,1) 13914
(32026,1) 15061
(17167,1) 15245
(62263,1) 13897
(23667,1) 14960
(23541,1) 14300
(91945,1) 15028
(56847,1) 14870
(85703,1) 13301
(78760,1) 15215
(82375,1) 14729
(26270,1) 14082
(3222,1) 14493
(17294,1) 14306
(51210,1) 13815
(54208,1) 14041
(52497,1) 14626
(91781,1) 14445
(62136,1) 15089
(78924,1) 14748
(91465,1) 14689
(88971,1) 14889
(59846,1) 14534
(38160,1) 14294
(89528,1) 14609
(61129,1) 14843
(12997,1) 15204
(63540,1) 14447
(49230,1) 14872
(79210,1) 14600
(28655,1) 15272
(1127,1) 14514
(60708,1) 15938
(53693,1) 14673
(85052,1) 14317
(25526,1) 15068
(52780,1) 14559
(42438,1) 14339
(52916,1) 15328
(41468,1) 14442
(94296,1) 15162
(15736,1) 14670
(71161,1) 14377
(28370,1) 15043
(72750,1) 14306
(54297,1) 14267
(15334,1) 13985
(21942,1) 14453
(13980,1) 15303
(80211,1) 15074
(35479,1) 14821
(2189,1) 14644
(8218,1) 13823
(96110,1) 14564
(57814,1) 15042
(62616,1) 15033
(92493,1) 14511
(18955,1) 14637
(46697,1) 15041
(30167,1) 14920
(2314,1) 14798
(71824,1) 13475
(49217,1) 13968
(15253,1) 15008
(86902,1) 14674
(52445,1) 14350
(83373,1) 14349
(96704,1) 14387
(73940,1) 14822
(59089,1) 13905
(93679,1) 14711
(1049,1) 14671
(24532,1) 14045
(94260,1) 14260
(58418,1) 14702
(93303,1) 14742
(85805,1) 14401
(86332,1) 15033
(21323,1) 14769
(66166,1) 14519
(62557,1) 14857
(48972,1) 14998
(21930,1) 14569
(37673,1) 14409
(79426,1) 14271
(7624,1) 14220
(61085,1) 15389
(24191,1) 14238
(33012,1) 15126
(21406,1) 14883
(85145,1) 14414
(49542,1) 14363
(48284,1) 14718
(33111,1) 14079
(63744,1) 15094
(85476,1) 15131
(90001,1) 15520
(72991,1) 14102
(7273,1) 13977
(93568,1) 14998
(51671,1) 14599
(95578,1) 14601
(84482,1) 14153
(88766,1) 14576
(48223,1) 14084
(87486,1) 14063
(87314,1) 14988
(90266,1) 14563
(83525,1) 14314
(52857,1) 14506
(3688,1) 14276
(79128,1) 14466
(66154,1) 15344
(179,1) 14759
(27510,1) 14890
(45994,1) 14584
(80088,1) 14456
(22195,1) 14802
(13419,1) 14567
(63434,1) 14923
(27940,1) 14197
(52833,1) 14764
(17839,1) 14509
(58025,1) 14750
(1062,1) 14582
(3123,1) 14568
(83348,1) 15106
(32312,1) 14868
(88137,1) 15108
(54843,1) 15433
(20374,1) 13719
(36732,1) 14371
(48412,1) 14965
(36961,1) 15403
(42962,1) 14791
(70045,1) 14205
(28733,1) 15359
(71919,1) 14795
(6086,1) 14961
(33941,1) 14964
(90377,1) 15358
(21242,1) 14502
(85599,1) 14897
(84577,1) 14280
(46156,1) 13918
(69279,1) 14978
(66953,1) 14738
(99706,1) 14652
(51794,1) 14513
(14172,1) 15178
(34322,1) 14592
(92598,1) 14859
(4587,1) 15272
(97468,1) 15033
(27871,1) 13980
(2973,1) 15116
(23394,1) 14747
(18162,1) 15373
(69503,1) 15007
(42343,1) 14541
(92787,1) 14786
(29721,1) 15275
(22171,1) 14465
(85616,1) 15011
(30498,1) 15281
(37742,1) 14845
(53632,1) 13984
(94436,1) 14569
(50435,1) 15059
(45576,1) 14940
(1297,1) 15061
(48601,1) 14297
(77136,1) 14055
(76502,1) 14499
(16022,1) 14701
(70968,1) 14755
(64292,1) 15084
(76232,1) 14865
(9792,1) 14588
(12422,1) 14254
(26335,1) 15108
(25497,1) 15487
(46633,1) 14750
(92775,1) 14118
(92345,1) 15088
(66547,1) 14785
(47844,1) 14905
(59037,1) 14769
(47773,1) 14379
(85427,1) 14737
(30393,1) 14262
(6855,1) 14848
(86103,1) 14754
(74652,1) 14984
(64174,1) 14865
(32218,1) 14919
(63152,1) 14899
(56863,1) 14228
(38752,1) 14503
(4310,1) 13923
(91670,1) 14712
(81393,1) 14966
(21372,1) 13633
(15989,1) 14837
(5563,1) 14406
(94878,1) 14320
(72443,1) 14700
(25325,1) 14945
(13862,1) 14864
(40682,1) 14299
(88472,1) 15161
(20779,1) 14572
(13279,1) 14406
(45399,1) 14563
(87113,1) 14052
(17651,1) 15404
(4309,1) 14901
(28787,1) 14094
(12945,1) 14921
(69580,1) 14204
(30381,1) 15494
(53121,1) 14880
(74640,1) 15348
(54401,1) 15651
(60819,1) 14850
(96399,1) 14876
(70593,1) 15147
(99854,1) 14988
(57911,1) 15256
(36970,1) 14480
(94622,1) 14799
(91276,1) 14211
(88782,1) 14983
(78933,1) 14687
(80457,1) 14820
(34559,1) 14906
(53514,1) 14509
(24792,1) 14725
(73921,1) 14889
(1809,1) 15183
(16436,1) 14414
(5713,1) 14329
(63431,1) 15289
(89042,1) 14139
(8509,1) 14948
(51265,1) 13457
(49145,1) 14205
(37998,1) 14970
(10157,1) 15179
(46234,1) 14795
(47615,1) 14342
(82420,1) 14500
(38727,1) 14673
(94175,1) 14260
(95651,1) 15108
(72093,1) 14906
(76304,1) 14674
(5176,1) 15271
(50900,1) 15242
(99748,1) 14764
(32150,1) 14755
(79925,1) 15082
(7128,1) 15188
(33166,1) 13897
(92946,1) 14978
(74950,1) 15697
(25660,1) 14531
(96483,1) 15007
(56265,1) 14849
(24516,1) 13841
(72973,1) 15238
(82583,1) 14952
(79733,1) 13985
(49384,1) 14128
(54074,1) 14928
(69515,1) 14522
(55900,1) 14915
(34523,1) 14323
(91366,1) 14482
(11080,1) 14569
(29220,1) 14625
(86656,1) 15145
(11319,1) 14937
(55834,1) 14231
(67142,1) 15190
(71166,1) 14528
(51550,1) 13905
(490,1) 14450
(10959,1) 14576
(11332,1) 14377
(12188,1) 14627
(39709,1) 15166
(45595,1) 15513
(54850,1) 14923
(19598,1) 15318
(16412,1) 14547
(64540,1) 14811
(88302,1) 14191
(69357,1) 15035
(69588,1) 13969
(79937,1) 14624
(30118,1) 15238
(98472,1) 15260
(84222,1) 14541
(62244,1) 14631
(41506,1) 15245
(65370,1) 14114
(27691,1) 14399
(74835,1) 14478
(66743,1) 14698
(85238,1) 14858
(25086,1) 14238
(52427,1) 14121
(54338,1) 15241
(79745,1) 13565
(31409,1) 15294
(83035,1) 14581
(18846,1) 14515
(27642,1) 14534
(49789,1) 14148
(49359,1) 14848
(77353,1) 15706
(17518,1) 13679
(46162,1) 13950
(23646,1) 15121
(71238,1) 14753
(94848,1) 14348
(49681,1) 14909
(77656,1) 14679
(23915,1) 14203
(18375,1) 15015
(87396,1) 14262
(64719,1) 14960
(48211,1) 14432
(82493,1) 14936
(50744,1) 14755
(54533,1) 14824
(26809,1) 14196
(92513,1) 14700
(76238,1) 14814
(73449,1) 14692
(67888,1) 14194
(24960,1) 14288
(62471,1) 14646
(40162,1) 15087
(25594,1) 15016
(53753,1) 14175
(50234,1) 14364
(30131,1) 14526
(73540,1) 14190
(1725,1) 14542
(975,1) 15162
(39138,1) 14951
(89829,1) 15472
(71263,1) 14228
(58972,1) 15298
(56078,1) 14877
(66334,1) 13468
(84667,1) 14429
(8147,1) 14557
(70613,1) 14246
(77632,1) 14713
(32772,1) 15057
(10604,1) 14673
(66123,1) 14213
(72961,1) 14309
(29922,1) 14287
(44641,1) 15335
(15554,1) 14333
(63694,1) 14827
(35118,1) 14770
(93736,1) 14805
(73321,1) 14365
(71390,1) 14902
(79633,1) 13645
(85619,1) 14496
(25611,1) 14675
(83084,1) 15058
(86384,1) 14588
(46579,1) 14836
(97629,1) 14688
(41174,1) 14834
(90792,1) 14595
(28504,1) 13718
(95675,1) 15429
(9671,1) 14233
(23622,1) 14733
(38674,1) 14916
(88035,1) 14817
(64906,1) 14882
(27979,1) 15024
(7639,1) 14660
(28329,1) 15139
(37922,1) 14717
(15575,1) 14808
(19761,1) 15098
(43327,1) 14716
(46639,1) 14284
(93922,1) 14703
(24398,1) 14671
(95349,1) 14776
(36548,1) 13786
(88047,1) 14517
(31539,1) 14233
(40291,1) 14985
(59707,1) 14147
(85968,1) 14267
(56099,1) 14344
(53777,1) 13901
(92435,1) 14005
(18234,1) 14988
(42965,1) 15153
(12011,1) 14465
(23700,1) 15514
(20675,1) 14026
(32682,1) 14581
(85303,1) 15660
(2522,1) 14588
(16855,1) 14519
(13416,1) 14960
(83156,1) 14071
(54822,1) 14891
(88225,1) 14737
(84562,1) 14729
(29029,1) 14601
(44722,1) 14084
(64877,1) 14696
(42117,1) 14813
(84814,1) 15339
(49575,1) 15120
(611,1) 14359
(10814,1) 15492
(59112,1) 14302
(40531,1) 15162
(23391,1) 15021
(69305,1) 14698
(23862,1) 14909
(35443,1) 14493
(51075,1) 14951
(70076,1) 15309
(95334,1) 15086
(17217,1) 14784
(60204,1) 14779
(76677,1) 14364
(21,1) 14747
(7615,1) 15419
(32568,1) 14495
(35109,1) 13900
(86960,1) 14354
(90309,1) 14481
(32519,1) 14938
(10919,1) 13935
(94022,1) 14663
(48327,1) 15431
(98577,1) 14386
(24830,1) 14425
(55586,1) 14947
(83399,1) 14165
(69077,1) 14300
(69868,1) 14713
(94398,1) 13761
(35605,1) 15857
(80473,1) 15024
(76928,1) 14497
(97918,1) 14535
(43968,1) 14506
(27030,1) 14425
(77543,1) 13656
(15551,1) 15298
(45786,1) 14739
(64143,1) 14599
(89424,1) 15167
(87359,1) 14336
(91062,1) 14403
(62739,1) 14412
(97147,1) 13979
(83558,1) 15481
(83465,1) 15063
(62090,1) 14145
(59809,1) 14918
(91155,1) 14668
(11040,1) 13954
(4923,1) 14892
(76356,1) 14699
(43214,1) 14940
(15485,1) 15209
(30670,1) 14602
(21533,1) 14879
(66313,1) 14808
(60366,1) 14679
(80713,1) 14295
(52461,1) 14605
(61739,1) 14682
(32134,1) 15070
(49514,1) 14322
(42859,1) 14565
(9018,1) 15389
(72864,1) 14532
(47300,1) 14969
(3380,1) 15089
(49701,1) 14452
(41766,1) 14279
(99374,1) 14535
(84920,1) 15434
(24857,1) 14882
(79941,1) 14307
(45506,1) 14335
(78730,1) 14377
(19035,1) 15024
(67848,1) 15355
(13770,1) 14698
(73231,1) 14935
(18988,1) 14961
(42039,1) 14599
(45450,1) 14598
(55269,1) 14539
(19379,1) 14424
(93764,1) 14955
(3249,1) 15323
(43749,1) 14491
(3181,1) 14483
(63561,1) 14598
(60111,1) 14606
(53436,1) 14850
(49003,1) 15214
(26626,1) 14276
(41717,1) 14757
(14246,1) 15218
(17701,1) 14802
(13465,1) 14527
(13895,1) 14342
(33426,1) 14824
(83441,1) 14680
(29123,1) 14426
(4517,1) 14103
(92553,1) 14807
(29415,1) 15104
(90452,1) 15876
(44749,1) 14597
(71965,1) 14628
(10234,1) 14995
(20987,1) 14114
(92918,1) 14661
(63479,1) 14350
(44437,1) 14442
(82099,1) 14825
(43052,1) 14831
(64910,1) 14893
(21140,1) 14036
(97366,1) 14911
(81696,1) 14383
(76287,1) 14642
(21314,1) 14347
(8331,1) 14660
(34649,1) 14526
(59444,1) 14457
(57935,1) 14480
(28147,1) 14591
(74243,1) 14491
(26103,1) 14257
(493,1) 14202
(95602,1) 14947
(39613,1) 14261
(7270,1) 15325
(91378,1) 15235
(29334,1) 14410
(57120,1) 14444
(25010,1) 14342
(15514,1) 15269
(55270,1) 14540
(27054,1) 14717
(809,1) 15132
(86031,1) 14818
(13372,1) 14850
(55793,1) 14895
(81591,1) 13324
(57643,1) 14521
(84708,1) 14104
(10015,1) 14269
(33357,1) 14168
(40020,1) 14519
(90719,1) 14270
(13806,1) 14500
(37146,1) 14636
(47039,1) 14217
(40113,1) 15131
(38706,1) 15125
(38949,1) 15039
(94966,1) 14519
(55994,1) 13934
(3166,1) 15282
(71201,1) 14552
(13274,1) 14571
(14084,1) 13470
(15455,1) 14252
(83392,1) 14959
(13033,1) 14725
(30690,1) 14945
(61238,1) 14639
(51792,1) 14950
(16826,1) 13888
(87513,1) 14514
(6718,1) 14937
(36958,1) 14605
(64905,1) 14786
(73107,1) 14774
(79331,1) 14581
(51149,1) 14391
(54931,1) 14256
(74285,1) 14699
(64917,1) 13899
(342,1) 13680
(43368,1) 15487
(2001,1) 14661
(56334,1) 15066
(15467,1) 13969
(82193,1) 15018
(36672,1) 14603
(1398,1) 15016
(93182,1) 14226
(59026,1) 14623
(26571,1) 14080
(27611,1) 15279
(72882,1) 15516
(5576,1) 14300
(94312,1) 14391
(13847,1) 14379
(77849,1) 13868
(1043,1) 14391
(29746,1) 14335
(92921,1) 13926
(81428,1) 14702
(7597,1) 14541
(23649,1) 15173
(36569,1) 15126
(13286,1) 14009
(42583,1) 14013
(86154,1) 14260
(21240,1) 14407
(98779,1) 15041
(58012,1) 14882
(58138,1) 15476
(22483,1) 13697
(59496,1) 14379
(37941,1) 14638
(10112,1) 14751
(41552,1) 14774
(78840,1) 14777
(38153,1) 15083
(44715,1) 14641
(88359,1) 14251
(42870,1) 14968
(48229,1) 14402
(88666,1) 14956
(11629,1) 14322
(29370,1) 14446
(63960,1) 14462
(16584,1) 14296
(7070,1) 15092
(22229,1) 14895
(46863,1) 14510
(75566,1) 14935
(9586,1) 14236
(90261,1) 14452
(94737,1) 14383
(55315,1) 14890
(90810,1) 14846
(60200,1) 14440
(60796,1) 14557
(15479,1) 14327
(32629,1) 15287
(34249,1) 15065
(36684,1) 14894
(1534,1) 13960
(41953,1) 14923
(73312,1) 15038
(32289,1) 14350
(2324,1) 15202
(82005,1) 14517
(80770,1) 14538
(63870,1) 15132
(23572,1) 14134
(46454,1) 14653
(1726,1) 14874
(92290,1) 15194
(73094,1) 14314
(47591,1) 14409
(55298,1) 14239
(3232,1) 15055
(2210,1) 14920
(71262,1) 15710
(22005,1) 14106
(9598,1) 13479
(50847,1) 14960
(85713,1) 15014
(31680,1) 13860
(4620,1) 15315
(99495,1) 14368
(31978,1) 14983
(40999,1) 14057
(86477,1) 14697
(92491,1) 15159
(72821,1) 14732
(55671,1) 14225
(21689,1) 14668
(66144,1) 14890
(37875,1) 14783
(20413,1) 14866
(1980,1) 14206
(48618,1) 14741
(50990,1) 14089
(54390,1) 14552
(72215,1) 13990
(27888,1) 13958
(3735,1) 14751
(31037,1) 15218
(35703,1) 14648
(64077,1) 15009
(50347,1) 15133
(75165,1) 15449
(34831,1) 14479
(18867,1) 14944
(25507,1) 14047
(47476,1) 14826
(92581,1) 15010
(95256,1) 14647
(99406,1) 14880
(47661,1) 14070
(31991,1) 14125
(54787,1) 14800
(50860,1) 14684
(97045,1) 14892
(50977,1) 15128
(78176,1) 14637
(98497,1) 15092
(6502,1) 15417
(50651,1) 14590
(92118,1) 15274
(61484,1) 14226
(35351,1) 14573
(47964,1) 14896
(63301,1) 15049
(7986,1) 14441
(15156,1) 14727
(94025,1) 15012
(17738,1) 14802
(29292,1) 14649
(97826,1) 14554
(83622,1) 14563
(97057,1) 14313
(41339,1) 14925
(82819,1) 14460
(18364,1) 14216
(46838,1) 14143
(96570,1) 14235
(52078,1) 15402
(84505,1) 14332
(72706,1) 14797
(53314,1) 14834
(87852,1) 14053
(16122,1) 14417
(87619,1) 14760
(25831,1) 15087
(23809,1) 14873
(98849,1) 14761
(7998,1) 15002
(45091,1) 14729
(33714,1) 14942
(89432,1) 14059
(77072,1) 14868
(93911,1) 14107
(75656,1) 14799
(7418,1) 15002
(86489,1) 14182
(12509,1) 14644
(86003,1) 13743
(35673,1) 14781
(91820,1) 13669
(16970,1) 14813
(92596,1) 14741
(24418,1) 14349
(88111,1) 14754
(16294,1) 14544
(24934,1) 15133
(68403,1) 14149
(94090,1) 15021
(42771,1) 14824
(91418,1) 15548
(45635,1) 14471
(33938,1) 15523
(10402,1) 14882
(62134,1) 14337
(68014,1) 14352
(49036,1) 14444
(44814,1) 14139
(42382,1) 14513
(15931,1) 14676
(35329,1) 14885
(26645,1) 15305
(79061,1) 15070
(40176,1) 15241
(29075,1) 14302
(94249,1) 14731
(88088,1) 14518
(47657,1) 15083
(41249,1) 14294
(75284,1) 15090
(14297,1) 14849
(7533,1) 14511
(54079,1) 14859
(68783,1) 15062
(83764,1) 14425
(37968,1) 15283
(21497,1) 15097
(72509,1) 15146
(21141,1) 14832
(16466,1) 14567
(15014,1) 15765
(41858,1) 14968
(4713,1) 14110
(67088,1) 14887
(33845,1) 14997
(48041,1) 15109
(60768,1) 14431
(93919,1) 15083
(45820,1) 14855
(61140,1) 14842
(18164,1) 14071
(21715,1) 14343
(12628,1) 15268
(64876,1) 15254
(58772,1) 14917
(23940,1) 14424
(63046,1) 14799
(10680,1) 15280
(92789,1) 15058
(49874,1) 13701
(14125,1) 14780
(83326,1) 14080
(93645,1) 14265
(76504,1) 14495
(81007,1) 14978
(95142,1) 14841
(84002,1) 14442
(20974,1) 14238
(11166,1) 14531
(66783,1) 14396
(64982,1) 13945
(88993,1) 15004
(45247,1) 14757
(53106,1) 14448
(10574,1) 15050
(37474,1) 15377
(51912,1) 14302
(96979,1) 14251
(9415,1) 14599
(91960,1) 14695
(72649,1) 14737
(92183,1) 14784
(75296,1) 15435
(9816,1) 14629
(97515,1) 14820
(7443,1) 14622
(62651,1) 14567
(10034,1) 14764
(85221,1) 14635
(29144,1) 14731
(96193,1) 14735
(46478,1) 14890
(17263,1) 14877
(19707,1) 14926
(43406,1) 14275
(31460,1) 14577
(50241,1) 14569
(41871,1) 14270
(71986,1) 14750
(52197,1) 14781
(38479,1) 14584
(55222,1) 14120
(50508,1) 15091
(66746,1) 14406
(62596,1) 14919
(78077,1) 14410
(51668,1) 14720
(87206,1) 14808
(46053,1) 14931
(21276,1) 14802
(98134,1) 14254
(54934,1) 15212
(59861,1) 14354
(56784,1) 14846
(95114,1) 15231
(91067,1) 14297
(94716,1) 14568
(12083,1) 15100
(84182,1) 15403
(78357,1) 14940
(5293,1) 14821
(27647,1) 14430
(24828,1) 14230
(15452,1) 14625
(53059,1) 14582
(40586,1) 14583
(74802,1) 14385
(472,1) 14647
(22406,1) 15026
(3157,1) 14644
(65977,1) 15633
(98718,1) 14874
(99294,1) 14738
(90519,1) 15378
(19768,1) 14830
(90743,1) 14732
(81419,1) 14812
(40369,1) 14248
(97949,1) 14058
(93522,1) 15165
(89084,1) 14480
(57050,1) 15056
(79392,1) 14866
(39098,1) 14426
(28797,1) 14687
(75349,1) 15053
(51644,1) 14580
(93207,1) 14058
(69474,1) 14545
(23106,1) 14511
(30985,1) 14738
(77566,1) 14113
(73816,1) 15078
(55050,1) 14419
(47915,1) 14419
(59246,1) 15121
(71629,1) 15123
(68150,1) 15131
(31484,1) 14762
(44773,1) 14582
(18221,1) 15384
(32837,1) 14599
(3322,1) 14998
(69501,1) 14968
(21767,1) 15116
(66373,1) 14585
(84054,1) 14127
(11503,1) 14473
(53084,1) 14846
(35076,1) 15041
(6563,1) 15425
(30150,1) 14580
(11621,1) 14209
(29240,1) 14684
(98689,1) 14814
(190,1) 14421
(70779,1) 14943
(32044,1) 15124
(67606,1) 15043
(12665,1) 15242
(12911,1) 14735
(84567,1) 14536
(90380,1) 14602
(61341,1) 15137
(31010,1) 14541
(76650,1) 13932
(74079,1) 14903
(83044,1) 15273
(77605,1) 15047
(54595,1) 14354
(71151,1) 13884
(78627,1) 14635
(38030,1) 15029
(33275,1) 14693
(51470,1) 14684
(34054,1) 14255
(32511,1) 13733
(88064,1) 15249
(40603,1) 14154
(56374,1) 14490
(447,1) 13964
(73566,1) 14536
(56425,1) 14996
(12086,1) 15262
(11471,1) 14590
(76236,1) 15357
(47594,1) 14554
(81394,1) 15184
(68535,1) 15341
(88747,1) 14425
(12326,1) 14210
(27771,1) 14737
(44683,1) 14799
(61422,1) 14899
(16013,1) 14896
(11309,1) 14968
(70127,1) 15191
(2081,1) 14889
(46966,1) 14492
(82787,1) 15323
(79045,1) 15104
(37332,1) 14240
(7654,1) 13882
(99612,1) 14422
(67416,1) 14546
(19853,1) 14919
(64482,1) 14344
(82272,1) 14424
(83288,1) 14616
(44155,1) 14590
(36315,1) 14510
(62839,1) 15011
(72537,1) 14525
(38246,1) 14204
(17191,1) 14143
(33404,1) 15467
(49877,1) 14070
(52247,1) 14636
(836,1) 14553
(24896,1) 14293
(84670,1) 14175
(80527,1) 15176
(82890,1) 15545
(67655,1) 14794
(58711,1) 14807
(54896,1) 14363
(59601,1) 13771
(70919,1) 14669
(45147,1) 15057
(31432,1) 14583
(93401,1) 14519
(14016,1) 14815
(13126,1) 14928
(49008,1) 14581
(91080,1) 15347
(99396,1) 14647
(17670,1) 14721
(80654,1) 14395
(1406,1) 14410
(38132,1) 14900
(92210,1) 13917
(48345,1) 14645
(27520,1) 15105
(17268,1) 15109
(43301,1) 14944
(93341,1) 14644
(57994,1) 14885
(29575,1) 14461
(99863,1) 15373
(90502,1) 13910
(6212,1) 14602
(8394,1) 14918
(97615,1) 14449
(68912,1) 14784
(43918,1) 15422
(91860,1) 15178
(99989,1) 15267
(7828,1) 14738
(64104,1) 15092
(50807,1) 14014
(24356,1) 14874
(47102,1) 14977
(30290,1) 14172
(73980,1) 14916
(84029,1) 14539
(29563,1) 15187
(83366,1) 14531
(47455,1) 14427
(58220,1) 14574
(33769,1) 14656
(64542,1) 14326
(82573,1) 15486
(8106,1) 14998
(7778,1) 15156
(7617,1) 14423
(90526,1) 14691
(2279,1) 14568
(77983,1) 14675
(23,1) 14937
(37920,1) 14317
(78305,1) 14876
(98523,1) 15337
(88281,1) 14298
(43452,1) 14498
(80971,1) 14397
(61648,1) 14252
(28595,1) 15086
(84760,1) 14564
(5418,1) 15400
(92696,1) 14412
(67866,1) 14906
(48010,1) 14597
(57604,1) 14988
(65335,1) 14611
(89674,1) 15118
(88434,1) 15028
(59930,1) 14513
(24913,1) 14431
(86163,1) 14920
(848,1) 14317
(35688,1) 14321
(3702,1) 14269
(41184,1) 14342
(65145,1) 15319
(90279,1) 14378
(55206,1) 14491
(54711,1) 14628
(97627,1) 14539
(65043,1) 14853
(51369,1) 14912
(499,1) 14843
(88561,1) 14432
(3673,1) 14255
(25198,1) 14298
(78444,1) 14834
(57369,1) 13894
(26968,1) 15504
(73249,1) 14728
(710,1) 14166
(58763,1) 15000
(94933,1) 14070
(27758,1) 13903
(662,1) 14038
(19272,1) 14117
(62672,1) 15400
(12009,1) 14744
(37829,1) 14067
(64295,1) 14217
(13856,1) 15182
(44419,1) 14351
(17832,1) 14028
(12297,1) 14471
(32551,1) 14942
(8417,1) 14751
(92572,1) 14737
(49452,1) 14553
(88884,1) 14455
(81584,1) 15001
(14053,1) 14811
(95079,1) 14461
(37092,1) 14944
(87118,1) 14851
(2746,1) 15288
(38091,1) 14976
(58543,1) 14354
(77480,1) 14930
(44700,1) 14751
(77666,1) 15081
(91769,1) 15362
(52953,1) 14214
(68762,1) 14671
(54220,1) 14814
(14041,1) 15220
(1129,1) 14174
(195,1) 14859
(70845,1) 14514
(31887,1) 14227
(97105,1) 14269
(73691,1) 14961
(56301,1) 15005
(58962,1) 15528
(38570,1) 15140
(28108,1) 14406
(78606,1) 15550
(23803,1) 15233
(34485,1) 15076
(27948,1) 14589
(92538,1) 14841
(62019,1) 14481
(10013,1) 13554
(67112,1) 14978
(64087,1) 15073
(62879,1) 15598
(14090,1) 14422
(30684,1) 14183
(40703,1) 14277
(9682,1) 14125
(47358,1) 14357
(55198,1) 14593
(11293,1) 13773
(63425,1) 15191
(71265,1) 14531
(30352,1) 14600
(89929,1) 13756
(32992,1) 14769
(12938,1) 14457
(29466,1) 14005
(10885,1) 14890
(82244,1) 14462
(86389,1) 15212
(44987,1) 14564
(59641,1) 14986
(2053,1) 15112
(39257,1) 14562
(27936,1) 14556
(11281,1) 13823
(98774,1) 14914
(77213,1) 14396
(55815,1) 14402
(84390,1) 15415
(74302,1) 14938
(99847,1) 14908
(32591,1) 14413
(85520,1) 14543
(28381,1) 14038
(8665,1) 14438
(96523,1) 14545
(67067,1) 14657
(85876,1) 15185
(9486,1) 14818
(81227,1) 14666
(87864,1) 13671
(70854,1) 14862
(92162,1) 14734
(63518,1) 14810
(65814,1) 14301
(12743,1) 14589
(64177,1) 14455
(21292,1) 14556
(67202,1) 14087
(76553,1) 14532
(96429,1) 14665
(68153,1) 14344
(54503,1) 14587
(66591,1) 14211
(11909,1) 14393
(90839,1) 13767
(51718,1) 14662
(56178,1) 14518
(77614,1) 14928
(71517,1) 15414
(41160,1) 15157
(82151,1) 14227
(52950,1) 14717
(59709,1) 14732
(67996,1) 15294
(60961,1) 15190
(88033,1) 14681
(2089,1) 15250
(22088,1) 14847
(11431,1) 14257
(28117,1) 13920
(94137,1) 14792
(7097,1) 15295
(99664,1) 14061
(28332,1) 14238
(18053,1) 14486
(98340,1) 14551
(38298,1) 14482
(15760,1) 14866
(69031,1) 15126
(71160,1) 14574
(4957,1) 14960
(50301,1) 14639
(45439,1) 14312
(97583,1) 14078
(82256,1) 15174
(88446,1) 14532
(48752,1) 14337
(21957,1) 15238
(72935,1) 13895
(93381,1) 14572
(81276,1) 14600
(29336,1) 14826
(83812,1) 14502
(14848,1) 14979
(24697,1) 14206
(63319,1) 15008
(49199,1) 14554
(48131,1) 14286
(57839,1) 14015
(24989,1) 14708
(75521,1) 15432
(90693,1) 14831
(67161,1) 14166
(689,1) 15166
(94551,1) 14844
(87848,1) 14208
(7669,1) 15582
(41017,1) 15079
(9844,1) 13746
(56422,1) 14996
(64153,1) 14750
(60060,1) 14517
(16171,1) 14991
(24393,1) 15085
(11187,1) 14845
(89812,1) 14686
(15337,1) 14407
(59969,1) 14759
(42155,1) 14063
(85077,1) 14560
(86471,1) 14470
(70233,1) 14525
(81929,1) 14534
(33891,1) 15443
(34672,1) 14426
(40459,1) 14591
(90997,1) 14392
(34104,1) 14711
(66900,1) 14890
(30502,1) 14684
(98575,1) 14491
(52844,1) 14803
(21746,1) 14501
(26673,1) 14257
(37960,1) 13858
(51239,1) 14679
(88657,1) 14442
(56166,1) 14368
(3483,1) 15117
(35522,1) 14590
(94218,1) 15012
(39797,1) 14729
(77719,1) 14318
(55969,1) 15089
(29137,1) 14624
(34286,1) 14500
(79066,1) 14382
(17909,1) 14153
(86868,1) 15026
(21815,1) 14271
(84219,1) 14623
(58422,1) 14600
(71850,1) 15630
(49759,1) 14541
(52259,1) 14940
(86301,1) 13910
(32566,1) 14945
(73768,1) 14250
(1008,1) 14749
(51601,1) 14954
(19126,1) 14332
(55689,1) 14411
(28928,1) 15088
(28941,1) 14215
(88008,1) 13925
(12504,1) 14765
(73570,1) 14547
(26462,1) 15175
(51402,1) 14383
(53969,1) 14571
(22778,1) 14224
(56247,1) 14225
(61396,1) 14103
(51122,1) 15147
(3085,1) 14540
(86390,1) 14438
(76407,1) 14710
(22685,1) 13487
(48248,1) 14592
(1763,1) 14907
(47398,1) 14454
(60737,1) 14037
(78010,1) 14371
(16345,1) 14705
(76775,1) 14916
(32275,1) 14194
(24527,1) 14349
(38131,1) 14839
(15019,1) 15357
(86348,1) 13842
(86222,1) 13639
(61285,1) 13923
(55833,1) 14732
(42638,1) 13922
(90168,1) 13664
(12773,1) 15395
(76661,1) 14861
(78166,1) 14487
(69677,1) 15014
(1339,1) 14779
(98332,1) 15003
(56013,1) 14328
(72721,1) 14843
(78040,1) 13867
(31625,1) 13785
(19062,1) 14462
(62128,1) 14416
(8304,1) 14534
(62141,1) 15072
(69219,1) 14373
(135,1) 14975
(82764,1) 13863
(10375,1) 14158
(84614,1) 14398
(28226,1) 13992
(65864,1) 14725
(17785,1) 14121
(54085,1) 15103
(78178,1) 14835
(36740,1) 15289
(14954,1) 15091
(14062,1) 14568
(73166,1) 14376
(1901,1) 13762
(30414,1) 14196
(74800,1) 14856
(18870,1) 14854
(56483,1) 15146
(59875,1) 14160
(68364,1) 14772
(70425,1) 14357
(24437,1) 15186
(54097,1) 14620
(58639,1) 14738
(17225,1) 15370
(50055,1) 15519
(69473,1) 14882
(25279,1) 14245
(83722,1) 13966
(53321,1) 15269
(29756,1) 14611
(12634,1) 14466
(57007,1) 14451
(80940,1) 14259
(36788,1) 15528
(39444,1) 14799
(91953,1) 14696
(5484,1) 14209
(65672,1) 14765
(71865,1) 15211
(4997,1) 14868
(78752,1) 14719
(75245,1) 15142
(26745,1) 14705
(72770,1) 14580
(66490,1) 14813
(78064,1) 14494
(22130,1) 14300
(35463,1) 13948
(79034,1) 14886
(21913,1) 14238
(71165,1) 14637
(88325,1) 14638
(32607,1) 14318
(83058,1) 14672
(85976,1) 14582
(64358,1) 14731
(47217,1) 14388
(12622,1) 15343
(30070,1) 14588
(30426,1) 15044
(28365,1) 14042
(93777,1) 14941
(7092,1) 14571
(15032,1) 14170
(10326,1) 14150
(64690,1) 14182
(34023,1) 15202
(74136,1) 14961
(35733,1) 14632
(37975,1) 14879
(15236,1) 14481
(99608,1) 14790
(29617,1) 14672
(68901,1) 14683
(48735,1) 14308
(25763,1) 14782
(14905,1) 14594
(2616,1) 14800
(85432,1) 15266
(20357,1) 14812
(99964,1) 14586
(26339,1) 14605
(45965,1) 14358
(89486,1) 14583
(10669,1) 13889
(23623,1) 14160
(17811,1) 14134
(89921,1) 14265
(70973,1) 14447
(2244,1) 14313
(89908,1) 14454
(30949,1) 14086
(86896,1) 15200
(42957,1) 14390
(18018,1) 15004
(14762,1) 14188
(92632,1) 14598
(6556,1) 14587
(62206,1) 14758
(38524,1) 14990
(69154,1) 14942
(14521,1) 15581
(18374,1) 14230
(22293,1) 14634
(87968,1) 14205
(49475,1) 14832
(31268,1) 14707
(95537,1) 14599
(23176,1) 14158
(54700,1) 14447
(72438,1) 14424
(70719,1) 15218
(82866,1) 14273
(64346,1) 14856
(83594,1) 13510
(22551,1) 15213
(68262,1) 15191
(91584,1) 14727
(12380,1) 14336
(36244,1) 13746
(94351,1) 14250
(39149,1) 14891
(7731,1) 14735
(76227,1) 14332
(39837,1) 14281
(71927,1) 14905
(28164,1) 14909
(43023,1) 14418
(47790,1) 13461
(8010,1) 14303
(94186,1) 14646
(55313,1) 14180
(88594,1) 14577
(27689,1) 14538
(94988,1) 14874
(69272,1) 14408
(1631,1) 14337
(31596,1) 14920
(12708,1) 14202
(40609,1) 14600
(28620,1) 15211
(7920,1) 14842
(30237,1) 14363
(73866,1) 14756
(61335,1) 14475
(43035,1) 14399
(90246,1) 14294
(47359,1) 14260
(35504,1) 14982
(35770,1) 14374
(57416,1) 14876
(85198,1) 14437
(65647,1) 15107
(50767,1) 14416
(5640,1) 14888
(38768,1) 14506
(15796,1) 14439
(66437,1) 14113
(64984,1) 13685
(62510,1) 15101
(56892,1) 14865
(45012,1) 14864
(5546,1) 15207
(42675,1) 14495
(39850,1) 15037
(3034,1) 14623
(16156,1) 14558
(8103,1) 14329
(93188,1) 14214
(91327,1) 14472
(59823,1) 14540
(52813,1) 14558
(32762,1) 14748
(53589,1) 15402
(28885,1) 13803
(22043,1) 14599
(99056,1) 14251
(66233,1) 13914
(21210,1) 14006
(68712,1) 14762
(81147,1) 14119
(52985,1) 14571
(2350,1) 14474
(54388,1) 15320
(73102,1) 14587
(61576,1) 15060
(66645,1) 14733
(83786,1) 14174
(73469,1) 15065
(84803,1) 14612
(43810,1) 14555
(43809,1) 14587
(48592,1) 13954
(8356,1) 14298
(11075,1) 14753
(44402,1) 15042
(91842,1) 15015
(56684,1) 15026
(15645,1) 14161
(51867,1) 13770
(1012,1) 14337
(22421,1) 14729
(87289,1) 14408
(98041,1) 14488
(63941,1) 14095
(7408,1) 15199
(40519,1) 14964
(87277,1) 14248
(7169,1) 14812
(16120,1) 15195
(26851,1) 14352
(35766,1) 14554
(36610,1) 14744
(49618,1) 14997
(57678,1) 13572
(58889,1) 14954
(37991,1) 14575
(4760,1) 14560
(79266,1) 14902
(74885,1) 14812
(3975,1) 14697
(44549,1) 14681
(21887,1) 14142
(9453,1) 14601
(57629,1) 14315
(83582,1) 14282
(46718,1) 14888
(90394,1) 14669
(90209,1) 14368
(44298,1) 14595
(28607,1) 14631
(26487,1) 14786
(30983,1) 14980
(23230,1) 15186
(4224,1) 14997
(87634,1) 14509
(28278,1) 14996
(5676,1) 14728
(85420,1) 14283
(8619,1) 13966
(91662,1) 14664
(20881,1) 14512
(10493,1) 14575
(99503,1) 14902
(67397,1) 14748
(27272,1) 14533
(90128,1) 14773
(38103,1) 15248
(12953,1) 14287
(78080,1) 13327
(25047,1) 14062
(6070,1) 14759
(57354,1) 15553
(42016,1) 14669
(63402,1) 14123
(24212,1) 13970
(31024,1) 14698
(71760,1) 14913
(32476,1) 14819
(81135,1) 15154
(17736,1) 13795
(62791,1) 14930
(11697,1) 14841
(81442,1) 14721
(97542,1) 14810
(13689,1) 14294
(24588,1) 14625
(48481,1) 14511
(42647,1) 14798
(57106,1) 14459
(25799,1) 14215
(25128,1) 13811
(30091,1) 13885
(14270,1) 15391
(79018,1) 14781
(52936,1) 14525
(30590,1) 13488
(15269,1) 14750
(99109,1) 14830
(22578,1) 14242
(9248,1) 14548
(34889,1) 14836
(35160,1) 15196
(21556,1) 14425
(58305,1) 14864
(19545,1) 15100
(88263,1) 14293
(66162,1) 15061
(37604,1) 14047
(56737,1) 15231
(81454,1) 14464
(28836,1) 14439
(84719,1) 15017
(3902,1) 14614
(1469,1) 14907
(38180,1) 14699
(57329,1) 14790
(82430,1) 14298
(38626,1) 14707
(57118,1) 14352
(66093,1) 14974
(93564,1) 14330
(26603,1) 14553
(53705,1) 14580
(59340,1) 14783
(17336,1) 14899
(67837,1) 14741
(40380,1) 14653
(30606,1) 14694
(20747,1) 14604
(60095,1) 14457
(97718,1) 14939
(51938,1) 13782
(68336,1) 15593
(4248,1) 14733
(8062,1) 13950
(64117,1) 14282
(3656,1) 14932
(54770,1) 14784
(78232,1) 14929
(61282,1) 14546
(11468,1) 14277
(55727,1) 14862
(81847,1) 15031
(31882,1) 14920
(68196,1) 14530
(9413,1) 14004
(85285,1) 14336
(41824,1) 15292
(8632,1) 14373
(66945,1) 14996
(82194,1) 14180
(62397,1) 14281
(37074,1) 14602
(18287,1) 15412
(93112,1) 15074
(31346,1) 15216
(55981,1) 14919
(1482,1) 15308
(46783,1) 14830
(45878,1) 14744
(32545,1) 14764
(29311,1) 14987
(99481,1) 15364
(17535,1) 14578
(56479,1) 14722
(55027,1) 14189
(3668,1) 15129
(23512,1) 14991
(13560,1) 14184
(68277,1) 14367
(66933,1) 14069
(50238,1) 14967
(97272,1) 14572
(72222,1) 14954
(21581,1) 14395
(13223,1) 15697
(42834,1) 13742
(39190,1) 14572
(48540,1) 13925
(2052,1) 15010
(97178,1) 14366
(40274,1) 14432
(44063,1) 15492
(8902,1) 14002
(96601,1) 14536
(89273,1) 15235
(21639,1) 15001
(94106,1) 13728
(90420,1) 15212
(56987,1) 14344
(6776,1) 14397
(68776,1) 14756
(10661,1) 13360
(9481,1) 14477
(68856,1) 14071
(75060,1) 14576
(14347,1) 14512
(89912,1) 14880
(54920,1) 13354
(81955,1) 14810
(34868,1) 14588
(16757,1) 14418
(52818,1) 14049
(43540,1) 14987
(65028,1) 15004
(21627,1) 14661
(66663,1) 13985
(97727,1) 14964
(50891,1) 14869
(19221,1) 14193
(2265,1) 14807
(78108,1) 14693
(80985,1) 14308
(98389,1) 14697
(63029,1) 15024
(46129,1) 14007
(59485,1) 14087
(50214,1) 14709
(65476,1) 14489
(73313,1) 14743
(55684,1) 14738
(17842,1) 14497
(8167,1) 14622
(63030,1) 14867
(5782,1) 14052
(32792,1) 15234
(89696,1) 14727
(72308,1) 14543
(98630,1) 15656
(2277,1) 14700
(92703,1) 14182
(6878,1) 14943
(91779,1) 14633
(67186,1) 15022
(34171,1) 13236
(7632,1) 14866
(60028,1) 14313
(1306,1) 13419
(8818,1) 14959
(30012,1) 15128
(54577,1) 15287
(2620,1) 15309
(15444,1) 14107
(32585,1) 14057
(47822,1) 14308
(20314,1) 14996
(97715,1) 14648
(59005,1) 14185
(78442,1) 14036
(59120,1) 14807
(69609,1) 15193
(59842,1) 14868
(41750,1) 15642
(23350,1) 14755
(94678,1) 15044
(52179,1) 14633
(28602,1) 14700
(70518,1) 13744
(77102,1) 14330
(16939,1) 14911
(92062,1) 14147
(8180,1) 14694
(32548,1) 14411
(66103,1) 14487
(11915,1) 14913
(35382,1) 14600
(82274,1) 15047
(60415,1) 14350
(91667,1) 14934
(44340,1) 14535
(33966,1) 14659
(50098,1) 14197
(5428,1) 14027
(51858,1) 14826
(1193,1) 14491
(8741,1) 14808
(14793,1) 14411
(58964,1) 15102
(1501,1) 14634
(52153,1) 14547
(17730,1) 14084
(69187,1) 15068
(61419,1) 15089
(89924,1) 13765
(24548,1) 14781
(2010,1) 14235
(41689,1) 14090
(26228,1) 14469
(41027,1) 15209
(42353,1) 14059
(98812,1) 14445
(24874,1) 15177
(3578,1) 15090
(26686,1) 14632
(75608,1) 15082
(66799,1) 13969
(84762,1) 14189
(50660,1) 14414
(42044,1) 14430
(53047,1) 14414
(57419,1) 14183
(46316,1) 14167
(4849,1) 14711
(13878,1) 14594
(47161,1) 14726
(17794,1) 14216
(91371,1) 14837
(4850,1) 14017
(92582,1) 14876
(88412,1) 14229
(51720,1) 14653
(73133,1) 14635
(78466,1) 14236
(38827,1) 14750
(91817,1) 14924
(14843,1) 15446
(93505,1) 14689
(34642,1) 13756
(66053,1) 14696
(66626,1) 14628
(48997,1) 14878
(61179,1) 15360
(72729,1) 14653
(12729,1) 14133
(21447,1) 14587
(94407,1) 14258
(22367,1) 14680
(8439,1) 14978
(26574,1) 14493
(79121,1) 14102
(83956,1) 14242
(45896,1) 15071
(36767,1) 14902
(22938,1) 15628
(93861,1) 14176
(84506,1) 14820
(6091,1) 15151
(29675,1) 14475
(11101,1) 15379
(52918,1) 14597
(87618,1) 14368
(64776,1) 14283
(96395,1) 14013
(51208,1) 15565
(73925,1) 14338
(55814,1) 14743
(96232,1) 15082
(61192,1) 14741
(13916,1) 15162
(57180,1) 15013
(90992,1) 14335
(5721,1) 14654
(98313,1) 14120
(93212,1) 15505
(33573,1) 15655
(97383,1) 14704
(53303,1) 15161
(54346,1) 15450
(86571,1) 14325
(25236,1) 14745
(77832,1) 14557
(58099,1) 15020
(52534,1) 13931
(64658,1) 14881
(88383,1) 13840
(62042,1) 13877
(35989,1) 14412
(52116,1) 14551
(59764,1) 15611
(8208,1) 14368
(43503,1) 14946
(75084,1) 14371
(85363,1) 14995
(18656,1) 14899
(88675,1) 14996
(46920,1) 14954
(30308,1) 14221
(15915,1) 14620
(32991,1) 14150
(80705,1) 14940
(1525,1) 14368
(27748,1) 14584
(80144,1) 14729
(38443,1) 14877
(23529,1) 15044
(51034,1) 14476
(47056,1) 14575
(67134,1) 14532
(70905,1) 14516
(91934,1) 15168
(86676,1) 15055
(92025,1) 14764
(69374,1) 15019
(50254,1) 15237
(85384,1) 14349
(22776,1) 14725
(25606,1) 14709
(69191,1) 14391
(53761,1) 14294
(66784,1) 14336
(84035,1) 15284
(30787,1) 14103
(60755,1) 14862
(94285,1) 14880
(44218,1) 14903
(62329,1) 15083
(96764,1) 14491
(94342,1) 14259
(4898,1) 14655
(98074,1) 14814
(54501,1) 14595
(35844,1) 14265
(56923,1) 14947
(39669,1) 14808
(9704,1) 15303
(42713,1) 14996
(50461,1) 15100
(14846,1) 14488
(29420,1) 14508
(48880,1) 15481
(47531,1) 14657
(84939,1) 14429
(34118,1) 14353
(56031,1) 14759
(43019,1) 14312
(31082,1) 15242
(55277,1) 14496
(26979,1) 14346
(5262,1) 15028
(15311,1) 14738
(63369,1) 14666
(3687,1) 14600
(36151,1) 14519
(90460,1) 14638
(63219,1) 14236
(16900,1) 14605
(69650,1) 14779
(73616,1) 15106
(78263,1) 13697
(61772,1) 13750
(33240,1) 14677
(58785,1) 14630
(92310,1) 14184
(17721,1) 15430
(51672,1) 13696
(77648,1) 14244
(71150,1) 14044
(82679,1) 14239
(84481,1) 14106
(21918,1) 15473
(50367,1) 14122
(87838,1) 14630
(94744,1) 14703
(1802,1) 14662
(2684,1) 14702
(65666,1) 15497
(77295,1) 15045
(5537,1) 15140
(43579,1) 14215
(93221,1) 14104
(2947,1) 14301
(13920,1) 14653
(12457,1) 14869
(97698,1) 14273
(9075,1) 14737
(84927,1) 14648
(13039,1) 14528
(47619,1) 14997
(58761,1) 14341
(22594,1) 14409
(65755,1) 14274
(85716,1) 14971
(56006,1) 14740
(95187,1) 14512
(20468,1) 14422
(95759,1) 14404
(16340,1) 14182
(10332,1) 14026
(47620,1) 14250
(90,1) 14791
(4164,1) 14113
(7797,1) 14856
(3230,1) 14675
(28371,1) 14484
(64568,1) 14483
(96776,1) 15017
(6014,1) 14532
(829,1) 13745
(16258,1) 14322
(37650,1) 15497
(93678,1) 15066
(90784,1) 14761
(79762,1) 14977
(68609,1) 14902
(79076,1) 15843
(28744,1) 14458
(62487,1) 14874
(80976,1) 14352
(90646,1) 14679
(17003,1) 14339
(37731,1) 14556
(48189,1) 14071
(51176,1) 14754
(34998,1) 14583
(62853,1) 14048
(23817,1) 14176
(69755,1) 14700
(74304,1) 15198
(64954,1) 15463
(25496,1) 15146
(62212,1) 14803
(1331,1) 14164
(41076,1) 15349
(11571,1) 14864
(48320,1) 14990
(46202,1) 14258
(98180,1) 14422
(25501,1) 14788
(91788,1) 15261
(74511,1) 14958
(78169,1) 14860
(72896,1) 15351
(48190,1) 14255
(18242,1) 14258
(91216,1) 14815
(50412,1) 14786
(4282,1) 14110
(64610,1) 15559
(83497,1) 14549
(97902,1) 15017
(85534,1) 13902
(80952,1) 15038
(91160,1) 14403
(77778,1) 14123
(67212,1) 13775
(92346,1) 15428
(65037,1) 14460
(3984,1) 14612
(73547,1) 14160
(54225,1) 15185
(58748,1) 14312
(55176,1) 14354
(1680,1) 14307
(16851,1) 14456
(41157,1) 14776
(46040,1) 15017
(71186,1) 14353
(38795,1) 14878
(8400,1) 13860
(40494,1) 14747
(86797,1) 14853
(31544,1) 14821
(85522,1) 14079
(250,1) 14501
(77243,1) 15531
(4387,1) 13665
(97216,1) 14555
(5915,1) 14070
(55188,1) 14305
(76150,1) 15020
(87996,1) 14982
(32500,1) 15047
(33077,1) 15486
(92334,1) 14207
(38377,1) 14915
(65212,1) 14540
(90776,1) 14524
(11912,1) 15442
(41599,1) 14465
(60666,1) 14089
(3205,1) 14039
(25695,1) 15101
(87031,1) 14857
(42251,1) 14902
(70933,1) 14594
(13619,1) 13866
(92614,1) 14167
(71454,1) 14537
(10912,1) 14719
(42344,1) 15090
(62411,1) 14520
(90484,1) 15126
(55318,1) 13839
(33681,1) 14770
(6673,1) 14035
(4136,1) 14121
(1420,1) 14622
(76213,1) 14726
(45308,1) 14735
(69082,1) 14391
(60027,1) 14721
(2757,1) 14291
(83826,1) 15089
(64471,1) 14514
(58183,1) 15224
(49511,1) 14203
(39949,1) 14453
(26354,1) 14850
(50466,1) 15257
(18160,1) 14548
(72927,1) 14017
(43414,1) 14373
(83953,1) 14516
(60715,1) 14468
(29586,1) 14488
(50192,1) 13844
(75999,1) 14151
(49110,1) 14679
(38108,1) 15173
(23477,1) 14780
(73050,1) 14844
(92372,1) 15169
(18859,1) 14659
(47833,1) 13879
(97429,1) 15220
(62036,1) 14504
(95248,1) 14295
(38510,1) 13820
(70128,1) 15548
(6697,1) 15543
(31017,1) 14774
(94266,1) 14643
(39364,1) 14609
(95809,1) 14894
(19198,1) 14444
(10418,1) 15228
(57316,1) 15016
(93227,1) 14739
(16678,1) 14489
(72801,1) 14672
(61078,1) 15059
(50593,1) 14181
(57508,1) 14199
(27909,1) 13904
(18135,1) 14379
(65772,1) 13864
(97466,1) 14466
(38648,1) 14666
(67678,1) 14713
(66615,1) 14580
(67016,1) 14165
(85811,1) 14656
(98456,1) 14317
(26833,1) 15613
(15009,1) 14090
(33877,1) 15051
(22929,1) 14475
(22516,1) 13963
(45010,1) 14070
(31762,1) 14472
(91656,1) 14968
(34332,1) 14531
(64733,1) 15089
(64859,1) 14472
(77378,1) 14637
(50753,1) 14336
(76602,1) 14648
(70709,1) 14407
(64033,1) 14469
(21935,1) 14764
(31983,1) 14657
(45688,1) 15706
(99025,1) 14612
(71556,1) 14198
(35976,1) 14950
(11195,1) 14817
(40492,1) 14212
(99713,1) 14096
(68787,1) 15234
(28674,1) 15175
(46818,1) 15002
(33943,1) 14217
(7565,1) 14116
(3363,1) 14776
(45071,1) 15014
(63215,1) 13893
(31725,1) 14052
(10377,1) 14251
(22120,1) 15227
(24783,1) 14008
(98432,1) 14033
(45885,1) 15010
(39454,1) 15336
(76949,1) 14304
(36188,1) 13966
(93174,1) 14743
(96325,1) 14377
(13294,1) 14502
(69262,1) 13875
(41442,1) 14365
(18770,1) 14926
(79866,1) 15228
(54591,1) 14262
(19792,1) 14627
(16331,1) 14807
(7577,1) 14953
(99917,1) 15164
(75435,1) 14732
(39803,1) 14460
(25437,1) 14520
(90956,1) 14588
(80541,1) 14383
(61030,1) 14318
(51571,1) 14659
(58146,1) 14458
(12157,1) 15324
(77342,1) 14624
(33620,1) 14976
(20753,1) 14762
(83073,1) 14777
(6476,1) 15129
(59787,1) 14672
(84095,1) 14755
(2393,1) 14628
(14040,1) 14997
(4002,1) 14380
(36164,1) 14305
(57856,1) 14847
(58261,1) 15315
(74191,1) 14981
(83899,1) 15182
(62097,1) 14933
(83990,1) 14505
(79981,1) 15050
(34757,1) 15776
(97675,1) 15370
(40505,1) 14788
(79212,1) 14920
(50933,1) 14453
(44130,1) 14996
(38702,1) 14306
(55962,1) 14483
(87304,1) 15121
(349,1) 15133
(68763,1) 14564
(37806,1) 14774
(58494,1) 15131
(33014,1) 14269
(232,1) 14886
(34131,1) 14251
(74007,1) 15588
(8219,1) 14996
(89014,1) 14284
(52001,1) 14942
(72322,1) 14045
(69994,1) 14482
(6055,1) 15018
(32981,1) 15235
(52463,1) 14582
(14801,1) 14624
(87316,1) 14966
(26980,1) 14580
(85434,1) 14912
(68018,1) 15269
(36676,1) 15214
(37289,1) 14035
(1394,1) 14523
(47419,1) 14356
(40153,1) 14259
(60776,1) 14085
(61066,1) 14204
(19084,1) 14910
(58020,1) 14800
(14448,1) 14994
(62588,1) 14735
(62192,1) 15103
(15680,1) 14213
(66856,1) 15068
(15800,1) 14850
(37421,1) 14562
(69623,1) 13919
(99336,1) 15092
(98920,1) 14296
(37933,1) 15256
(46651,1) 15015
(35186,1) 14261
(68272,1) 15375
(84391,1) 14095
(88352,1) 14741
(73812,1) 14186
(40325,1) 13730
(79118,1) 14857
(14697,1) 14757
(60996,1) 14282
(36127,1) 14335
(68105,1) 14714
(80589,1) 14580
(59583,1) 15153
(3997,1) 14109
(86113,1) 14781
(36769,1) 15495
(46675,1) 14274
(2602,1) 14449
(15139,1) 14211
(66176,1) 15349
(93051,1) 14333
(19616,1) 14445
(8138,1) 14643
(22352,1) 14785
(88880,1) 14809
(11053,1) 14487
(57585,1) 14961
(6415,1) 14827
(89837,1) 14767
(82300,1) 15120
(69867,1) 14525
(80086,1) 13678
(67535,1) 14393
(88912,1) 14510
(46777,1) 14371
(55254,1) 15416
(72877,1) 14560
(62410,1) 14412
(61931,1) 14822
(40980,1) 15421
(54926,1) 14905
(69570,1) 14671
(17460,1) 13927
(77224,1) 14607
(17689,1) 14677
(71770,1) 15290
(88,1) 14676
(57185,1) 14510
(22902,1) 14526
(54317,1) 14884
(57069,1) 14589
(17071,1) 14053
(23335,1) 15491
(64590,1) 14432
(51555,1) 14894
(21220,1) 14518
(69054,1) 14771
(74163,1) 14779
(98817,1) 15209
(83410,1) 15366
(26885,1) 13747
(99753,1) 14289
(32064,1) 14601
(32989,1) 14981
(65628,1) 14192
(13028,1) 14585
(72912,1) 14407
(50610,1) 15047
(28448,1) 15041
(24246,1) 14663
(17484,1) 14290
(91623,1) 14739
(15963,1) 14731
(36299,1) 13984
(92617,1) 14720
(48409,1) 14428
(555,1) 15317
(7327,1) 13967
(1137,1) 14609
(20298,1) 14799
(25217,1) 13640
(15655,1) 14673
(34872,1) 15040
(8916,1) 14072
(19973,1) 14780
(80300,1) 14566
(42220,1) 14672
(98702,1) 13773
(5880,1) 14852
(75031,1) 14537
(63529,1) 14539
(23175,1) 14572
(20077,1) 14432
(65616,1) 15470
(38754,1) 14034
(83159,1) 14036
(993,1) 15095
(28532,1) 15226
(61144,1) 14753
(64513,1) 14910
(2811,1) 14431
(75252,1) 14463
(25323,1) 15306
(37707,1) 14127
(18036,1) 15099
(80466,1) 15180
(71875,1) 14646
(68894,1) 14118
(60259,1) 14845
(12517,1) 14707
(1010,1) 14042
(96481,1) 13842
(33557,1) 14551
(86752,1) 14159
(96726,1) 14220
(7062,1) 15117
(41917,1) 14391
(75767,1) 14680
(71674,1) 14816
(18316,1) 14841
(72976,1) 15081
(24743,1) 14571
(17279,1) 14582
(70210,1) 14802
(38226,1) 15367
(4730,1) 14395
(10611,1) 14382
(60866,1) 14276
(68287,1) 14959
(12886,1) 14994
(76021,1) 14328
(66673,1) 13773
(57307,1) 14427
(39786,1) 14693
(50622,1) 13814
(89492,1) 14574
(85381,1) 14630
(53691,1) 13977
(37784,1) 15095
(20339,1) 14632
(47292,1) 14644
(26976,1) 14927
(59202,1) 14548
(58106,1) 14103
(48144,1) 15482
(41532,1) 14385
(55291,1) 14130
(13152,1) 13724
(52926,1) 14518
(63874,1) 14126
(76406,1) 14989
(81346,1) 14063
(19997,1) 14691
(33533,1) 14948
(10594,1) 15049
(75173,1) 14546
(96856,1) 14537
(29043,1) 14698
(7352,1) 13676
(56644,1) 15028
(98399,1) 14976
(97237,1) 14864
(95436,1) 15218
(95520,1) 15092
(97994,1) 14530
(72711,1) 15392
(35707,1) 14022
(77743,1) 14984
(73266,1) 14731
(56924,1) 14759
(58912,1) 14211
(56224,1) 14746
(17628,1) 14429
(3482,1) 13900
(7843,1) 14433
(58698,1) 15179
(36472,1) 14548
(83847,1) 15233
(30407,1) 14878
(34297,1) 14801
(40181,1) 15229
(96493,1) 14748
(75475,1) 14469
(85368,1) 14853
(50261,1) 14967
(74711,1) 14637
(23617,1) 15159
(10807,1) 14840
(23920,1) 14205
(61026,1) 13899
(64724,1) 14063
(88180,1) 14896
(20966,1) 15053
(14290,1) 15026
(51204,1) 14864
(7622,1) 13891
(19118,1) 14405
(97659,1) 14181
(38314,1) 14635
(10260,1) 14914
(95478,1) 14611
(15478,1) 15108
(68375,1) 14136
(35644,1) 14983
(7746,1) 15151
(22128,1) 14018
(34238,1) 14186
(24035,1) 14754
(55729,1) 13820
(10775,1) 15129
(13686,1) 14212
(75679,1) 15082
(12178,1) 15119
(75037,1) 14436
(46395,1) 14035
(86131,1) 14304
(70461,1) 15654
(45780,1) 15052
(85642,1) 15543
(64586,1) 13619
(48175,1) 14326
(47926,1) 14546
(49671,1) 15460
(53021,1) 14233
(50625,1) 15239
(56333,1) 15325
(38441,1) 14749
(47009,1) 14854
(51151,1) 13881
(30586,1) 14145
(59117,1) 15002
(57121,1) 14569
(15821,1) 14481
(3568,1) 14219
(14841,1) 14656
(12406,1) 14374
(17715,1) 15299
(12819,1) 14262
(51539,1) 15062
(37023,1) 14660
(7609,1) 14041
(4446,1) 15795
(60702,1) 14425
(52118,1) 15424
(68981,1) 14846
(23169,1) 14723
(66043,1) 13853
(76983,1) 14792
(63547,1) 15036
(53169,1) 14965
(72720,1) 14248
(28327,1) 15207
(87045,1) 14200
(23409,1) 14668
(3808,1) 14113
(55592,1) 15159
(16633,1) 14706
(33084,1) 14998
(44841,1) 14812
(26321,1) 14529
(2275,1) 14890
(67119,1) 15152
(5703,1) 14399
(25003,1) 15211
(68076,1) 14191
(72480,1) 15105
(57486,1) 14751
(27185,1) 14765
(71363,1) 14069
(26206,1) 14403
(86370,1) 13972
(89166,1) 14225
(41655,1) 14339
(80333,1) 14045
(12820,1) 15800
(11402,1) 14108
(67898,1) 13571
(65831,1) 14959
(49581,1) 15132
(58755,1) 15096
(83256,1) 14407
(28189,1) 14250
(44440,1) 15082
(82041,1) 14639
(69985,1) 14627
(9575,1) 14308
(37964,1) 14768
(20072,1) 14879
(76042,1) 14772
(90685,1) 14813
(69218,1) 13526
(4787,1) 14437
(12232,1) 13895
(24599,1) 14356
(52532,1) 14733
(21088,1) 14585
(30058,1) 13978
(86028,1) 14041
(58288,1) 15634
(68968,1) 14571
(31955,1) 14573
(59579,1) 14358
(26800,1) 14892
(54013,1) 14800
(36282,1) 14635
(79294,1) 15675
(6390,1) 14621
(8170,1) 14820
(54150,1) 14242
(56056,1) 14377
(92794,1) 14630
(79935,1) 14426
(14241,1) 14680
(52880,1) 15376
(69165,1) 14317
(65879,1) 14651
(63623,1) 14598
(41631,1) 14207
(60311,1) 14233
(34413,1) 14200
(31388,1) 15076
(74585,1) 14689
(17914,1) 14398
(55389,1) 14824
(90211,1) 14359
(77748,1) 14279
(72810,1) 14808
(44313,1) 14343
(36307,1) 14835
(93620,1) 13998
(41504,1) 14576
(32679,1) 14614
(15354,1) 14424
(80609,1) 13875
(59495,1) 14606
(11870,1) 15065
(5361,1) 14117
(61591,1) 14193
(88348,1) 14809
(69834,1) 15055
(79947,1) 14230
(46069,1) 14923
(67786,1) 14665
(55580,1) 14077
(40196,1) 15015
(27899,1) 15950
(44931,1) 14212
(76120,1) 15710
(34401,1) 14025
(72427,1) 14545
(53368,1) 14374
(95591,1) 15004
(19833,1) 15288
(89617,1) 13982
(8965,1) 13729
(3118,1) 14790
(94503,1) 14751
(66169,1) 14652
(41140,1) 14816
(22961,1) 15308
(91234,1) 14746
(29782,1) 14911
(7195,1) 15190
(33306,1) 15073
(82808,1) 14818
(26258,1) 14184
(69822,1) 14631
(73785,1) 15301
(97056,1) 14480
(32923,1) 14987
(8325,1) 15025
(81726,1) 14349
(1547,1) 14990
(51953,1) 14775
(93607,1) 14236
(79317,1) 14682
(12191,1) 14249
(25027,1) 14631
(93560,1) 15469
(67388,1) 15738
(80634,1) 14360
(70262,1) 14615
(52090,1) 15250
(15845,1) 14211
(39569,1) 15420
(72343,1) 14577
(93361,1) 14911
(83281,1) 14591
(9556,1) 14558
(77435,1) 14221
(35594,1) 14026
(4057,1) 14202
(59356,1) 14547
(22855,1) 14472
(59543,1) 14540
(32595,1) 14584
(87070,1) 13708
(2024,1) 14634
(74877,1) 15545
(33699,1) 15257
(93081,1) 13986
(72029,1) 14919
(61099,1) 14299
(78744,1) 15292
(20113,1) 14211
(9532,1) 14021
(18337,1) 14260
(34003,1) 15151
(84333,1) 15306
(15426,1) 14159
(88994,1) 14644
(42175,1) 14124
(44597,1) 14496
(77270,1) 14239
(94182,1) 14929
(37716,1) 14940
(52824,1) 15333
(69843,1) 14720
(99044,1) 14380
(47037,1) 14607
(86812,1) 15115
(98555,1) 14671
(63060,1) 14598
(10094,1) 14458
(66932,1) 14915
(3848,1) 15364
(50942,1) 14211
(14204,1) 14935
(46995,1) 14206
(45212,1) 14505
(60676,1) 15783
(74358,1) 15023
(5547,1) 15612
(70810,1) 14571
(20215,1) 15081
(34188,1) 14434
(11808,1) 14718
(3081,1) 15057
(67274,1) 13576
(76346,1) 14348
(77830,1) 13866
(22559,1) 13479
(56625,1) 14223
(44585,1) 14223
(74415,1) 15024
(85820,1) 15073
(38161,1) 14295
(68347,1) 15012
(52734,1) 14460
(44070,1) 13945
(27730,1) 14614
(77420,1) 14296
(16406,1) 15223
(9041,1) 14595
(24867,1) 14089
(12480,1) 14733
(77180,1) 14236
(62993,1) 15102
(75009,1) 14408
(7547,1) 14418
(64612,1) 13491
(63084,1) 14154
(58109,1) 14345
(54134,1) 14554
(23275,1) 13594
(76768,1) 14723
(50093,1) 14761
(26300,1) 14669
(55129,1) 14418
(20616,1) 15001
(66441,1) 14681
(40865,1) 15092
(81284,1) 14597
(59913,1) 14607
(56028,1) 14351
(6207,1) 14285
(51787,1) 13808
(97973,1) 14244
(66506,1) 14399
(68291,1) 14889
(46561,1) 14143
(45671,1) 14326
(87166,1) 14733
(88171,1) 14083
(76427,1) 14702
(1369,1) 14667
(22032,1) 14776
(97538,1) 14564
(49106,1) 14150
(54718,1) 14872
(45764,1) 14792
(28348,1) 14495
(24786,1) 14886
(44159,1) 15173
(61315,1) 13996
(97985,1) 14963
(48135,1) 15701
(1276,1) 15137
(8024,1) 14113
(29705,1) 14282
(79233,1) 14631
(74979,1) 13792
(90425,1) 14642
(73009,1) 14104
(71208,1) 15047
(7718,1) 14202
(54239,1) 14291
(27717,1) 14294
(78054,1) 13993
(71805,1) 14854
(25673,1) 14876
(16605,1) 14492
(85564,1) 15191
(91908,1) 14751
(40042,1) 14794
(80065,1) 14516
(1812,1) 13597
(3771,1) 14341
(14998,1) 14297
(12467,1) 14951
(1519,1) 14906
(77857,1) 14468
(50519,1) 14973
(93007,1) 15105
(90486,1) 14738
(76955,1) 14679
(68733,1) 14450
(40054,1) 15003
(34785,1) 14691
(17369,1) 15044
(75103,1) 15206
(92754,1) 14381
(20243,1) 14745
(72277,1) 14157
(73115,1) 14568
(21608,1) 13952
(8990,1) 14479
(30416,1) 14935
(87406,1) 14631
(19649,1) 15078
(85296,1) 14925
(62372,1) 14956
(11610,1) 14972
(75338,1) 14730
(46094,1) 13642
(76663,1) 14306
(10865,1) 15381
(49354,1) 14968
(60993,1) 14532
(47131,1) 14769
(4540,1) 15182
(57633,1) 14531
(91324,1) 14517
(86426,1) 14632
(41103,1) 14473
(2073,1) 14205
(31846,1) 14990
(50520,1) 14918
(94648,1) 14521
(51154,1) 15307
(32639,1) 14225
(6434,1) 14408
(97457,1) 14495
(54292,1) 13762
(74452,1) 14919
(1905,1) 13998
(4751,1) 14083
(86836,1) 14718
(95563,1) 14435
(24068,1) 14755
(48772,1) 15423
(21673,1) 15437
(88625,1) 15220
(39249,1) 14307
(26430,1) 14860
(71420,1) 14478
(12828,1) 14222
(49329,1) 13777
(93020,1) 14864
(20653,1) 14098
(22056,1) 14611
(10175,1) 14620
(75115,1) 14852
(7028,1) 14903
(28324,1) 14364
(29449,1) 13820
(95096,1) 14937
(39927,1) 13980
(2844,1) 15645
(42042,1) 15370
(24535,1) 15036
(41764,1) 14458
(36404,1) 14301
(7783,1) 14643
(34509,1) 16164
(57515,1) 14800
(40147,1) 14380
(18804,1) 14668
(99843,1) 14948
(79963,1) 15216
(77975,1) 15121
(88146,1) 14029
(24149,1) 14920
