(25054,1) 411279
(56511,1) 369023
(65971,1) 369161
(53203,1) 389397
(36278,1) 363802
(50694,1) 389094
(74805,1) 396684
(35719,1) 391733
(87071,1) 359238
(78942,1) 365375
(85699,1) 387745
(65143,1) 386370
(84999,1) 385248
(23405,1) 391490
(93126,1) 360143
(81281,1) 385204
(70873,1) 389286
(2990,1) 393951
(88900,1) 377911
(57418,1) 393784
(3628,1) 367225
(68256,1) 380630
(41748,1) 375518
(51445,1) 357969
(21917,1) 369167
(6104,1) 364413
(39379,1) 365451
(22469,1) 369687
(54631,1) 364755
(47337,1) 363064
(26776,1) 373692
(75849,1) 399835
(81263,1) 356338
(59401,1) 384433
(93874,1) 363888
(71646,1) 373604
(54826,1) 384208
(98089,1) 368247
(94438,1) 365734
(29370,1) 387677
(70000,1) 385326
(36087,1) 368495
(71428,1) 385328
(18844,1) 387318
(8223,1) 353201
(83297,1) 385870
(98968,1) 392988
(69837,1) 394765
(42304,1) 391106
(46026,1) 364828
(46670,1) 400271
(40016,1) 420100
(41364,1) 365987
(60879,1) 387077
(18473,1) 384601
(37936,1) 393733
(32059,1) 381628
(28095,1) 352568
(53619,1) 374378
(78520,1) 362787
(86238,1) 384345
(15938,1) 385201
(92580,1) 365242
(50189,1) 368873
(50057,1) 367703
(55684,1) 396700
(18239,1) 386568
(43160,1) 385791
(67028,1) 366439
(54700,1) 367509
(44647,1) 381629
(27435,1) 419671
(15598,1) 359325
(94421,1) 370450
(69985,1) 398021
(12662,1) 364254
(40211,1) 363618
(4244,1) 385764
(61980,1) 384195
(34763,1) 382322
(18000,1) 382884
(68410,1) 366701
(11291,1) 365345
(48353,1) 390560
(27240,1) 384084
(43873,1) 383762
(51510,1) 387832
(43427,1) 390159
(49133,1) 409740
(31955,1) 356249
(52734,1) 363338
(54200,1) 387180
(93790,1) 410099
(50593,1) 392469
(82971,1) 358028
(91634,1) 394237
