(72,1) 293390
(20,1) 282779
(66,1) 290295
(28,1) 298049
(89,1) 296537
(43,1) 293220
(37,1) 292750
(3,1) 288436
(40,1) 290568
(14,1) 294333
(52,1) 296828
(92,1) 293238
(75,1) 279000
(48,1) 293834
(23,1) 296166
(69,1) 286204
(86,1) 289112
(83,1) 290070
(34,1) 290404
(17,1) 288763
(55,1) 288964
(6,1) 289077
(97,1) 286190
(26,1) 196678
(51,1) 287437
(80,1) 299524
(41,1) 297143
(49,1) 283476
(68,1) 297697
(12,1) 287673
(35,1) 298583
(54,1) 293862
(5,1) 286081
(94,1) 297302
(71,1) 195051
(77,1) 290399
(21,1) 284220
(29,1) 287438
(63,1) 290264
(88,1) 196692
(46,1) 195044
(60,1) 290695
(15,1) 294193
(0,1) 293615
(91,1) 290976
(8,1) 293152
(32,1) 293325
(57,1) 196670
(74,1) 287145
(24,1) 295702
(47,1) 290228
(99,1) 291890
(82,1) 291357
(85,1) 279964
(33,1) 290346
(10,1) 290157
(7,1) 284547
(79,1) 190635
(18,1) 290467
(56,1) 281814
(73,1) 285556
(96,1) 301108
(44,1) 294186
(27,1) 198839
(65,1) 195022
(2,1) 284890
(62,1) 288450
(13,1) 285630
(30,1) 190653
(38,1) 288080
(93,1) 198853
(76,1) 293180
(59,1) 296536
(22,1) 291706
(45,1) 294836
(87,1) 294636
(64,1) 284555
(84,1) 287793
(61,1) 198849
(1,1) 291224
(31,1) 277912
(16,1) 287094
(39,1) 292616
(9,1) 190648
(90,1) 293583
(58,1) 295564
(25,1) 293710
(98,1) 293193
(50,1) 295245
(42,1) 290892
(81,1) 290767
(67,1) 293081
(36,1) 294708
(4,1) 292289
(11,1) 280720
(78,1) 291679
(19,1) 301062
(53,1) 295622
(70,1) 282807
(95,1) 287469
