(72,1) 454347
(20,1) 454330
(66,1) 454373
(28,1) 454303
(89,1) 454340
(43,1) 454351
(3,1) 448108
(37,1) 447998
(14,1) 448070
(40,1) 448018
(52,1) 454297
(75,1) 454362
(92,1) 454305
(48,1) 448019
(23,1) 448042
(69,1) 454294
(86,1) 454270
(83,1) 448060
(34,1) 340751
(17,1) 454316
(55,1) 448029
(6,1) 448066
(97,1) 448052
(26,1) 454322
(51,1) 454340
(80,1) 454361
(41,1) 454347
(68,1) 448045
(49,1) 448006
(12,1) 448087
(35,1) 448028
(54,1) 454333
(5,1) 448058
(94,1) 454338
(71,1) 454303
(77,1) 454324
(21,1) 448077
(29,1) 454305
(63,1) 454421
(88,1) 454322
(46,1) 454382
(60,1) 448060
(15,1) 448017
(0,1) 447963
(91,1) 448046
(8,1) 448010
(32,1) 448053
(57,1) 454324
(74,1) 448056
(24,1) 454299
(47,1) 454370
(99,1) 448037
(82,1) 448040
(85,1) 448022
(33,1) 448082
(10,1) 454301
(7,1) 448073
(79,1) 454278
(18,1) 448046
(56,1) 454304
(73,1) 454364
(96,1) 454317
(44,1) 448070
(27,1) 336032
(65,1) 454305
(2,1) 448038
(62,1) 448058
(13,1) 448026
(30,1) 448045
(38,1) 454340
(93,1) 448042
(59,1) 454343
(76,1) 448075
(22,1) 448095
(45,1) 454342
(64,1) 448042
(87,1) 454347
(84,1) 454299
(61,1) 448042
(1,1) 448052
(31,1) 454271
(16,1) 454316
(39,1) 454331
(9,1) 448054
(90,1) 454321
(58,1) 454305
(98,1) 454272
(25,1) 454352
(50,1) 448004
(42,1) 454306
(81,1) 448044
(67,1) 448037
(36,1) 454309
(4,1) 448009
(11,1) 448070
(78,1) 448008
(53,1) 454341
(19,1) 454331
(70,1) 448058
(95,1) 448046
