(54003,1) 999893
(2364,1) 974201
(70611,1) 973676
(96597,1) 1069219
(23935,1) 50
(70342,1) 992983
(69699,1) 992818
(36491,1) 972538
(43965,1) 53
(35936,1) 973543
(25582,1) 1947320
(68199,1) 1000624
(57519,1) 972591
(66201,1) 973138
(12789,1) 2138642
(45406,1) 992922
(70205,1) 1989254
(88223,1) 2002664
(99130,1) 999887
(11889,1) 999945
(11434,1) 973815
(87782,1) 1069178
(97098,1) 1070031
(61344,1) 1068762
(79717,1) 49
(38630,1) 1001226
(4529,1) 973271
(76182,1) 1001236
(72018,1) 994695
(49977,1) 48
(20548,1) 1068702
(46978,1) 993439
(72834,1) 1069724
(40140,1) 994869
(43349,1) 994826
(6509,1) 991794
(91483,1) 1000886
(28922,1) 1067993
(63733,1) 1001131
(96137,1) 1068673
