(72,1) 357272
(20,1) 410956
(66,1) 410741
(89,1) 415756
(28,1) 413352
(43,1) 419884
(3,1) 414977
(37,1) 419652
(40,1) 418287
(14,1) 413296
(52,1) 415503
(75,1) 410778
(92,1) 418461
(48,1) 414793
(23,1) 423425
(69,1) 423201
(86,1) 413244
(83,1) 415005
(34,1) 414928
(17,1) 359125
(55,1) 357277
(6,1) 356641
(97,1) 410869
(26,1) 356663
(51,1) 410851
(80,1) 415592
(41,1) 414471
(49,1) 359104
(68,1) 419698
(12,1) 420009
(35,1) 419760
(54,1) 356920
(5,1) 414202
(94,1) 414892
(71,1) 414550
(77,1) 414966
(21,1) 415897
(29,1) 409224
(46,1) 414157
(63,1) 357220
(88,1) 415746
(60,1) 415397
(15,1) 410836
(0,1) 356799
(91,1) 417357
(8,1) 421549
(32,1) 408965
(57,1) 357192
(74,1) 410728
(24,1) 421575
(47,1) 423072
(99,1) 414892
(82,1) 356709
(85,1) 356621
(33,1) 417384
(10,1) 419065
(7,1) 410516
(79,1) 356819
(18,1) 357413
(56,1) 415421
(73,1) 356679
(96,1) 359046
(44,1) 409113
(27,1) 358940
(65,1) 414954
(2,1) 415308
(62,1) 414635
(13,1) 356639
(30,1) 419647
(38,1) 357265
(93,1) 414950
(76,1) 414281
(59,1) 356706
(22,1) 419911
(45,1) 356786
(64,1) 410891
(87,1) 356613
(84,1) 358983
(61,1) 418350
(1,1) 423394
(31,1) 418835
(16,1) 423384
(9,1) 410523
(39,1) 427658
(90,1) 417469
(58,1) 423003
(98,1) 415711
(50,1) 419858
(25,1) 356683
(42,1) 419769
(81,1) 356750
(67,1) 357313
(36,1) 410575
(4,1) 359152
(11,1) 421485
(78,1) 359126
(19,1) 427620
(53,1) 418917
(70,1) 410628
(95,1) 427752
