(19038,1) 18293
(90088,1) 18608
(36316,1) 17643
(42558,1) 19620
(73463,1) 1
(11253,1) 18120
(85378,1) 18369
(81692,1) 18352
(81073,1) 18999
(61318,1) 18241
(893,1) 38047
(46245,1) 18456
(2802,1) 18137
(81256,1) 19221
(55100,1) 35834
(27851,1) 18641
(99210,1) 19029
(86428,1) 18054
(20439,1) 18326
(84659,1) 19279
(31212,1) 18893
(66124,1) 36172
(15089,1) 17865
(15729,1) 17851
(71579,1) 1
(92933,1) 17758
(88553,1) 17886
(34124,1) 18172
(62289,1) 8980
(24082,1) 19269
(43872,1) 19400
(86016,1) 17746
(68203,1) 18615
(69918,1) 19135
(995,1) 1
(45069,1) 19190
(40525,1) 19746
(54360,1) 17699
(77515,1) 18070
(78325,1) 19675
(55353,1) 18255
(99555,1) 19021
(77620,1) 19670
(33738,1) 18762
(6156,1) 4979
(8532,1) 19034
(53674,1) 9216
(55328,1) 7593
(32070,1) 17798
(23225,1) 17726
(7632,1) 17905
(7139,1) 18902
(92910,1) 19287
(86097,1) 1
(27600,1) 18338
(64904,1) 35808
(44166,1) 18467
(29298,1) 35374
(28534,1) 19046
(85446,1) 17968
(37195,1) 18355
(32172,1) 18781
(42696,1) 17968
(28937,1) 1
(84729,1) 18922
(34867,1) 18516
(47168,1) 38970
(65795,1) 18027
(24174,1) 1
(78394,1) 17867
(99897,1) 19819
(28568,1) 1
(91541,1) 17723
(2346,1) 17813
(92657,1) 7664
(89203,1) 19585
(70149,1) 17793
(71899,1) 19259
(74423,1) 18417
(82823,1) 38059
(97440,1) 18312
(36992,1) 13795
(45754,1) 19683
(45433,1) 1
(12981,1) 1
(15009,1) 18296
(41907,1) 1
(49212,1) 17448
(71991,1) 19286
(65247,1) 1
(69642,1) 19425
(49670,1) 17735
(33580,1) 19377
(5896,1) 18003
(86919,1) 1
(17589,1) 18849
(44799,1) 17624
(60576,1) 17703
(87011,1) 18510
(28091,1) 18876
(35623,1) 18808
(27371,1) 19295
(57634,1) 39138
(99003,1) 18914
(19774,1) 17773
(7801,1) 1
(51736,1) 1
(54152,1) 17713
(97317,1) 18438
(30355,1) 18164
(654,1) 19527
(2562,1) 1
(45892,1) 1
(53101,1) 1
(82602,1) 18253
(33414,1) 19596
(93435,1) 19525
(42446,1) 17824
(69093,1) 17693
(83196,1) 17975
(67694,1) 18576
(93605,1) 18460
(67636,1) 1
(49628,1) 17514
(12346,1) 18703
(80007,1) 17876
(82108,1) 19195
(62441,1) 5157
(56010,1) 19027
(51702,1) 19331
(28738,1) 17831
(70590,1) 18143
(8473,1) 36490
(8599,1) 36267
(11919,1) 17957
(46197,1) 18338
(5860,1) 17620
(99174,1) 18010
(85771,1) 35807
(75865,1) 18339
(34282,1) 18315
(88475,1) 34885
(26202,1) 17908
(20855,1) 18553
(77759,1) 17685
(66110,1) 19362
(59007,1) 17794
(70204,1) 18596
(91864,1) 18513
(62986,1) 19600
(22239,1) 19263
(17961,1) 18427
(86570,1) 37074
(73356,1) 18210
(65764,1) 35769
(3129,1) 19307
(18191,1) 17585
(15940,1) 17607
(73644,1) 19253
(39161,1) 19621
(21614,1) 19817
(23493,1) 18358
(40558,1) 19109
(64589,1) 18838
(75584,1) 17757
(21180,1) 17395
(71577,1) 19176
(98918,1) 9080
(36015,1) 17940
(55846,1) 6880
(46126,1) 17549
(55928,1) 18800
(36187,1) 18753
(91701,1) 5107
(89034,1) 6816
(52451,1) 37729
(7513,1) 17855
(95663,1) 18723
(35757,1) 17832
(83396,1) 17825
(17646,1) 17839
(80751,1) 1
(66960,1) 18155
(61381,1) 19219
(53126,1) 17720
(11031,1) 19743
(63170,1) 17884
(96476,1) 1
(83235,1) 19418
(47360,1) 1
(10055,1) 7747
(72322,1) 19004
(53382,1) 38610
(25875,1) 18689
(18109,1) 19153
(4221,1) 17946
(7722,1) 18972
(42222,1) 18217
(21470,1) 6797
(64598,1) 18219
(86886,1) 17756
(99208,1) 17833
(86060,1) 18187
(50090,1) 18990
(52302,1) 1
(38091,1) 20055
(62892,1) 18028
(6348,1) 19101
(674,1) 19385
(97789,1) 18367
(22575,1) 17899
(13587,1) 19564
(66763,1) 19368
(33923,1) 18456
(7183,1) 17814
(24050,1) 18428
(21377,1) 1
(84538,1) 17858
(15890,1) 7004
(94421,1) 18380
(45838,1) 18090
(85807,1) 17744
(22530,1) 37506
(33269,1) 18854
(36279,1) 19668
(40863,1) 18654
(67878,1) 8990
(81772,1) 7771
(7766,1) 19224
(20972,1) 19136
(58098,1) 18344
(49126,1) 18123
(19783,1) 39270
(8298,1) 17589
(17365,1) 1
(72321,1) 1
(76282,1) 17984
(37258,1) 17917
(94559,1) 19031
(37499,1) 17645
(75535,1) 18022
(71436,1) 17706
(72922,1) 18090
(14376,1) 18015
(32143,1) 19377
(66817,1) 15146
(51843,1) 36509
(46870,1) 17914
(4646,1) 17915
(82771,1) 17470
(69912,1) 18904
(33973,1) 18251
(26394,1) 17248
(29981,1) 18580
(22936,1) 19417
(99595,1) 17788
(28369,1) 18512
(40177,1) 18771
(53416,1) 18416
(27181,1) 19621
(10563,1) 17909
(45910,1) 9222
(29431,1) 38849
(70891,1) 17730
(54720,1) 35298
(40245,1) 18380
(49391,1) 19807
(78756,1) 18365
(9245,1) 19514
(83213,1) 1
(94261,1) 1
(64374,1) 18293
(13853,1) 17738
(40063,1) 36164
(64156,1) 17759
(66943,1) 17823
(64544,1) 17959
(31756,1) 19054
(658,1) 18983
(75569,1) 1
(92125,1) 19315
(38367,1) 19151
(42301,1) 18728
(9359,1) 19392
(76827,1) 38379
(68036,1) 18477
(88202,1) 18993
(17389,1) 18940
(6219,1) 18273
(57664,1) 19232
(34862,1) 17785
(99881,1) 35352
(37337,1) 17794
(11386,1) 19501
(80154,1) 17991
(23426,1) 18015
(6941,1) 17981
(63242,1) 18287
(50047,1) 19213
(65869,1) 38318
(76516,1) 18704
(77855,1) 38921
(85245,1) 1
(94306,1) 5082
(90689,1) 18813
(24120,1) 17723
(32786,1) 1
(49722,1) 17787
(66496,1) 19711
(67088,1) 1
(87254,1) 19084
(42380,1) 19242
(28333,1) 19172
(43591,1) 36832
(53671,1) 17423
(8151,1) 40016
(73742,1) 1
(65640,1) 18927
(56387,1) 6755
(5363,1) 17758
(98554,1) 18952
(86859,1) 1
(84815,1) 19289
(5228,1) 6859
(57744,1) 9183
(24520,1) 17854
(29100,1) 18344
(4521,1) 18911
(84541,1) 19569
(82310,1) 18352
(74036,1) 18239
(46135,1) 18313
(46410,1) 1
(28035,1) 17853
(56959,1) 18977
(29762,1) 17179
(59573,1) 19103
(59034,1) 18138
(64535,1) 1
(51879,1) 7649
(44699,1) 18959
(82712,1) 17846
(57502,1) 18446
(56706,1) 18074
(77019,1) 17824
(7658,1) 18251
(78950,1) 19379
(98912,1) 18952
(13876,1) 6798
(60630,1) 18138
(86138,1) 18610
(71392,1) 2
(54421,1) 1
(40727,1) 17749
(40232,1) 19810
(40888,1) 5040
(17207,1) 17428
(77763,1) 19014
(26613,1) 1
(21269,1) 1
(76735,1) 38017
(7823,1) 17695
(74770,1) 18571
(13534,1) 7551
(23345,1) 17791
(62630,1) 19329
(11805,1) 18744
(32128,1) 37607
(46460,1) 19203
(26104,1) 18031
(51073,1) 1
(98214,1) 7474
(50646,1) 19325
(38753,1) 35353
(3553,1) 17616
(88160,1) 19459
(25449,1) 38924
(18369,1) 18890
(44404,1) 1
(34138,1) 19003
(31663,1) 18344
(25546,1) 19314
(17639,1) 18797
(38879,1) 1
(70956,1) 17607
(56291,1) 17946
(13024,1) 18642
(43555,1) 17897
(82103,1) 5106
(13546,1) 18101
(21504,1) 36415
(46970,1) 17816
(42694,1) 18675
(36800,1) 17712
(73757,1) 35486
(17942,1) 18489
(91788,1) 35711
(36754,1) 18144
(92399,1) 17718
(19277,1) 18277
(13580,1) 19209
(29250,1) 18827
(51983,1) 17862
(33138,1) 19276
(82909,1) 1
(90567,1) 19642
(98112,1) 10109
(26591,1) 19423
(56967,1) 36030
(67526,1) 19768
(47131,1) 18593
(27614,1) 9191
(21998,1) 17614
(6980,1) 18257
(94006,1) 19786
(96435,1) 17879
(51876,1) 19729
(32766,1) 1
(44074,1) 1
(82242,1) 19019
(98096,1) 17633
(71257,1) 5063
(10212,1) 18235
(67896,1) 17616
(92798,1) 17500
(96553,1) 18370
(60061,1) 19375
(66184,1) 18742
(44343,1) 17915
(84484,1) 35716
(71593,1) 19532
(4613,1) 18843
(93273,1) 1
(26172,1) 18266
(58923,1) 17812
(30055,1) 18039
(50424,1) 19434
(28556,1) 17851
(33682,1) 17851
(65024,1) 19733
(80616,1) 18100
(29868,1) 18038
(15431,1) 18870
(82837,1) 18409
(85253,1) 17807
(57165,1) 9079
(16105,1) 36900
(67593,1) 18761
(23347,1) 17378
(95602,1) 19440
(91286,1) 17977
(41007,1) 17746
(8738,1) 1
(41835,1) 36856
(77847,1) 37096
(29659,1) 18175
(81056,1) 7670
(668,1) 38375
(39283,1) 19259
(18370,1) 4995
(9643,1) 18532
(98877,1) 18247
(95273,1) 17935
(2321,1) 18878
(85229,1) 6982
(23711,1) 17457
(43493,1) 18277
(6645,1) 18030
(68139,1) 19762
(26627,1) 35408
(97960,1) 18549
(90136,1) 36836
(2482,1) 19639
(17382,1) 1
(26986,1) 19128
(68999,1) 18176
(58687,1) 19831
(79032,1) 18972
(89856,1) 18509
(19441,1) 38332
