(23572,1) 132680
(55942,1) 132260
(76790,1) 139858
(51215,1) 141959
(76127,1) 139260
(65573,1) 139425
(75894,1) 140646
(7973,1) 132198
(97731,1) 139718
(95095,1) 144276
(68034,1) 21327
(67660,1) 141800
(15139,1) 21291
(40798,1) 141964
(14438,1) 8
(83414,1) 138899
(72876,1) 126417
(10846,1) 134182
(27442,1) 142552
(62169,1) 139738
(28655,1) 7
(47333,1) 140974
(60958,1) 140548
(23695,1) 141530
(6143,1) 140509
(82751,1) 283904
(99280,1) 132447
(16808,1) 270227
(92178,1) 279011
(96693,1) 126084
(96655,1) 134677
(48123,1) 132965
(91845,1) 134738
(55585,1) 139910
(80550,1) 139488
(69930,1) 142111
(9008,1) 142540
(93833,1) 138455
(13318,1) 142837
(93677,1) 140647
(30881,1) 141645
(34638,1) 140206
(79433,1) 139774
(22944,1) 132077
(7904,1) 134846
(9322,1) 139026
(41589,1) 135614
(59918,1) 2
(27605,1) 282151
(2453,1) 139681
(40961,1) 278853
(31524,1) 126038
(99597,1) 8
(95150,1) 7
(69602,1) 140126
(32209,1) 7
(24085,1) 139170
(10217,1) 138837
(2130,1) 135317
(32056,1) 139110
(39494,1) 141273
(35066,1) 139775
(91531,1) 7
(40247,1) 280791
(58811,1) 21154
(45981,1) 42211
(3370,1) 144197
(71535,1) 7
(49795,1) 142193
(58836,1) 21306
(24476,1) 141125
(64833,1) 126575
(83127,1) 134965
(56565,1) 288732
(33794,1) 140422
(14294,1) 278419
(35352,1) 139504
(53756,1) 141610
(14357,1) 140979
(73409,1) 134565
(61612,1) 126411
(24896,1) 138769
(86444,1) 140989
(1499,1) 135261
(97909,1) 144977
(85153,1) 142158
(10023,1) 139657
(15064,1) 7
(72015,1) 126575
(98391,1) 139754
(36120,1) 134617
(8245,1) 140777
(3695,1) 125747
(43963,1) 142894
(59364,1) 139285
(60141,1) 144004
(95133,1) 141018
(34068,1) 138888
(82024,1) 139629
(18539,1) 141058
(4986,1) 139565
(40831,1) 144371
(36000,1) 139415
(25271,1) 8
(21529,1) 7
(11698,1) 276671
(59696,1) 8
(77962,1) 141184
(14243,1) 21140
(19824,1) 140031
(55082,1) 251528
(21623,1) 139082
(66011,1) 139097
(88832,1) 138406
(43538,1) 140511
(44856,1) 7
(45056,1) 139889
(74833,1) 141771
(53471,1) 138249
(40429,1) 135241
(44699,1) 7
(83134,1) 282138
(92078,1) 144072
(95793,1) 279936
(58194,1) 135395
(61440,1) 138671
(26187,1) 284585
(19069,1) 132654
(87204,1) 142403
(90416,1) 132359
(31236,1) 21299
(79991,1) 138947
(56247,1) 8
(4391,1) 135715
(87993,1) 21024
(20493,1) 143870
(16310,1) 269512
(2646,1) 144136
(89129,1) 138408
(99220,1) 139006
(46786,1) 141967
(74127,1) 134842
(27511,1) 139194
(17181,1) 135583
(83460,1) 141362
(69784,1) 264791
(64885,1) 7
(31862,1) 140956
(82944,1) 141602
(56889,1) 139533
(42146,1) 134488
(64413,1) 139551
(38768,1) 139589
(1517,1) 139111
(95159,1) 139166
(56592,1) 141148
(62235,1) 141737
(93534,1) 125950
(57210,1) 21349
(56561,1) 139063
