(72,1) 463009
(20,1) 467676
(66,1) 464936
(28,1) 469049
(89,1) 459239
(43,1) 457454
(37,1) 396013
(3,1) 473662
(14,1) 393359
(40,1) 393374
(52,1) 463349
(92,1) 396014
(75,1) 462068
(48,1) 468036
(23,1) 461788
(69,1) 463367
(86,1) 460599
(83,1) 401676
(34,1) 393371
(17,1) 398855
(55,1) 462074
(6,1) 398869
(97,1) 398883
(51,1) 455162
(26,1) 393374
(80,1) 473771
(41,1) 398888
(49,1) 468923
(68,1) 468942
(12,1) 393359
(35,1) 466469
(54,1) 473673
(5,1) 463865
(94,1) 401675
(71,1) 461801
(77,1) 463005
(21,1) 459765
(29,1) 465237
(46,1) 468921
(88,1) 469630
(63,1) 459750
(60,1) 465252
(15,1) 455155
(0,1) 398894
(91,1) 396010
(8,1) 398879
(32,1) 467691
(57,1) 459219
(74,1) 466441
(24,1) 395994
(47,1) 469658
(99,1) 401688
(82,1) 465115
(85,1) 401672
(33,1) 497669
(10,1) 393368
(7,1) 473790
(79,1) 398906
(18,1) 457451
(56,1) 396006
(73,1) 458989
(96,1) 468024
(44,1) 463605
(27,1) 462071
(65,1) 469802
(2,1) 473775
(62,1) 460595
(13,1) 462990
(30,1) 469637
(38,1) 466462
(93,1) 455182
(59,1) 401684
(76,1) 469819
(22,1) 463844
(45,1) 463878
(64,1) 463634
(87,1) 464929
(84,1) 467663
(61,1) 468028
(1,1) 469027
(31,1) 401689
(16,1) 393357
(39,1) 464931
(9,1) 465248
(90,1) 458995
(58,1) 463335
(50,1) 460592
(98,1) 461809
(25,1) 465135
(42,1) 395993
(81,1) 473672
(67,1) 457434
(36,1) 459769
(4,1) 469029
(11,1) 396017
(78,1) 459222
(53,1) 401675
(19,1) 465107
(70,1) 459001
(95,1) 469810
