(72,1) 457061
(20,1) 482455
(66,1) 474825
(89,1) 482472
(28,1) 514842
(43,1) 457022
(3,1) 514824
(37,1) 476891
(40,1) 463666
(14,1) 486623
(52,1) 476899
(92,1) 486618
(75,1) 472797
(48,1) 447543
(23,1) 504519
(69,1) 447548
(86,1) 457064
(83,1) 447558
(34,1) 457071
(17,1) 457049
(55,1) 457052
(6,1) 452042
(97,1) 452055
(51,1) 452061
(26,1) 504520
(80,1) 463659
(41,1) 484538
(68,1) 463665
(49,1) 447563
(12,1) 482460
(35,1) 463670
(54,1) 452046
(5,1) 452056
(94,1) 452064
(71,1) 514821
(77,1) 463628
(21,1) 486621
(29,1) 472778
(63,1) 452050
(88,1) 484521
(46,1) 452057
(60,1) 514825
(15,1) 447541
(0,1) 482463
(91,1) 452047
(8,1) 463647
(32,1) 457048
(57,1) 486625
(74,1) 447559
(24,1) 486641
(47,1) 463654
(99,1) 457058
(82,1) 447544
(85,1) 463668
(33,1) 452062
(10,1) 516883
(7,1) 514832
(79,1) 447555
(18,1) 452030
(56,1) 452022
(73,1) 472831
(96,1) 476905
(44,1) 484531
(27,1) 463645
(65,1) 463682
(2,1) 486609
(62,1) 486603
(13,1) 474853
(30,1) 463669
(38,1) 486620
(93,1) 457072
(76,1) 482475
(59,1) 484535
(22,1) 447576
(45,1) 463672
(64,1) 482451
(87,1) 514815
(84,1) 482438
(61,1) 504520
(1,1) 484533
(31,1) 482443
(16,1) 484529
(9,1) 463635
(39,1) 486610
(90,1) 514839
(58,1) 514833
(25,1) 484525
(98,1) 474824
(50,1) 484530
(42,1) 457032
(81,1) 447559
(67,1) 452047
(36,1) 514815
(4,1) 457057
(11,1) 457064
(78,1) 484557
(53,1) 457063
(19,1) 447575
(70,1) 447565
(95,1) 447554
