1 4634006024
2 8980288024
2 8979499024
2 8980134024
2 8966083024
2 9137262024
2 8979712024
2 9040344024
2 8979829024
2 8979516024
2 8979982024
4 17947312024
4 17943164024
4 17953144024
4 17954378024
4 17864866024
4 17955794024
4 18196798024
4 17966693024
4 17954695024
4 18665073024
8 35288437024
8 37314796024
8 35889783024
8 37314627024
8 36957513024
8 36865610024
8 36027432024
8 36188922024
8 36014267024
8 35919747024
16 72018097024
16 74602058024
16 71465741024
16 74605061024
16 74604550024
16 71937051024
16 71119857024
16 71774386024
16 71768629024
16 71947684024
32 127025279024
32 126810900024
32 126538150024
32 123821720024
32 126816881024
32 126924637024
32 127016957024
32 126880779024
32 126888215024
32 125580969024
48 155931814024
48 157009874024
48 156853928024
48 156205702024
48 155194805024
48 156539615024
48 156006979024
48 156049712024
48 156902474024
48 155259782024
