1 93004174.04218976 93008020.73985885 93000327.34452067 93014144.60866547 92967256.41183574
2 183785677.3315383 186216806.99989137 181354547.6631852 192179970.2530262 167929419.45802876
4 381848163.53062284 384245908.71387833 379450418.34736735 384479822.96076995 357055711.48462325
8 762589654.5318935 766957333.7575146 758221975.3062724 769062415.0323517 720943952.6440828
16 1478790465.6359076 1485357877.571044 1472223053.7007713 1537995440.3190153 1442407819.5182865
32 3063440906.0868964 3068595258.811019 3058286553.362774 3075882794.7674246 3014731502.4563484
48 4594358386.312808 4601770647.701455 4586946124.924161 4613508867.276813 4536324095.886448
64 5184779881.467212 5191759150.349867 5177800612.584557 5212374918.319444 5118923836.0802145
70 5404030552.844051 5410217241.690373 5397843863.997729 5443511255.655894 5370541938.876754
86 5973023873.904971 5985306420.699333 5960741327.110609 6028884223.670979 5875177593.786442
96 6317895523.833786 6327659121.606491 6308131926.061081 6365066312.767101 6264708499.434454
