1 93007634.17579587 93011823.74604376 93003444.60554798 93018840.18010716 92962468.83585049
2 183816944.01678032 186282573.17232132 181351314.8612393 192185233.2686978 167104471.4599276
4 381845573.78931296 384243782.1118751 379447365.4667508 384478375.2474936 357025120.12004936
8 762592550.8681715 766953134.732975 758231967.0033679 769070855.9422213 721162934.1132092
16 1478813685.8106837 1485381346.175601 1472246025.4457664 1538017618.7197835 1442400607.8828936
32 3063443375.5373836 3068604489.318421 3058282261.756346 3075894584.900987 3014734022.9464817
48 4594342228.440515 4601760342.277834 4586924114.603195 4613527612.647552 4536352300.374934
64 5184785930.671756 5191765457.85089 5177806403.492621 5212221904.626124 5118856570.737764
70 5404032236.091106 5410235531.526196 5397828940.656017 5443430886.447501 5370047351.314685
86 5973004802.427799 5985297661.763486 5960711943.092113 6028914741.544875 5875230590.710493
96 6317942622.869894 6327696965.309647 6308188280.430141 6365105203.621857 6264686630.961538
