1 93005903.08697239 93009635.33841151 93002170.83553326 93011059.73083527 92964863.59970365
2 183799850.2386684 186240918.98416176 181358781.49317506 192181242.46378276 167515914.16189906
4 381846868.3163425 384244843.0190219 379448893.613663 384473368.1585889 357040416.7080948
8 762591101.3438795 766955224.0085013 758226978.6792576 769066635.8611094 721053403.6939005
16 1478802074.5318258 1485369591.4534774 1472234557.6101742 1538006527.7168658 1442404213.5965056
32 3063442140.763722 3068599867.923287 3058284413.604157 3075888689.916765 3014732762.7313094
48 4594350306.93541 4601765480.861733 4586935133.009086 4613518239.593879 4536338197.284253
64 5184782904.544312 5191762254.852408 5177803554.236215 5212298410.261346 5118890204.93879
70 5404031392.778952 5410226334.5180645 5397836451.039839 5443471070.482173 5370294634.653189
86 5973014336.995773 5985302016.783837 5960726657.207709 6028899483.517644 5875204091.568805
96 6317919073.203234 6327678026.585517 6308160119.8209505 6365085757.678608 6264697566.576706
